7450-671179
OS REV: 1.04 Sensor Cal: 1560966684
Time (sec),  BV (Volts),  T (deg C),  DO (mg/l),  Q ()
1600040040,+3.10,+17.771, +8.474,+0.973
1600040640,+3.10,+17.763, +8.477,+0.973
1600041240,+3.10,+17.763, +8.488,+0.973
1600041840,+3.10,+17.763, +8.396,+0.972
1600042440,+3.10,+17.763, +8.409,+0.973
1600043040,+3.10,+17.746, +8.468,+0.973
1600043640,+3.10,+17.771, +8.471,+0.973
1600044240,+3.10,+17.788, +8.442,+0.973
1600044840,+3.10,+17.780, +8.475,+0.973
1600045440,+3.10,+17.754, +8.473,+0.973
1600046040,+3.10,+17.746, +8.473,+0.973
1600046640,+3.10,+17.780, +8.455,+0.973
1600047240,+3.10,+17.771, +8.449,+0.973
1600047840,+3.10,+17.754, +8.444,+0.973
1600048440,+3.10,+17.771, +8.509,+0.973
1600049040,+3.10,+17.746, +8.577,+0.973
1600049640,+3.10,+17.797, +8.537,+0.973
1600050240,+3.10,+17.788, +8.539,+0.973
1600050840,+3.10,+17.788, +8.556,+0.974
1600051440,+3.10,+17.780, +8.536,+0.974
1600052040,+3.10,+17.746, +8.526,+0.973
1600052640,+3.10,+17.746, +8.534,+0.973
1600053240,+3.10,+17.738, +8.541,+0.973
1600053840,+3.10,+17.738, +8.528,+0.973
1600054440,+3.10,+17.729, +8.509,+0.973
1600055040,+3.10,+17.712, +8.519,+0.973
1600055640,+3.10,+17.704, +8.508,+0.973
1600056240,+3.10,+17.687, +8.511,+0.973
1600056840,+3.10,+17.662, +8.518,+0.973
1600057440,+3.10,+17.645, +8.522,+0.973
1600058040,+3.10,+17.645, +8.527,+0.974
1600058640,+3.10,+17.636, +8.514,+0.973
1600059240,+3.10,+17.611, +8.532,+0.973
1600059840,+3.10,+17.619, +8.525,+0.973
1600060440,+3.10,+17.585, +8.510,+0.973
1600061040,+3.10,+17.585, +8.523,+0.973
1600061640,+3.10,+17.569, +8.536,+0.973
1600062240,+3.10,+17.560, +8.499,+0.973
1600062840,+3.10,+17.535, +8.487,+0.973
1600063440,+3.10,+17.535, +8.539,+0.973
1600064040,+3.10,+17.535, +8.547,+0.973
1600064640,+3.10,+17.535, +8.553,+0.973
1600065240,+3.10,+17.526, +8.533,+0.973
1600065840,+3.10,+17.518, +8.550,+0.973
1600066440,+3.10,+17.501, +8.552,+0.973
1600067040,+3.10,+17.509, +8.553,+0.973
1600067640,+3.10,+17.492, +8.533,+0.973
1600068240,+3.10,+17.501, +8.561,+0.973
1600068840,+3.10,+17.484, +8.569,+0.974
1600069440,+3.10,+17.476, +8.559,+0.973
1600070040,+3.10,+17.459, +8.547,+0.973
1600070640,+3.10,+17.476, +8.554,+0.973
1600071240,+3.10,+17.459, +8.549,+0.972
1600071840,+3.10,+17.450, +8.564,+0.973
1600072440,+3.10,+17.467, +8.551,+0.973
1600073040,+3.10,+17.442, +8.566,+0.973
1600073640,+3.10,+17.442, +8.581,+0.973
1600074240,+3.10,+17.450, +8.583,+0.973
1600074840,+3.10,+17.425, +8.590,+0.974
1600075440,+3.10,+17.433, +8.612,+0.973
1600076040,+3.10,+17.416, +8.593,+0.973
1600076640,+3.10,+17.425, +8.608,+0.974
1600077240,+3.10,+17.408, +8.592,+0.973
1600077840,+3.10,+17.399, +8.585,+0.973
1600078440,+3.10,+17.399, +8.594,+0.973
1600079040,+3.10,+17.399, +8.605,+0.973
1600079640,+3.10,+17.416, +8.585,+0.972
1600080240,+3.10,+17.391, +8.623,+0.973
1600080840,+3.10,+17.391, +8.605,+0.973
1600081440,+3.10,+17.366, +8.587,+0.974
1600082040,+3.11,+17.366, +8.528,+0.974
1600082640,+3.10,+17.383, +8.531,+0.974
1600083240,+3.10,+17.374, +8.545,+0.973
1600083840,+3.10,+17.357, +8.551,+0.973
1600084440,+3.10,+17.349, +8.567,+0.973
1600085040,+3.10,+17.357, +8.555,+0.973
1600085640,+3.10,+17.366, +8.563,+0.973
1600086240,+3.10,+17.349, +8.558,+0.973
1600086840,+3.10,+17.349, +8.553,+0.973
1600087440,+3.10,+17.349, +8.573,+0.973
1600088040,+3.10,+17.332, +8.561,+0.974
1600088640,+3.10,+17.332, +8.563,+0.973
1600089240,+3.10,+17.340, +8.552,+0.973
1600089840,+3.10,+17.323, +8.561,+0.973
1600090440,+3.10,+17.323, +8.558,+0.973
1600091040,+3.11,+17.315, +8.558,+0.973
1600091640,+3.11,+17.306, +8.569,+0.973
1600092240,+3.11,+17.298, +8.575,+0.974
1600092840,+3.11,+17.289, +8.569,+0.973
1600093440,+3.11,+17.306, +8.557,+0.973
1600094040,+3.11,+17.289, +8.580,+0.973
1600094640,+3.11,+17.315, +8.566,+0.973
1600095240,+3.11,+17.306, +8.536,+0.973
1600095840,+3.11,+17.306, +8.555,+0.973
1600096440,+3.10,+17.306, +8.555,+0.973
1600097040,+3.11,+17.306, +8.549,+0.973
1600097640,+3.10,+17.298, +8.585,+0.973
1600098240,+3.11,+17.315, +8.597,+0.973
1600098840,+3.11,+17.298, +8.604,+0.973
1600099440,+3.11,+17.298, +8.593,+0.973
1600100040,+3.11,+17.315, +8.713,+0.973
1600100640,+3.11,+17.323, +8.646,+0.974
1600101240,+3.11,+17.332, +8.645,+0.974
1600101840,+3.11,+17.332, +8.685,+0.973
1600102440,+3.11,+17.349, +8.638,+0.973
1600103040,+3.10,+17.332, +8.632,+0.973
1600103640,+3.10,+17.366, +8.616,+0.973
1600104240,+3.10,+17.366, +8.596,+0.973
1600104840,+3.10,+17.366, +8.594,+0.973
1600105440,+3.10,+17.374, +8.553,+0.973
1600106040,+3.10,+17.383, +8.584,+0.973
1600106640,+3.10,+17.366, +8.625,+0.973
1600107240,+3.10,+17.366, +8.623,+0.973
1600107840,+3.10,+17.349, +8.592,+0.973
1600108440,+3.10,+17.357, +8.537,+0.973
1600109040,+3.10,+17.374, +8.528,+0.973
1600109640,+3.10,+17.383, +8.514,+0.973
1600110240,+3.10,+17.383, +8.504,+0.973
1600110840,+3.10,+17.399, +8.506,+0.973
1600111440,+3.10,+17.408, +8.510,+0.973
1600112040,+3.10,+17.408, +8.503,+0.973
1600112640,+3.10,+17.433, +8.524,+0.973
1600113240,+3.10,+17.459, +8.534,+0.973
1600113840,+3.10,+17.501, +8.536,+0.973
1600114440,+3.10,+17.509, +8.565,+0.973
1600115040,+3.10,+17.509, +8.534,+0.973
1600115640,+3.10,+17.492, +8.618,+0.973
1600116240,+3.10,+17.501, +8.646,+0.973
1600116840,+3.10,+17.492, +8.668,+0.973
1600117440,+3.10,+17.518, +8.681,+0.975
1600118040,+3.10,+17.535, +8.646,+0.975
1600118640,+3.10,+17.526, +8.582,+0.975
1600119240,+3.10,+17.509, +8.557,+0.974
1600119840,+3.10,+17.492, +8.554,+0.974
1600120440,+3.10,+17.526, +8.657,+0.974
1600121040,+3.10,+17.552, +8.558,+0.974
1600121640,+3.10,+17.526, +8.541,+0.974
1600122240,+3.10,+17.577, +8.558,+0.974
1600122840,+3.10,+17.433, +8.612,+0.975
1600123440,+3.10,+17.560, +8.600,+0.975
1600124040,+3.10,+17.535, +8.608,+0.975
1600124640,+3.10,+17.459, +8.553,+0.974
1600125240,+3.10,+17.433, +8.604,+0.974
1600125840,+3.10,+17.425, +8.599,+0.974
1600126440,+3.10,+17.433, +8.621,+0.974
