7450-671179
OS REV: 1.04 Sensor Cal: 1560966684
Time (sec),  BV (Volts),  T (deg C),  DO (mg/l),  Q ()
1593989460,+3.14,+17.247, +9.076,+0.979
1593990060,+3.14,+17.391, +9.042,+0.980
1593990660,+3.14,+17.374, +9.037,+0.979
1593991260,+3.14,+17.340, +8.990,+0.979
1593991860,+3.14,+17.103, +9.050,+0.979
1593992460,+3.14,+17.416, +9.036,+0.979
1593993060,+3.14,+17.569, +9.011,+0.980
1593993660,+3.14,+17.433, +9.051,+0.979
1593994260,+3.14,+17.179, +9.052,+0.979
1593994860,+3.14,+17.213, +9.056,+0.979
1593995460,+3.14,+17.247, +9.056,+0.979
1593996060,+3.14,+17.332, +9.062,+0.979
1593996660,+3.14,+17.408, +9.053,+0.980
1593997260,+3.14,+17.501, +9.025,+0.980
1593997860,+3.14,+17.526, +9.022,+0.980
1593998460,+3.14,+17.577, +8.997,+0.980
1593999060,+3.14,+17.569, +8.989,+0.979
1593999660,+3.14,+17.560, +8.982,+0.979
1594000260,+3.14,+17.585, +8.992,+0.979
1594000860,+3.14,+17.585, +8.992,+0.979
1594001460,+3.14,+17.585, +9.004,+0.979
1594002060,+3.14,+17.653, +8.990,+0.979
1594002660,+3.14,+17.602, +9.001,+0.979
1594003260,+3.14,+17.628, +8.991,+0.979
1594003860,+3.14,+17.704, +8.986,+0.979
1594004460,+3.14,+17.754, +8.969,+0.979
1594005060,+3.14,+17.746, +8.969,+0.979
1594005660,+3.14,+17.839, +8.934,+0.979
1594006260,+3.14,+17.873, +8.913,+0.980
1594006860,+3.14,+17.839, +8.926,+0.980
1594007460,+3.14,+17.754, +8.949,+0.979
1594008060,+3.14,+17.754, +8.954,+0.979
1594008660,+3.14,+17.594, +8.975,+0.979
1594009260,+3.14,+17.585, +8.971,+0.980
1594009860,+3.14,+17.560, +8.968,+0.979
1594010460,+3.14,+17.569, +8.966,+0.980
1594011060,+3.14,+17.738, +8.914,+0.979
1594011660,+3.14,+17.780, +8.889,+0.979
1594012260,+3.14,+17.729, +8.901,+0.979
1594012860,+3.14,+17.695, +8.907,+0.979
1594013460,+3.14,+17.670, +8.875,+0.979
1594014060,+3.14,+17.653, +8.890,+0.980
1594014660,+3.14,+17.653, +8.859,+0.979
1594015260,+3.14,+17.653, +8.856,+0.979
1594015860,+3.14,+17.645, +8.863,+0.980
1594016460,+3.14,+17.636, +8.858,+0.979
1594017060,+3.14,+17.636, +8.839,+0.978
1594017660,+3.14,+17.636, +8.839,+0.979
1594018260,+3.14,+17.594, +8.847,+0.979
1594018860,+3.14,+17.560, +8.874,+0.979
1594019460,+3.14,+17.543, +8.855,+0.979
1594020060,+3.14,+17.501, +8.864,+0.979
1594020660,+3.14,+17.484, +8.861,+0.979
1594021260,+3.14,+17.467, +8.840,+0.979
1594021860,+3.14,+17.459, +8.841,+0.979
1594022460,+3.14,+17.425, +8.861,+0.979
1594023060,+3.14,+17.467, +8.846,+0.979
1594023660,+3.14,+17.442, +8.841,+0.979
1594024260,+3.14,+17.425, +8.847,+0.979
1594024860,+3.14,+17.459, +8.847,+0.979
1594025460,+3.14,+17.459, +8.850,+0.980
1594026060,+3.14,+17.476, +8.840,+0.979
1594026660,+3.14,+17.484, +8.834,+0.979
1594027260,+3.14,+17.459, +8.838,+0.979
1594027860,+3.14,+17.442, +8.836,+0.979
1594028460,+3.14,+17.399, +8.845,+0.979
1594029060,+3.14,+17.391, +8.834,+0.979
1594029660,+3.14,+17.349, +8.857,+0.980
1594030260,+3.14,+17.323, +8.854,+0.979
1594030860,+3.14,+17.315, +8.846,+0.979
1594031460,+3.14,+17.306, +8.852,+0.980
1594032060,+3.14,+17.281, +8.839,+0.979
1594032660,+3.14,+17.272, +8.847,+0.980
1594033260,+3.14,+17.239, +8.851,+0.980
1594033860,+3.14,+17.222, +8.835,+0.979
1594034460,+3.14,+17.196, +8.853,+0.980
1594035060,+3.14,+17.154, +8.843,+0.980
1594035660,+3.14,+17.171, +8.837,+0.979
1594036260,+3.14,+17.120, +8.846,+0.980
1594036860,+3.14,+17.086, +8.837,+0.979
1594037460,+3.14,+17.044, +8.852,+0.980
1594038060,+3.14,+17.044, +8.843,+0.980
1594038660,+3.14,+17.018, +8.847,+0.980
1594039260,+3.14,+16.959, +8.851,+0.980
1594039860,+3.14,+16.925, +8.850,+0.979
1594040460,+3.14,+16.933, +8.843,+0.979
1594041060,+3.14,+16.891, +8.842,+0.979
1594041660,+3.14,+16.899, +8.844,+0.979
1594042260,+3.14,+16.883, +8.829,+0.979
1594042860,+3.14,+16.840, +8.855,+0.979
1594043460,+3.14,+16.840, +8.851,+0.980
1594044060,+3.14,+16.806, +8.852,+0.979
1594044660,+3.14,+16.849, +8.749,+0.979
1594045260,+3.14,+16.815, +8.847,+0.979
1594045860,+3.14,+16.840, +8.840,+0.979
1594046460,+3.14,+16.840, +8.853,+0.979
1594047060,+3.14,+16.866, +8.848,+0.979
1594047660,+3.14,+16.866, +8.846,+0.979
1594048260,+3.14,+16.908, +8.846,+0.979
1594048860,+3.14,+16.933, +8.858,+0.980
1594049460,+3.14,+16.908, +8.857,+0.979
1594050060,+3.14,+16.883, +8.862,+0.979
1594050660,+3.14,+16.925, +8.852,+0.979
1594051260,+3.14,+16.925, +8.856,+0.979
1594051860,+3.14,+16.942, +8.856,+0.979
1594052460,+3.14,+16.993, +8.878,+0.980
1594053060,+3.14,+17.086, +8.847,+0.979
1594053660,+3.14,+17.095, +8.848,+0.979
1594054260,+3.14,+17.128, +8.844,+0.980
1594054860,+3.14,+17.112, +8.839,+0.979
1594055460,+3.14,+17.095, +8.881,+0.979
1594056060,+3.14,+17.128, +8.883,+0.979
1594056660,+3.14,+17.137, +8.889,+0.979
1594057260,+3.14,+17.171, +8.890,+0.979
1594057860,+3.14,+17.264, +8.946,+0.979
1594058460,+3.14,+17.357, +8.887,+0.979
1594059060,+3.14,+17.315, +8.896,+0.979
1594059660,+3.14,+17.264, +8.902,+0.979
1594060260,+3.14,+17.408, +8.948,+0.980
1594060860,+3.14,+17.476, +8.910,+0.979
1594061460,+3.14,+17.569, +8.944,+0.979
1594062060,+3.14,+17.459, +8.882,+0.980
1594062660,+3.14,+17.602, +8.911,+0.979
1594063260,+3.14,+17.425, +8.917,+0.979
1594063860,+3.14,+17.416, +8.883,+0.979
1594064460,+3.14,+17.450, +8.866,+0.979
1594065060,+3.14,+17.399, +8.902,+0.980
1594065660,+3.14,+17.306, +8.910,+0.979
1594066260,+3.14,+17.315, +8.914,+0.979
1594066860,+3.14,+17.450, +8.892,+0.979
1594067460,+3.14,+17.408, +8.898,+0.979
1594068060,+3.14,+17.425, +8.906,+0.979
1594068660,+3.14,+17.391, +8.902,+0.979
1594069260,+3.14,+17.915, +8.896,+0.980
1594069860,+3.14,+17.898, +8.886,+0.979
1594070460,+3.14,+17.864, +8.893,+0.979
1594071060,+3.14,+17.814, +8.879,+0.979
1594071660,+3.13,+17.814, +8.901,+0.979
1594072260,+3.13,+17.771, +8.928,+0.979
1594072860,+3.14,+17.957, +8.862,+0.979
1594073460,+3.14,+17.509, +8.998,+0.979
1594074060,+3.14,+17.577, +9.015,+0.980
1594074660,+3.14,+18.025, +8.950,+0.979
1594075260,+3.14,+17.890, +8.966,+0.979
1594075860,+3.14,+18.075, +8.982,+0.979
