7450-671179
OS REV: 1.04 Sensor Cal: 1560966684
Time (sec),  BV (Volts),  T (deg C),  DO (mg/l),  Q ()
1633515540,+3.02,+12.501, +9.224,+0.973
1633516140,+3.02,+12.509, +9.230,+0.973
1633516740,+3.02,+12.518, +9.220,+0.973
1633517340,+3.02,+12.501, +9.224,+0.973
1633517940,+3.02,+12.492, +9.222,+0.973
1633518540,+3.02,+12.501, +9.190,+0.973
1633519140,+3.02,+12.474, +9.193,+0.973
1633519740,+3.02,+12.483, +9.178,+0.973
1633520340,+3.02,+12.474, +9.197,+0.973
1633520940,+3.02,+12.483, +9.186,+0.973
1633521540,+3.01,+12.474, +9.211,+0.974
1633522140,+3.01,+12.474, +9.219,+0.973
1633522740,+3.02,+12.492, +9.219,+0.973
1633523340,+3.02,+12.483, +9.206,+0.973
1633523940,+3.02,+12.474, +9.197,+0.973
1633524540,+3.01,+12.465, +9.212,+0.974
1633525140,+3.02,+12.483, +9.197,+0.973
1633525740,+3.01,+12.465, +9.194,+0.973
1633526340,+3.01,+12.483, +9.155,+0.973
1633526940,+3.02,+12.474, +9.175,+0.973
1633527540,+3.02,+12.448, +9.206,+0.973
1633528140,+3.02,+12.448, +9.226,+0.974
1633528740,+3.02,+12.474, +9.228,+0.973
1633529340,+3.02,+12.439, +9.237,+0.973
1633529940,+3.01,+12.439, +9.241,+0.973
1633530540,+3.02,+12.456, +9.224,+0.973
1633531140,+3.02,+12.456, +9.232,+0.973
1633531740,+3.02,+12.456, +9.242,+0.973
1633532340,+3.02,+12.448, +9.247,+0.973
1633532940,+3.01,+12.474, +9.241,+0.973
1633533540,+3.01,+12.448, +9.240,+0.973
1633534140,+3.02,+12.474, +9.250,+0.974
1633534740,+3.01,+12.456, +9.260,+0.973
1633535340,+3.01,+12.465, +9.254,+0.973
1633535940,+3.02,+12.465, +9.253,+0.973
1633536540,+3.01,+12.456, +9.251,+0.973
1633537140,+3.01,+12.456, +9.253,+0.973
1633537740,+3.02,+12.448, +9.275,+0.974
1633538340,+3.02,+12.465, +9.265,+0.974
1633538940,+3.02,+12.456, +9.241,+0.973
1633539540,+3.01,+12.448, +9.240,+0.973
1633540140,+3.01,+12.465, +9.236,+0.974
1633540740,+3.02,+12.439, +9.227,+0.973
1633541340,+3.01,+12.430, +9.224,+0.973
1633541940,+3.02,+12.439, +9.226,+0.973
1633542540,+3.01,+12.456, +9.225,+0.973
1633543140,+3.02,+12.430, +9.262,+0.974
1633543740,+3.01,+12.430, +9.266,+0.974
1633544340,+3.01,+12.439, +9.270,+0.973
1633544940,+3.01,+12.439, +9.259,+0.973
1633545540,+3.01,+12.439, +9.262,+0.973
1633546140,+3.01,+12.439, +9.261,+0.973
1633546740,+3.01,+12.430, +9.283,+0.974
1633547340,+3.01,+12.403, +9.277,+0.973
1633547940,+3.01,+12.448, +9.264,+0.973
1633548540,+3.01,+12.412, +9.279,+0.974
1633549140,+3.01,+12.439, +9.291,+0.973
1633549740,+3.02,+12.483, +9.343,+0.973
1633550340,+3.01,+12.527, +9.393,+0.973
1633550940,+3.01,+12.536, +9.407,+0.973
1633551540,+3.01,+12.571, +9.396,+0.973
1633552140,+3.02,+12.571, +9.333,+0.973
1633552740,+3.01,+12.527, +9.349,+0.974
1633553340,+3.02,+12.545, +9.339,+0.974
1633553940,+3.01,+12.536, +9.319,+0.973
1633554540,+3.02,+12.536, +9.333,+0.974
1633555140,+3.02,+12.562, +9.328,+0.973
1633555740,+3.02,+12.571, +9.338,+0.974
1633556340,+3.01,+12.589, +9.332,+0.974
1633556940,+3.01,+12.571, +9.319,+0.973
1633557540,+3.01,+12.571, +9.322,+0.973
1633558140,+3.01,+12.554, +9.316,+0.973
1633558740,+3.02,+12.571, +9.308,+0.973
1633559340,+3.02,+12.536, +9.318,+0.973
1633559940,+3.01,+12.501, +9.336,+0.974
1633560540,+3.02,+12.501, +9.342,+0.973
1633561140,+3.01,+12.518, +9.336,+0.973
1633561740,+3.01,+12.501, +9.341,+0.974
1633562340,+3.02,+12.536, +9.358,+0.973
1633562940,+3.01,+12.518, +9.352,+0.973
1633563540,+3.01,+12.509, +9.352,+0.974
1633564140,+3.01,+12.501, +9.332,+0.974
1633564740,+3.02,+12.509, +9.300,+0.973
1633565340,+3.02,+12.492, +9.309,+0.973
1633565940,+3.02,+12.474, +9.300,+0.974
1633566540,+3.01,+12.483, +9.288,+0.973
1633567140,+3.01,+12.483, +9.297,+0.973
1633567740,+3.02,+12.465, +9.300,+0.974
1633568340,+3.01,+12.448, +9.277,+0.973
1633568940,+3.02,+12.456, +9.275,+0.973
1633569540,+3.01,+12.456, +9.261,+0.974
1633570140,+3.02,+12.483, +9.256,+0.973
1633570740,+3.02,+12.483, +9.280,+0.973
1633571340,+3.02,+12.483, +9.291,+0.974
1633571940,+3.02,+12.492, +9.282,+0.973
1633572540,+3.01,+12.465, +9.270,+0.973
1633573140,+3.02,+12.483, +9.244,+0.973
1633573740,+3.01,+12.456, +9.275,+0.973
1633574340,+3.01,+12.474, +9.248,+0.974
1633574940,+3.01,+12.465, +9.245,+0.973
1633575540,+3.01,+12.439, +9.256,+0.973
1633576140,+3.02,+12.456, +9.237,+0.973
1633576740,+3.01,+12.448, +9.248,+0.973
1633577340,+3.01,+12.421, +9.258,+0.974
1633577940,+3.01,+12.456, +9.212,+0.973
1633578540,+3.01,+12.430, +9.212,+0.973
1633579140,+3.01,+12.412, +9.223,+0.973
1633579740,+3.01,+12.421, +9.267,+0.973
1633580340,+3.01,+12.430, +9.272,+0.973
1633580940,+3.01,+12.430, +9.245,+0.973
1633581540,+3.01,+12.439, +9.237,+0.973
1633582140,+3.01,+12.439, +9.245,+0.973
1633582740,+3.01,+12.421, +9.268,+0.974
1633583340,+3.01,+12.412, +9.272,+0.974
1633583940,+3.01,+12.412, +9.257,+0.973
1633584540,+3.01,+12.430, +9.230,+0.973
1633585140,+3.01,+12.421, +9.246,+0.973
1633585740,+3.01,+12.412, +9.237,+0.973
1633586340,+3.01,+12.403, +9.265,+0.974
1633586940,+3.01,+12.412, +9.247,+0.973
1633587540,+3.01,+12.403, +9.228,+0.973
1633588140,+3.01,+12.403, +9.285,+0.974
1633588740,+3.01,+12.386, +9.271,+0.974
1633589340,+3.01,+12.394, +9.247,+0.973
1633589940,+3.01,+12.394, +9.253,+0.973
1633590540,+3.01,+12.386, +9.242,+0.973
1633591140,+3.01,+12.386, +9.251,+0.973
1633591740,+3.01,+12.394, +9.240,+0.974
1633592340,+3.01,+12.412, +9.223,+0.973
1633592940,+3.01,+12.368, +9.221,+0.973
1633593540,+3.01,+12.359, +9.227,+0.974
1633594140,+3.01,+12.359, +9.236,+0.973
1633594740,+3.01,+12.377, +9.227,+0.974
1633595340,+3.01,+12.359, +9.222,+0.973
1633595940,+3.01,+12.359, +9.214,+0.973
1633596540,+3.01,+12.368, +9.217,+0.973
1633597140,+3.01,+12.324, +9.245,+0.973
1633597740,+3.01,+12.332, +9.222,+0.973
1633598340,+3.01,+12.306, +9.240,+0.973
1633598940,+3.01,+12.341, +9.240,+0.973
1633599540,+3.01,+12.350, +9.250,+0.973
1633600140,+3.01,+12.341, +9.245,+0.973
1633600740,+3.01,+12.332, +9.245,+0.973
1633601340,+3.01,+12.324, +9.258,+0.974
1633601940,+3.01,+12.341, +9.235,+0.973
