1,0/0/0,0:0:0,+2.47,+228.7,+2.47,+14.4,-0.4,+0.6,+0,-1.63,-1.86
1,1/1/0,0:30:0,+1.07,+209.5,+2.60,+14.8,-0.6,+0.8,+0,-0.93,-0.53
1,1/1/0,1:0:0,+0.88,+181.1,+2.34,+15.0,-0.6,+0.7,+0,-0.88,-0.02
1,1/1/0,1:30:0,+1.45,+205.1,+4.67,+15.6,-0.5,+1.0,+0,-1.31,-0.62
1,1/1/0,2:0:0,+1.28,+189.5,+3.57,+15.8,-0.6,+0.7,+0,-1.26,-0.21
1,1/1/0,2:30:0,+1.27,+183.8,+2.94,+16.1,-0.7,+0.8,+0,-1.26,-0.08
1,1/1/0,3:0:0,+1.15,+191.5,+4.50,+16.7,-0.5,+0.8,+0,-1.13,-0.23
1,1/1/0,3:30:0,+1.65,+223.1,+3.81,+16.9,-0.5,+1.0,+0,-1.20,-1.12
1,1/1/0,4:0:0,+0.68,+157.4,+2.22,+17.1,-0.5,+0.7,+0,-0.62,+0.26
1,1/1/0,4:30:0,+0.75,+156.4,+1.55,+17.0,-0.6,+0.9,+0,-0.68,+0.30
1,1/1/0,5:0:0,+1.03,+202.8,+3.17,+17.3,-0.8,+0.9,+0,-0.95,-0.40
1,1/1/0,5:30:0,+1.56,+223.6,+3.64,+17.7,-0.4,+0.8,+0,-1.13,-1.07
1,1/1/0,6:0:0,+1.02,+225.6,+4.03,+17.5,-0.5,+0.8,+0,-0.71,-0.73
1,1/1/0,6:30:0,+0.70,+224.0,+2.08,+17.5,-0.5,+0.6,+0,-0.50,-0.49
1,1/1/0,7:0:0,+1.09,+220.2,+3.20,+18.0,-0.6,+0.8,+0,-0.83,-0.70
1,1/1/0,7:30:0,+0.77,+232.0,+4.43,+17.6,-0.5,+0.9,+0,-0.47,-0.60
1,1/1/0,8:0:0,+0.42,+97.1,+1.49,+16.9,-0.5,+0.8,+0,-0.05,+0.42
1,1/1/0,8:30:0,+0.38,+37.8,+1.21,+16.0,-0.6,+0.8,+0,+0.30,+0.23
1,1/1/0,9:0:0,+0.39,+13.0,+0.90,+14.8,-0.5,+0.8,+0,+0.38,+0.09
1,1/1/0,9:30:0,+0.38,+347.3,+0.76,+13.0,-0.4,+0.7,+0,+0.37,-0.08
1,1/1/0,10:0:0,+0.42,+339.8,+0.73,+11.9,-0.4,+0.8,+0,+0.39,-0.14
1,1/1/0,10:30:0,+0.35,+355.6,+0.68,+11.1,-0.7,+0.8,+0,+0.35,-0.03
1,1/1/0,11:0:0,+0.38,+351.2,+0.86,+10.2,-0.4,+0.8,+0,+0.38,-0.06
1,1/1/0,11:30:0,+0.42,+349.0,+0.82,+9.6,-0.8,+0.9,+0,+0.41,-0.08
1,1/1/0,12:0:0,+0.38,+339.8,+0.77,+9.3,-0.3,+1.0,+0,+0.36,-0.13
1,1/1/0,12:30:0,+0.31,+315.9,+0.81,+8.6,-0.5,+0.9,+0,+0.22,-0.22
1,1/1/0,13:0:0,+0.21,+293.8,+0.52,+8.0,-0.3,+0.7,+0,+0.08,-0.19
1,1/1/0,13:30:0,+0.25,+315.6,+0.60,+7.6,-0.4,+0.7,+0,+0.18,-0.17
1,1/1/0,14:0:0,+0.32,+338.9,+0.59,+7.3,-0.5,+0.8,+0,+0.30,-0.12
1,1/1/0,14:30:0,+0.35,+347.9,+0.68,+7.3,-0.5,+0.8,+0,+0.34,-0.07
1,1/1/0,15:0:0,+0.35,+313.6,+0.53,+7.0,-0.6,+0.7,+0,+0.24,-0.25
1,1/1/0,15:30:0,+0.24,+321.8,+0.50,+6.6,-0.3,+0.9,+0,+0.19,-0.15
1,1/1/0,16:0:0,+0.16,+317.7,+0.45,+6.2,-0.4,+0.7,+0,+0.12,-0.11
1,1/1/0,16:30:0,+0.34,+348.5,+0.74,+6.1,-0.4,+0.8,+0,+0.34,-0.07
1,1/1/0,17:0:0,+0.30,+325.5,+0.66,+5.9,-0.5,+0.7,+0,+0.25,-0.17
1,1/1/0,17:30:0,+0.19,+325.8,+0.42,+5.6,-0.4,+0.8,+0,+0.16,-0.11
1,1/1/0,18:0:0,+0.29,+342.7,+0.68,+5.3,-0.6,+0.8,+0,+0.28,-0.09
1,1/1/0,18:30:0,+0.24,+302.0,+0.68,+5.1,-0.5,+0.7,+0,+0.13,-0.21
1,1/1/0,19:0:0,+0.27,+348.2,+0.58,+5.2,-0.4,+0.8,+0,+0.27,-0.06
1,1/1/0,19:30:0,+0.24,+345.3,+0.80,+5.3,-0.4,+0.7,+0,+0.23,-0.06
1,1/1/0,20:0:0,+0.24,+330.5,+0.48,+5.4,-0.6,+0.8,+0,+0.21,-0.12
1,1/1/0,20:30:0,+0.20,+345.7,+0.45,+5.9,-0.6,+0.8,+0,+0.19,-0.05
1,1/1/0,21:0:0,+0.49,+85.4,+1.09,+7.3,-0.4,+0.9,+0,+0.04,+0.49
1,1/1/0,21:30:0,+0.82,+87.2,+1.52,+9.1,-0.4,+0.8,+0,+0.04,+0.82
1,1/1/0,22:0:0,+0.86,+92.8,+1.77,+10.7,-0.6,+0.8,+0,-0.04,+0.86
1,1/1/0,22:30:0,+0.72,+110.8,+1.66,+12.1,-0.6,+0.7,+0,-0.26,+0.68
1,1/1/0,23:0:0,+1.10,+103.2,+1.57,+14.2,-0.4,+0.8,+0,-0.25,+1.07
1,1/1/0,23:30:0,+0.74,+179.6,+1.57,+15.7,-0.9,+1.0,+0,-0.74,+0.01
1,2/1/0,0:0:0,+0.97,+125.0,+2.75,+17.1,-0.5,+0.8,+0,-0.56,+0.80
1,2/1/0,0:30:0,+0.79,+133.1,+1.69,+18.4,-0.4,+0.9,+0,-0.54,+0.58
1,2/1/0,1:0:0,+1.15,+198.6,+2.30,+19.7,-0.6,+0.8,+0,-1.09,-0.37
1,2/1/0,1:30:0,+1.22,+110.7,+3.10,+20.3,-0.6,+1.0,+0,-0.43,+1.15
1,2/1/0,2:0:0,+1.14,+155.1,+3.48,+21.1,-1.0,+0.9,+0,-1.04,+0.48
1,2/1/0,2:30:0,+1.46,+203.7,+3.04,+21.5,-0.7,+0.7,+0,-1.33,-0.59
1,2/1/0,3:0:0,+1.27,+210.6,+3.15,+22.0,-0.5,+0.8,+0,-1.09,-0.64
1,2/1/0,3:30:0,+1.54,+210.2,+4.02,+22.7,-0.7,+0.8,+0,-1.33,-0.78
1,2/1/0,4:0:0,+1.91,+217.6,+5.45,+23.2,-0.7,+0.8,+0,-1.51,-1.16
1,2/1/0,4:30:0,+1.53,+212.3,+3.38,+23.6,-0.7,+0.8,+0,-1.30,-0.82
1,2/1/0,5:0:0,+1.42,+193.7,+3.66,+24.0,-0.9,+0.8,+0,-1.38,-0.34
1,2/1/0,5:30:0,+1.65,+214.4,+4.69,+24.2,-0.6,+0.8,+0,-1.36,-0.93
1,2/1/0,6:0:0,+1.10,+203.9,+3.17,+24.4,-0.8,+0.6,+0,-1.01,-0.45
1,2/1/0,6:30:0,+0.96,+209.6,+2.64,+24.8,-0.7,+0.6,+0,-0.83,-0.47
1,2/1/0,7:0:0,+0.68,+206.9,+4.52,+24.7,-0.7,+0.5,+0,-0.61,-0.31
1,2/1/0,7:30:0,+0.72,+227.2,+2.15,+23.9,-0.8,+0.8,+0,-0.49,-0.52
1,2/1/0,8:0:0,+0.41,+234.5,+2.78,+22.9,-0.7,+0.9,+0,-0.24,-0.33
1,2/1/0,8:30:0,+0.34,+221.3,+0.92,+22.1,-0.7,+1.0,+0,-0.25,-0.22
1,2/1/0,9:0:0,+0.27,+297.9,+0.74,+21.1,-0.5,+0.9,+0,+0.13,-0.24
1,2/1/0,9:30:0,+0.35,+20.0,+0.89,+19.8,-0.6,+0.9,+0,+0.33,+0.12
1,2/1/0,10:0:0,+0.30,+352.7,+0.72,+18.4,-0.5,+0.7,+0,+0.30,-0.04
1,2/1/0,10:30:0,+0.32,+336.8,+0.71,+16.7,-0.7,+0.8,+0,+0.29,-0.12
1,2/1/0,11:0:0,+0.38,+316.3,+0.69,+15.4,-0.7,+0.8,+0,+0.28,-0.27
1,2/1/0,11:30:0,+0.36,+325.5,+0.66,+14.3,-0.4,+0.6,+0,+0.29,-0.20
1,2/1/0,12:0:0,+0.37,+341.8,+0.90,+13.6,-0.4,+0.8,+0,+0.35,-0.12

11,+0.26,+323.6,+0.58,+13.0,-0.4,+0.9,+0,+0.21,-0.15
1,2/1/0,13:0:0,+0.24,+345.3,+0.55,+12.6,-0.4,+0.7,+0,+0.23,-0.06
1,2/1/0,13:30:0,+0.48,+211.5,+1.51,+12.9,-0.5,+1.0,+0,-0.41,-0.25
1,2/1/0,14:0:0,+0.52,+53.1,+2.52,+12.8,-0.5,+0.6,+0,+0.31,+0.42
1,2/1/0,14:30:0,+0.40,+355.4,+0.87,+12.0,-0.5,+0.7,+0,+0.40,-0.03
1,2/1/0,15:0:0,+0.32,+350.5,+0.61,+11.4,-0.4,+0.8,+0,+0.31,-0.05
1,2/1/0,15:30:0,+0.33,+328.6,+0.68,+11.4,-0.5,+0.9,+0,+0.28,-0.17
1,2/1/0,16:0:0,+0.22,+347.0,+0.66,+11.1,-0.6,+0.9,+0,+0.22,-0.05
1,2/1/0,16:30:0,+0.42,+347.1,+1.45,+10.8,-0.4,+0.9,+0,+0.41,-0.09
1,2/1/0,17:0:0,+0.30,+65.7,+0.78,+10.6,-0.6,+0.9,+0,+0.12,+0.27
1,2/1/0,17:30:0,+0.31,+105.9,+1.45,+10.8,-0.5,+0.9,+0,-0.09,+0.30
1,2/1/0,18:0:0,+0.40,+172.1,+1.77,+11.0,-0.3,+0.8,+0,-0.40,+0.06
1,2/1/0,18:30:0,+0.22,+52.8,+0.52,+10.9,-0.7,+0.7,+0,+0.13,+0.17
1,2/1/0,19:0:0,+0.36,+31.3,+0.87,+10.4,-0.7,+0.8,+0,+0.31,+0.19
1,2/1/0,19:30:0,+0.31,+40.2,+0.91,+10.1,-0.6,+0.7,+0,+0.23,+0.20
1,2/1/0,20:0:0,+0.27,+24.4,+0.81,+10.1,-0.5,+1.0,+0,+0.25,+0.11
1,2/1/0,20:30:0,+0.32,+51.0,+1.50,+10.5,-0.4,+0.8,+0,+0.20,+0.25
1,2/1/0,21:0:0,+0.23,+323.3,+0.63,+10.7,-0.6,+0.8,+0,+0.19,-0.14
1,2/1/0,21:30:0,+0.42,+87.7,+1.41,+11.3,-0.6,+0.8,+0,+0.02,+0.42
1,2/1/0,22:0:0,+0.67,+87.3,+1.50,+11.9,-0.5,+0.7,+0,+0.03,+0.67
1,2/1/0,22:30:0,+0.52,+73.7,+1.54,+13.0,-0.6,+0.8,+0,+0.15,+0.50
1,2/1/0,23:0:0,+0.27,+219.3,+1.06,+13.3,-0.5,+0.8,+0,-0.21,-0.17
1,2/1/0,23:30:0,+0.68,+129.4,+1.47,+14.2,-0.6,+0.9,+0,-0.43,+0.53
1,3/1/0,0:0:0,+0.60,+118.0,+1.16,+14.8,-0.6,+0.9,+0,-0.28,+0.53
1,3/1/0,0:30:0,+0.86,+180.4,+2.11,+15.5,-0.5,+0.7,+0,-0.86,-0.01
1,3/1/0,1:0:0,+0.80,+132.5,+2.39,+16.0,-0.5,+0.7,+0,-0.54,+0.59
1,3/1/0,1:30:0,+1.17,+206.0,+3.25,+16.2,-0.6,+0.7,+0,-1.05,-0.51
1,3/1/0,2:0:0,+1.62,+214.0,+4.08,+16.8,-0.5,+0.7,+0,-1.34,-0.90
1,3/1/0,2:30:0,+1.12,+104.8,+3.12,+17.4,-0.4,+0.8,+0,-0.29,+1.09
1,3/1/0,3:0:0,+1.00,+130.2,+3.30,+18.3,-0.6,+0.9,+0,-0.65,+0.77
1,3/1/0,3:30:0,+1.49,+203.5,+6.94,+18.9,-0.6,+0.7,+0,-1.37,-0.60
1,3/1/0,4:0:0,+1.75,+217.3,+4.44,+19.8,-0.7,+0.8,+0,-1.40,-1.06
1,3/1/0,4:30:0,+1.16,+217.0,+4.34,+19.8,-0.6,+0.8,+0,-0.92,-0.70
1,3/1/0,5:0:0,+1.57,+215.8,+3.81,+20.4,-0.6,+0.8,+0,-1.28,-0.92
1,3/1/0,5:30:0,+1.83,+219.9,+4.29,+21.0,-0.7,+0.6,+0,-1.40,-1.17
1,3/1/0,6:0:0,+1.27,+220.3,+5.91,+20.5,-0.5,+0.9,+0,-0.97,-0.82
1,3/1/0,6:30:0,+1.23,+217.8,+3.50,+21.1,-0.7,+0.9,+0,-0.97,-0.75
1,3/1/0,7:0:0,+0.87,+219.0,+3.12,+21.0,-0.7,+0.9,+0,-0.67,-0.55
1,3/1/0,7:30:0,+0.63,+218.8,+4.05,+20.2,-0.7,+0.6,+0,-0.49,-0.39
1,3/1/0,8:0:0,+0.66,+219.8,+3.99,+19.7,-0.6,+0.8,+0,-0.51,-0.43
1,3/1/0,8:30:0,+0.36,+243.3,+2.39,+19.0,-0.5,+1.1,+0,-0.16,-0.32
1,3/1/0,9:0:0,+0.29,+338.0,+0.83,+17.9,-0.4,+0.6,+0,+0.27,-0.11
1,3/1/0,9:30:0,+0.34,+348.9,+0.72,+16.7,-0.5,+0.7,+0,+0.34,-0.07
1,3/1/0,10:0:0,+0.35,+348.3,+0.65,+15.5,-0.6,+0.9,+0,+0.34,-0.07
1,3/1/0,10:30:0,+0.38,+336.9,+0.70,+14.3,-0.5,+0.9,+0,+0.35,-0.15
1,3/1/0,11:0:0,+0.36,+355.3,+0.62,+13.1,-0.4,+0.8,+0,+0.36,-0.03
1,3/1/0,11:30:0,+0.38,+317.7,+0.74,+12.2,-0.5,+0.9,+0,+0.28,-0.26
1,3/1/0,12:0:0,+0.31,+318.0,+0.65,+11.5,-0.3,+0.8,+0,+0.23,-0.21
1,3/1/0,12:30:0,+0.31,+316.5,+0.71,+11.0,-0.4,+1.0,+0,+0.22,-0.21
1,3/1/0,13:0:0,+0.28,+303.4,+0.67,+10.2,-0.2,+0.9,+0,+0.15,-0.23
1,3/1/0,13:30:0,+0.29,+341.1,+0.68,+9.8,-0.3,+0.7,+0,+0.27,-0.09
1,3/1/0,14:0:0,+0.27,+320.6,+0.65,+9.4,-0.4,+0.9,+0,+0.21,-0.17
1,3/1/0,14:30:0,+0.26,+332.9,+0.65,+9.1,-0.3,+0.8,+0,+0.23,-0.12
1,3/1/0,15:0:0,+0.26,+316.3,+0.60,+8.8,-0.2,+0.8,+0,+0.19,-0.18
1,3/1/0,15:30:0,+0.18,+304.9,+0.78,+8.4,-0.4,+0.7,+0,+0.10,-0.15
1,3/1/0,16:0:0,+0.24,+353.3,+0.55,+8.0,-0.4,+0.7,+0,+0.23,-0.03
1,3/1/0,16:30:0,+0.32,+334.3,+0.60,+7.9,-0.4,+0.8,+0,+0.29,-0.14
1,3/1/0,17:0:0,+0.33,+347.6,+0.73,+8.0,-0.4,+0.9,+0,+0.32,-0.07
1,3/1/0,17:30:0,+0.32,+317.0,+0.61,+7.8,-0.4,+0.9,+0,+0.23,-0.22
1,3/1/0,18:0:0,+0.27,+322.4,+0.63,+7.4,-0.4,+0.9,+0,+0.21,-0.16
1,3/1/0,18:30:0,+0.24,+333.1,+0.55,+7.0,-0.4,+0.8,+0,+0.21,-0.11
1,3/1/0,19:0:0,+0.37,+341.4,+0.68,+7.0,-0.4,+0.9,+0,+0.35,-0.12
1,3/1/0,19:30:0,+0.31,+344.5,+0.66,+7.3,-0.5,+1.0,+0,+0.30,-0.08
1,3/1/0,20:0:0,+0.32,+332.2,+0.68,+7.3,-0.3,+0.9,+0,+0.28,-0.15
1,3/1/0,20:30:0,+0.34,+357.3,+0.64,+7.7,-0.5,+0.9,+0,+0.34,-0.02
1,3/1/0,21:0:0,+0.34,+39.9,+0.88,+8.8,-0.4,+0.9,+0,+0.26,+0.22
1,3/1/0,21:30:0,+0.67,+88.2,+1.57,+10.9,-0.6,+0.8,+0,+0.02,+0.67
1,3/1/0,22:0:0,+0.70,+79.3,+1.99,+12.7,-0.5,+0.8,+0,+0.13,+0.69
1,3/1/0,22:30:0,+0.91,+89.4,+1.93,+14.4,-0.5,+0.8,+0,+0.01,+0.91
1,3/1/0,23:0:0,+1.17,+90.2,+1.76,+16.2,-0.2,+0.9,+0,-0.00,+1.17
1,3/1/0,23:30:0,+0.97,+109.1,+1.57,+17.4,-0.7,+0.7,+0,-0.32,+0.91
1,4/1/0,0:0:0,+0.75,+113.6,+1.30,+19.2,-0.7,+0.9,+0,-0.30,+0.69
1,4/1/0,0:30:0,+0.76,+114.3,+1.39,+20.7,-0.7,+0.9,+0,-0.31,+0.69
1,4/1/0,1:0:0,+1.18,+208.1,+2.80,+22.4,-0.6,+0.8,+0,-1.04,-0.56
1,4/1/0,1:30:0,+1.28,+211.2,+2.27,+23.3,-0.6,+0.8,+0,-1.09,-0.66
1,4/1/0,2:0:0,+1.12,+185.5,+2.68,+24.0,-0.7,+0.7,+0,-1.12,-0.11
1,4/1/0,2:30:0,+1.03,+199.1,+2.69,+24.6,-0.7,+0.7,+0,-0.97,-0.34
1,4/1/0,3:0:0,+0.90,+175.7,+3.12,+25.3,-0.4,+0.8,+0,-0.90,+0.07
1,4/1/0,3:30:0,+0.95,+192.2,+1.91,+26.4,-0.6,+0.7,+0,-0.93,-0.20
1,4/1/0,4:0:0,+1.11,+189.1,+2.36,+26.7,-0.7,+0.8,+0,-1.09,-0.18
1,4/1/0,4:30:0,+0.82,+177.5,+2.26,+27.5,-0.7,+0.8,+0,-0.82,+0.04
1,4/1/0,5:0:0,+0.94,+188.7,+2.31,+28.1,-0.7,+0.7,+0,-0.93,-0.14
1,4/1/0,5:30:0,+0.78,+158.3,+1.63,+28.1,-0.7,+0.8,+0,-0.73,+0.29
1,4/1/0,6:0:0,+0.79,+191.2,+1.89,+28.9,-0.7,+0.7,+0,-0.78,-0.15
1,4/1/0,6:30:0,+1.06,+211.6,+3.84,+28.7,-0.6,+0.8,+0,-0.91,-0.56
1,4/1/0,7:0:0,+0.66,+218.1,+3.07,+28.8,-0.7,+0.6,+0,-0.52,-0.40
1,4/1/0,7:30:0,+0.59,+213.6,+3.17,+28.0,-0.7,+0.7,+0,-0.49,-0.32
1,4/1/0,8:0:0,+0.47,+84.8,+1.49,+27.0,-0.6,+0.8,+0,+0.04,+0.46
1,4/1/0,8:30:0,+0.37,+50.3,+2.20,+25.3,-0.8,+0.8,+0,+0.24,+0.28
1,4/1/0,9:0:0,+0.26,+60.9,+0.58,+22.9,-0.8,+1.0,+0,+0.12,+0.22
1,4/1/0,9:30:0,+0.23,+33.7,+0.92,+21.7,-0.5,+0.7,+0,+0.19,+0.13
1,4/1/0,10:0:0,+0.27,+6.3,+0.66,+20.3,-0.4,+0.7,+0,+0.26,+0.03
1,4/1/0,10:30:0,+0.34,+340.9,+0.79,+18.8,-0.5,+0.7,+0,+0.33,-0.11
1,4/1/0,11:0:0,+0.34,+358.5,+0.73,+17.8,-0.6,+0.8,+0,+0.34,-0.01
1,4/1/0,11:30:0,+0.27,+351.0,+0.64,+16.8,-0.4,+0.6,+0,+0.27,-0.04
1,4/1/0,12:0:0,+0.30,+337.7,+0.70,+16.1,-0.7,+0.8,+0,+0.27,-0.11
1,4/1/0,12:30:0,+0.28,+297.2,+0.61,+15.2,-0.4,+0.7,+0,+0.13,-0.25
1,4/1/0,13:0:0,+0.31,+354.6,+0.58,+14.8,-0.5,+0.8,+0,+0.31,-0.03
1,4/1/0,13:30:0,+0.31,+356.3,+1.09,+14.3,-0.6,+0.7,+0,+0.31,-0.02
1,4/1/0,14:0:0,+0.34,+334.5,+0.80,+14.2,-0.6,+0.8,+0,+0.31,-0.15
1,4/1/0,14:30:0,+0.31,+355.8,+0.74,+14.4,-0.4,+0.9,+0,+0.31,-0.02
1,4/1/0,15:0:0,+0.24,+356.2,+0.56,+14.5,-0.6,+0.8,+0,+0.24,-0.02
1,4/1/0,15:30:0,+0.33,+44.4,+1.37,+14.5,-0.5,+0.9,+0,+0.24,+0.23
1,4/1/0,16:0:0,+0.38,+10.2,+0.98,+15.3,-0.5,+0.9,+0,+0.38,+0.07
1,4/1/0,16:30:0,+0.50,+45.5,+2.54,+15.3,-0.6,+0.8,+0,+0.35,+0.35
1,4/1/0,17:0:0,+0.57,+346.6,+2.03,+16.3,-0.4,+0.8,+0,+0.55,-0.13
1,4/1/0,17:30:0,+0.44,+342.1,+0.92,+16.2,-0.5,+0.9,+0,+0.42,-0.14
1,4/1/0,18:0:0,+0.37,+338.6,+0.73,+14.8,-0.5,+0.8,+0,+0.34,-0.13
1,4/1/0,18:30:0,+0.41,+353.3,+1.25,+14.0,-0.6,+0.9,+0,+0.41,-0.05
1,4/1/0,19:0:0,+0.37,+4.2,+1.18,+13.4,-0.5,+0.8,+0,+0.37,+0.03
1,4/1/0,19:30:0,+0.40,+354.2,+1.36,+12.7,-0.7,+1.0,+0,+0.40,-0.04
1,4/1/0,20:0:0,+0.47,+327.9,+2.00,+12.3,-0.6,+0.9,+0,+0.40,-0.25
1,4/1/0,20:30:0,+0.29,+356.9,+0.70,+12.0,-0.5,+0.9,+0,+0.29,-0.02
1,4/1/0,21:0:0,+0.39,+40.1,+1.50,+12.9,-0.5,+0.8,+0,+0.30,+0.25
1,4/1/0,21:30:0,+0.41,+97.1,+1.31,+14.3,-0.6,+0.8,+0,-0.05,+0.40
1,4/1/0,22:0:0,+0.29,+90.0,+0.75,+15.1,-0.6,+1.0,+0,+0.00,+0.29
1,4/1/0,22:30:0,+0.35,+167.2,+1.77,+16.1,-0.4,+0.6,+0,-0.35,+0.08
1,4/1/0,23:0:0,+1.00,+140.1,+3.01,+18.0,-0.7,+0.7,+0,-0.76,+0.64
1,4/1/0,23:30:0,+1.21,+210.2,+3.05,+18.7,-0.5,+0.8,+0,-1.05,-0.61
1,5/1/0,0:0:0,+1.63,+219.5,+7.19,+19.2,-0.6,+0.8,+0,-1.26,-1.04
1,5/1/0,0:30:0,+1.50,+220.7,+3.74,+19.2,-0.7,+0.7,+0,-1.14,-0.98
1,5/1/0,1:0:0,+2.02,+219.0,+4.44,+19.7,-0.4,+0.8,+0,-1.57,-1.27
1,5/1/0,1:30:0,+1.89,+220.5,+5.30,+19.9,-0.7,+0.7,+0,-1.43,-1.22
1,5/1/0,2:0:0,+1.89,+219.2,+3.93,+20.0,-1.0,+0.5,+0,-1.46,-1.19
1,5/1/0,2:30:0,+1.24,+218.0,+3.40,+19.8,-0.7,+1.1,+0,-0.97,-0.76
1,5/1/0,3:0:0,+1.76,+225.8,+5.39,+20.3,-0.5,+1.0,+0,-1.22,-1.26
1,5/1/0,3:30:0,+2.44,+223.2,+5.48,+20.5,-0.5,+1.2,+0,-1.78,-1.67
1,5/1/0,4:0:0,+1.90,+220.9,+5.10,+21.1,-1.3,+1.0,+0,-1.44,-1.24
1,5/1/0,4:30:0,+2.15,+223.8,+5.65,+20.9,-0.5,+0.7,+0,-1.55,-1.48
1,5/1/0,5:0:0,+1.96,+224.3,+4.93,+21.2,-0.6,+0.9,+0,-1.40,-1.37
1,5/1/0,5:30:0,+1.70,+221.8,+4.69,+21.1,-0.6,+0.9,+0,-1.26,-1.13
1,5/1/0,6:0:0,+1.24,+221.2,+3.36,+20.9,-0.6,+0.8,+0,-0.93,-0.82
1,5/1/0,6:30:0,+1.30,+222.6,+4.29,+20.7,-0.5,+1.0,+0,-0.96,-0.88
1,5/1/0,7:0:0,+1.21,+224.5,+3.76,+20.3,-0.6,+0.8,+0,-0.87,-0.85
1,5/1/0,7:30:0,+1.32,+225.2,+4.20,+20.7,-0.6,+0.8,+0,-0.93,-0.93
1,5/1/0,8:0:0,+0.46,+228.4,+1.83,+19.8,-0.4,+0.6,+0,-0.30,-0.34
1,5/1/0,8:30:0,+0.33,+28.7,+1.00,+18.2,-0.5,+0.8,+0,+0.29,+0.16
1,5/1/0,9:0:0,+0.34,+42.9,+1.23,+17.1,-0.4,+0.7,+0,+0.25,+0.23
1,5/1/0,9:30:0,+0.39,+50.0,+1.35,+16.5,-0.4,+0.9,+0,+0.25,+0.30
1,5/1/0,10:0:0,+0.36,+26.9,+1.04,+15.5,-0.4,+0.7,+0,+0.32,+0.16
1,5/1/0,10:30:0,+0.35,+5.5,+0.81,+14.5,-0.6,+0.7,+0,+0.35,+0.03
1,5/1/0,11:0:0,+0.41,+5.9,+0.78,+13.4,-0.5,+0.9,+0,+0.41,+0.04
1,5/1/0,11:30:0,+0.38,+10.6,+0.76,+12.7,-0.5,+0.9,+0,+0.38,+0.07
1,5/1/0,12:0:0,+0.41,+339.4,+0.93,+12.2,-0.5,+0.9,+0,+0.39,-0.15
1,5/1/0,12:30:0,+0.37,+333.9,+0.81,+11.8,-0.4,+0.9,+0,+0.33,-0.16
1,5/1/0,13:0:0,+0.30,+329.6,+0.69,+11.2,-0.4,+0.8,+0,+0.25,-0.15
1,5/1/0,13:30:0,+0.44,+347.2,+0.87,+10.6,-0.4,+1.0,+0,+0.43,-0.10
1,5/1/0,14:0:0,+0.45,+26.6,+1.81,+10.4,-0.4,+0.9,+0,+0.40,+0.20
1,5/1/0,14:30:0,+0.33,+331.8,+0.84,+10.0,-0.6,+1.1,+0,+0.29,-0.15
1,5/1/0,15:0:0,+0.38,+348.3,+0.81,+9.7,-0.4,+0.9,+0,+0.37,-0.08
1,5/1/0,15:30:0,+0.33,+339.1,+0.61,+9.7,-0.4,+0.8,+0,+0.31,-0.12
1,5/1/0,16:0:0,+0.29,+336.4,+0.57,+9.8,-0.3,+0.8,+0,+0.26,-0.12
1,5/1/0,16:30:0,+0.41,+357.7,+0.69,+9.8,-0.5,+0.8,+0,+0.41,-0.02
1,5/1/0,17:0:0,+0.32,+1.7,+0.67,+10.0,-0.3,+1.0,+0,+0.32,+0.01
1,5/1/0,17:30:0,+0.47,+56.0,+2.26,+10.0,-0.5,+0.8,+0,+0.26,+0.39
1,5/1/0,18:0:0,+0.36,+347.1,+1.15,+9.9,-0.5,+0.8,+0,+0.35,-0.08
1,5/1/0,18:30:0,+0.31,+341.9,+0.61,+9.4,-0.5,+0.7,+0,+0.29,-0.10
1,5/1/0,19:0:0,+0.38,+273.4,+1.94,+9.0,-0.4,+0.9,+0,+0.02,-0.38
1,5/1/0,19:30:0,+0.32,+18.3,+0.74,+8.4,-0.3,+0.9,+0,+0.30,+0.10
1,5/1/0,20:0:0,+0.38,+334.1,+0.75,+8.3,-0.4,+0.9,+0,+0.34,-0.17
1,5/1/0,20:30:0,+0.39,+327.8,+0.66,+8.2,-0.3,+0.7,+0,+0.33,-0.21
1,5/1/0,21:0:0,+0.50,+71.7,+2.07,+9.2,-0.4,+0.8,+0,+0.16,+0.47
1,5/1/0,21:30:0,+0.58,+104.6,+1.64,+10.9,-0.7,+0.9,+0,-0.15,+0.56
1,5/1/0,22:0:0,+0.76,+220.1,+3.95,+13.6,-0.5,+0.6,+0,-0.58,-0.49
1,5/1/0,22:30:0,+1.01,+204.1,+2.83,+15.0,-0.4,+0.7,+0,-0.92,-0.41
1,5/1/0,23:0:0,+1.68,+215.1,+3.89,+15.5,-0.5,+0.8,+0,-1.38,-0.97
1,5/1/0,23:30:0,+1.14,+181.6,+3.39,+15.9,-0.4,+0.8,+0,-1.14,-0.03
1,6/1/0,0:0:0,+1.84,+216.2,+4.27,+16.6,-0.4,+0.9,+0,-1.48,-1.08
1,6/1/0,0:30:0,+1.84,+215.6,+5.99,+16.7,-0.6,+0.8,+0,-1.49,-1.07
1,6/1/0,1:0:0,+1.96,+213.0,+4.12,+17.1,-0.5,+1.0,+0,-1.64,-1.07
1,6/1/0,1:30:0,+1.73,+213.0,+4.55,+17.5,-0.5,+0.9,+0,-1.45,-0.94
1,6/1/0,2:0:0,+2.13,+210.8,+5.57,+17.7,-0.7,+0.7,+0,-1.83,-1.09
1,6/1/0,2:30:0,+1.70,+207.5,+4.48,+18.3,-0.6,+0.8,+0,-1.51,-0.79
1,6/1/0,3:0:0,+2.02,+214.8,+4.78,+18.9,-0.8,+1.2,+0,-1.66,-1.15
1,6/1/0,3:30:0,+1.93,+216.1,+5.04,+19.5,-0.7,+0.9,+0,-1.56,-1.14
1,6/1/0,4:0:0,+2.13,+218.3,+4.15,+19.9,-0.7,+0.9,+0,-1.67,-1.32
1,6/1/0,4:30:0,+2.07,+217.3,+4.99,+20.1,-0.5,+0.9,+0,-1.64,-1.25
1,6/1/0,5:0:0,+1.66,+216.8,+4.97,+19.9,-0.7,+0.9,+0,-1.33,-0.99
1,6/1/0,5:30:0,+1.62,+219.4,+5.17,+20.1,-0.5,+0.7,+0,-1.25,-1.03
1,6/1/0,6:0:0,+1.49,+216.4,+3.15,+20.6,-0.8,+0.9,+0,-1.20,-0.88
1,6/1/0,6:30:0,+1.54,+221.3,+6.39,+20.4,-0.5,+0.8,+0,-1.16,-1.02
1,6/1/0,7:0:0,+1.15,+221.1,+2.91,+20.6,-0.7,+0.8,+0,-0.87,-0.76
1,6/1/0,7:30:0,+1.44,+224.0,+6.43,+19.7,-0.7,+0.7,+0,-1.03,-1.00
1,6/1/0,8:0:0,+0.72,+236.6,+3.81,+18.4,-0.6,+0.8,+0,-0.39,-0.60
1,6/1/0,8:30:0,+0.30,+1.6,+0.68,+17.1,-0.4,+0.7,+0,+0.30,+0.01
1,6/1/0,9:0:0,+0.40,+22.8,+1.31,+16.4,-0.6,+0.9,+0,+0.37,+0.15
1,6/1/0,9:30:0,+0.30,+12.6,+0.87,+16.2,-0.6,+0.9,+0,+0.30,+0.07
1,6/1/0,10:0:0,+0.35,+348.1,+0.77,+15.7,-0.3,+0.9,+0,+0.34,-0.07
1,6/1/0,10:30:0,+0.41,+345.0,+0.81,+14.5,-0.5,+0.6,+0,+0.40,-0.11
1,6/1/0,11:0:0,+0.49,+348.2,+0.92,+13.4,-0.4,+0.9,+0,+0.48,-0.10
1,6/1/0,11:30:0,+0.46,+339.8,+0.91,+12.6,-0.5,+0.7,+0,+0.44,-0.16
1,6/1/0,12:0:0,+0.34,+346.2,+1.00,+11.9,-0.3,+0.8,+0,+0.33,-0.08
1,6/1/0,12:30:0,+0.44,+352.4,+1.08,+11.5,-0.4,+0.6,+0,+0.43,-0.06
1,6/1/0,13:0:0,+0.41,+337.1,+0.79,+11.3,-0.6,+0.8,+0,+0.38,-0.16
1,6/1/0,13:30:0,+0.32,+1.0,+0.71,+10.3,-0.3,+0.8,+0,+0.32,+0.01
1,6/1/0,14:0:0,+0.40,+340.5,+1.20,+9.9,-0.4,+0.7,+0,+0.38,-0.13
1,6/1/0,14:30:0,+0.45,+6.4,+0.77,+9.0,-0.4,+0.7,+0,+0.44,+0.05
1,6/1/0,15:0:0,+0.41,+338.5,+0.82,+8.5,-0.5,+0.9,+0,+0.38,-0.15
1,6/1/0,15:30:0,+0.39,+316.1,+0.72,+7.9,-0.4,+0.8,+0,+0.28,-0.27
1,6/1/0,16:0:0,+0.37,+320.8,+0.63,+7.3,-0.3,+0.7,+0,+0.29,-0.23
1,6/1/0,16:30:0,+0.31,+311.5,+0.55,+6.8,-0.5,+0.8,+0,+0.20,-0.23
1,6/1/0,17:0:0,+0.31,+326.9,+0.69,+6.5,-0.3,+0.8,+0,+0.26,-0.17
1,6/1/0,17:30:0,+0.36,+310.7,+0.75,+6.2,-0.3,+0.4,+0,+0.23,-0.27
1,6/1/0,18:0:0,+0.26,+293.1,+0.56,+5.8,-0.5,+0.8,+0,+0.10,-0.24
1,6/1/0,18:30:0,+0.30,+298.0,+0.61,+5.4,-0.5,+0.7,+0,+0.14,-0.26
1,6/1/0,19:0:0,+0.25,+296.7,+0.52,+5.2,-0.4,+0.7,+0,+0.11,-0.22
1,6/1/0,19:30:0,+0.23,+316.1,+0.44,+5.0,-0.5,+0.5,+0,+0.17,-0.16
1,6/1/0,20:0:0,+0.29,+328.3,+0.56,+5.3,-0.4,+0.7,+0,+0.24,-0.15
1,6/1/0,20:30:0,+0.30,+333.4,+0.58,+5.6,-0.4,+0.7,+0,+0.27,-0.14
1,6/1/0,21:0:0,+0.45,+87.2,+1.04,+7.2,-0.3,+0.8,+0,+0.02,+0.45
1,6/1/0,21:30:0,+0.90,+92.9,+1.47,+9.3,-0.4,+0.7,+0,-0.04,+0.89
1,6/1/0,22:0:0,+1.00,+86.4,+1.77,+11.1,-0.4,+1.0,+0,+0.06,+1.00
1,6/1/0,22:30:0,+0.97,+85.3,+1.79,+13.0,-0.4,+0.8,+0,+0.08,+0.96
1,6/1/0,23:0:0,+1.18,+87.8,+1.99,+15.0,-0.6,+0.7,+0,+0.05,+1.18
1,6/1/0,23:30:0,+0.89,+145.3,+2.20,+16.3,-0.4,+0.7,+0,-0.73,+0.51
1,7/1/0,0:0:0,+1.22,+200.1,+2.88,+17.0,-0.3,+0.6,+0,-1.14,-0.42
1,7/1/0,0:30:0,+1.47,+207.9,+4.42,+17.5,-0.3,+0.8,+0,-1.30,-0.69
1,7/1/0,1:0:0,+1.58,+213.9,+4.74,+18.1,-0.5,+0.8,+0,-1.31,-0.88
1,7/1/0,1:30:0,+1.63,+209.2,+4.48,+18.3,-0.4,+0.7,+0,-1.42,-0.80
1,7/1/0,2:0:0,+2.20,+218.8,+6.31,+19.0,-0.6,+0.7,+0,-1.72,-1.38
1,7/1/0,2:30:0,+2.31,+213.8,+5.40,+19.3,-0.6,+0.7,+0,-1.92,-1.28
1,7/1/0,3:0:0,+2.16,+215.0,+5.71,+19.6,-0.8,+0.8,+0,-1.76,-1.24
1,7/1/0,3:30:0,+2.04,+217.1,+4.83,+19.9,-0.8,+0.7,+0,-1.63,-1.23
1,7/1/0,4:0:0,+1.75,+215.2,+4.91,+20.6,-0.8,+0.8,+0,-1.43,-1.01
1,7/1/0,4:30:0,+1.96,+216.7,+5.26,+20.9,-0.8,+0.7,+0,-1.57,-1.17
1,7/1/0,5:0:0,+1.95,+214.7,+6.78,+21.0,-0.6,+0.8,+0,-1.60,-1.11
1,7/1/0,5:30:0,+1.94,+219.1,+5.88,+21.4,-0.6,+0.6,+0,-1.51,-1.22
1,7/1/0,6:0:0,+1.71,+213.9,+3.25,+21.6,-0.7,+0.7,+0,-1.42,-0.95
1,7/1/0,6:30:0,+1.60,+217.9,+4.34,+21.9,-0.4,+0.4,+0,-1.27,-0.99
1,7/1/0,7:0:0,+1.64,+223.7,+5.82,+21.6,-0.5,+0.9,+0,-1.19,-1.13
1,7/1/0,7:30:0,+0.95,+223.0,+3.27,+21.2,-0.5,+0.8,+0,-0.70,-0.65
1,7/1/0,8:0:0,+0.98,+228.5,+3.70,+20.5,-0.4,+0.8,+0,-0.65,-0.74
1,7/1/0,8:30:0,+0.58,+226.8,+3.32,+19.9,-0.5,+0.8,+0,-0.40,-0.42
1,7/1/0,9:0:0,+0.25,+232.2,+0.81,+19.0,-0.4,+0.7,+0,-0.15,-0.20
1,7/1/0,9:30:0,+0.39,+11.9,+0.86,+17.8,-0.3,+0.7,+0,+0.39,+0.08
1,7/1/0,10:0:0,+0.40,+342.0,+0.76,+16.3,-0.4,+0.5,+0,+0.38,-0.12
1,7/1/0,10:30:0,+0.36,+353.7,+0.77,+14.9,-0.4,+0.7,+0,+0.36,-0.04
1,7/1/0,11:0:0,+0.40,+356.1,+0.78,+13.6,-0.3,+0.8,+0,+0.39,-0.03
1,7/1/0,11:30:0,+0.45,+343.5,+0.87,+12.6,-0.4,+0.7,+0,+0.43,-0.13
1,7/1/0,12:0:0,+0.40,+340.4,+0.76,+11.7,-0.5,+0.7,+0,+0.37,-0.13
1,7/1/0,12:30:0,+0.33,+339.6,+0.72,+11.0,-0.5,+0.8,+0,+0.31,-0.12
1,7/1/0,13:0:0,+0.38,+355.9,+0.80,+10.4,-0.3,+0.8,+0,+0.38,-0.03
1,7/1/0,13:30:0,+0.34,+341.4,+0.79,+10.1,-0.2,+0.7,+0,+0.32,-0.11
1,7/1/0,14:0:0,+0.33,+342.3,+0.70,+9.7,-0.4,+0.7,+0,+0.31,-0.10
1,7/1/0,14:30:0,+0.33,+356.9,+0.67,+9.2,-0.4,+0.6,+0,+0.33,-0.02
1,7/1/0,15:0:0,+0.36,+351.0,+0.70,+9.3,-0.4,+0.9,+0,+0.36,-0.06
1,7/1/0,15:30:0,+0.32,+320.0,+0.66,+8.8,-0.3,+0.6,+0,+0.25,-0.21
1,7/1/0,16:0:0,+0.31,+336.1,+0.74,+8.2,-0.4,+0.5,+0,+0.29,-0.13
1,7/1/0,16:30:0,+0.29,+343.6,+0.53,+8.0,-0.7,+0.8,+0,+0.28,-0.08
1,7/1/0,17:0:0,+0.38,+329.5,+0.71,+7.9,-0.2,+0.9,+0,+0.32,-0.19
1,7/1/0,17:30:0,+0.23,+311.9,+0.50,+7.6,-0.5,+0.7,+0,+0.15,-0.17
1,7/1/0,18:0:0,+0.26,+322.2,+0.79,+7.3,-0.2,+0.7,+0,+0.21,-0.16
1,7/1/0,18:30:0,+0.25,+315.6,+0.43,+7.1,-0.5,+0.6,+0,+0.18,-0.17
1,7/1/0,19:0:0,+0.36,+345.1,+0.82,+7.2,-0.2,+0.8,+0,+0.34,-0.09
1,7/1/0,19:30:0,+0.30,+344.7,+0.72,+7.3,-0.2,+0.9,+0,+0.29,-0.08
1,7/1/0,20:0:0,+0.29,+1.3,+0.56,+7.8,-0.5,+0.6,+0,+0.29,+0.01
1,7/1/0,20:30:0,+0.32,+333.2,+0.67,+8.3,-0.4,+0.8,+0,+0.28,-0.14
1,7/1/0,21:0:0,+0.29,+75.0,+0.93,+9.6,-0.4,+0.8,+0,+0.08,+0.28
1,7/1/0,21:30:0,+0.74,+87.7,+1.48,+11.8,-0.4,+0.9,+0,+0.03,+0.74
1,7/1/0,22:0:0,+0.44,+114.7,+1.13,+13.1,-0.5,+0.7,+0,-0.18,+0.40
1,7/1/0,22:30:0,+0.83,+208.0,+1.46,+14.1,-0.6,+0.8,+0,-0.73,-0.39
1,7/1/0,23:0:0,+0.79,+105.4,+1.27,+15.7,-0.5,+0.8,+0,-0.21,+0.76
1,7/1/0,23:30:0,+0.80,+93.2,+1.29,+18.0,-0.6,+0.8,+0,-0.04,+0.80
1,8/1/0,0:0:0,+1.27,+165.2,+4.03,+19.8,-0.4,+0.8,+0,-1.23,+0.32
1,8/1/0,0:30:0,+1.84,+215.5,+4.47,+21.0,-0.6,+0.9,+0,-1.50,-1.07
1,8/1/0,1:0:0,+1.49,+183.4,+5.28,+21.4,-0.6,+0.8,+0,-1.48,-0.09
1,8/1/0,1:30:0,+1.70,+198.1,+4.00,+22.1,-0.6,+0.7,+0,-1.61,-0.53
1,8/1/0,2:0:0,+2.00,+210.1,+4.05,+22.4,-0.8,+0.9,+0,-1.73,-1.00
1,8/1/0,2:30:0,+2.19,+218.2,+4.78,+22.5,-0.5,+0.7,+0,-1.72,-1.36
1,8/1/0,3:0:0,+1.88,+211.2,+4.46,+23.1,-0.6,+0.6,+0,-1.60,-0.97
1,8/1/0,3:30:0,+1.75,+214.1,+5.38,+23.7,-0.6,+0.7,+0,-1.45,-0.98
1,8/1/0,4:0:0,+2.11,+215.3,+4.45,+23.9,-0.7,+1.0,+0,-1.72,-1.22
1,8/1/0,4:30:0,+1.66,+208.1,+3.52,+24.1,-0.5,+0.7,+0,-1.46,-0.78
1,8/1/0,5:0:0,+1.10,+198.3,+2.91,+24.8,-0.7,+0.5,+0,-1.05,-0.35
1,8/1/0,5:30:0,+1.22,+189.4,+3.80,+24.3,-0.5,+0.6,+0,-1.20,-0.20
1,8/1/0,6:0:0,+1.64,+212.9,+3.63,+24.4,-0.7,+0.8,+0,-1.38,-0.89
1,8/1/0,6:30:0,+1.16,+208.2,+4.17,+24.8,-0.6,+0.9,+0,-1.03,-0.55
1,8/1/0,7:0:0,+0.87,+190.1,+2.37,+24.8,-0.7,+0.5,+0,-0.86,-0.15
1,8/1/0,7:30:0,+0.40,+205.2,+1.86,+24.5,-0.7,+0.7,+0,-0.36,-0.17
1,8/1/0,8:0:0,+0.28,+52.9,+0.59,+22.7,-0.7,+0.9,+0,+0.17,+0.22
1,8/1/0,8:30:0,+0.28,+36.4,+0.65,+21.6,-0.7,+0.5,+0,+0.23,+0.17
1,8/1/0,9:0:0,+0.28,+333.2,+1.07,+20.6,-0.4,+0.7,+0,+0.25,-0.13
1,8/1/0,9:30:0,+0.29,+355.4,+0.59,+19.9,-0.2,+0.8,+0,+0.29,-0.02
1,8/1/0,10:0:0,+0.27,+354.0,+0.56,+18.6,-0.4,+0.7,+0,+0.27,-0.03
1,8/1/0,10:30:0,+0.33,+346.7,+0.85,+17.1,-0.4,+0.8,+0,+0.32,-0.08
1,8/1/0,11:0:0,+0.36,+344.3,+0.61,+15.9,-0.4,+0.7,+0,+0.34,-0.10
1,8/1/0,11:30:0,+0.38,+332.1,+0.75,+15.1,-0.4,+0.9,+0,+0.33,-0.18
1,8/1/0,12:0:0,+0.37,+356.5,+0.69,+14.2,-0.4,+0.7,+0,+0.37,-0.02
1,8/1/0,12:30:0,+0.33,+351.3,+0.56,+13.5,-0.3,+0.9,+0,+0.32,-0.05
1,8/1/0,13:0:0,+0.34,+327.4,+0.68,+12.9,-0.4,+0.7,+0,+0.28,-0.18
1,8/1/0,13:30:0,+0.23,+318.7,+0.58,+12.3,-0.5,+0.5,+0,+0.17,-0.15
1,8/1/0,14:0:0,+0.30,+320.9,+0.59,+11.8,-0.4,+0.8,+0,+0.23,-0.19
1,8/1/0,14:30:0,+0.28,+320.1,+0.56,+11.4,-0.4,+0.7,+0,+0.21,-0.18
1,8/1/0,15:0:0,+0.33,+327.0,+0.65,+11.2,-0.3,+0.9,+0,+0.28,-0.18
1,8/1/0,15:30:0,+0.24,+302.2,+0.50,+10.9,-0.4,+0.7,+0,+0.13,-0.20
1,8/1/0,16:0:0,+0.26,+327.3,+0.56,+10.3,-0.5,+0.8,+0,+0.22,-0.14
1,8/1/0,16:30:0,+0.29,+288.5,+0.67,+9.9,-0.3,+0.7,+0,+0.09,-0.28
1,8/1/0,17:0:0,+0.29,+347.2,+0.68,+9.8,-0.2,+0.8,+0,+0.28,-0.06
1,8/1/0,17:30:0,+0.34,+338.9,+0.87,+9.8,-0.4,+0.8,+0,+0.32,-0.12
1,8/1/0,18:0:0,+0.26,+322.3,+0.86,+9.3,-0.4,+0.8,+0,+0.21,-0.16
1,8/1/0,18:30:0,+0.33,+336.6,+0.67,+9.1,-0.4,+0.6,+0,+0.30,-0.13
1,8/1/0,19:0:0,+0.32,+321.5,+0.74,+9.1,-0.4,+0.8,+0,+0.25,-0.20
1,8/1/0,19:30:0,+0.31,+331.3,+0.69,+9.2,-0.3,+0.7,+0,+0.27,-0.15
1,8/1/0,20:0:0,+0.37,+341.2,+0.71,+9.5,-0.3,+0.7,+0,+0.35,-0.12
1,8/1/0,20:30:0,+0.30,+9.2,+0.67,+9.9,-0.4,+0.7,+0,+0.30,+0.05
1,8/1/0,21:0:0,+0.40,+56.7,+1.59,+11.0,-0.5,+0.8,+0,+0.22,+0.33
1,8/1/0,21:30:0,+0.88,+92.6,+1.93,+13.3,-0.4,+0.8,+0,-0.04,+0.88
1,8/1/0,22:0:0,+0.85,+84.6,+1.70,+14.7,-0.5,+0.8,+0,+0.08,+0.85
1,8/1/0,22:30:0,+1.11,+88.7,+1.59,+16.1,-0.2,+0.9,+0,+0.03,+1.11
1,8/1/0,23:0:0,+0.96,+87.9,+1.81,+18.0,-0.6,+0.9,+0,+0.04,+0.96
1,8/1/0,23:30:0,+0.91,+104.8,+1.49,+19.5,-0.5,+0.8,+0,-0.23,+0.88
1,9/1/0,0:0:0,+0.96,+104.0,+1.41,+20.4,-0.7,+0.7,+0,-0.23,+0.93
1,9/1/0,0:30:0,+0.94,+97.7,+1.45,+21.8,-0.6,+0.9,+0,-0.13,+0.93
1,9/1/0,1:0:0,+0.99,+170.6,+3.01,+23.1,-0.5,+0.9,+0,-0.98,+0.16
1,9/1/0,1:30:0,+1.06,+162.8,+4.27,+23.6,-0.5,+0.8,+0,-1.01,+0.31
1,9/1/0,2:0:0,+1.09,+180.2,+2.34,+24.1,-0.7,+0.7,+0,-1.09,-0.00
1,9/1/0,2:30:0,+0.90,+142.1,+2.57,+24.8,-0.6,+0.8,+0,-0.71,+0.55
1,9/1/0,3:0:0,+0.92,+126.8,+2.02,+25.2,-0.6,+0.7,+0,-0.55,+0.73
1,9/1/0,3:30:0,+1.24,+199.7,+3.27,+25.7,-0.9,+0.9,+0,-1.17,-0.42
1,9/1/0,4:0:0,+1.20,+184.9,+3.67,+26.2,-0.7,+0.7,+0,-1.20,-0.10
1,9/1/0,4:30:0,+1.41,+210.7,+3.83,+26.5,-0.9,+0.9,+0,-1.21,-0.72
1,9/1/0,5:0:0,+1.50,+215.2,+3.21,+26.5,-0.6,+0.6,+0,-1.23,-0.87
1,9/1/0,5:30:0,+1.51,+212.9,+4.07,+27.2,-0.4,+0.8,+0,-1.27,-0.82
1,9/1/0,6:0:0,+1.16,+218.4,+4.85,+26.7,-0.7,+0.7,+0,-0.91,-0.72
1,9/1/0,6:30:0,+0.32,+149.8,+0.92,+26.4,-0.8,+0.7,+0,-0.28,+0.16
1,9/1/0,7:0:0,+0.68,+82.0,+1.43,+25.8,-0.4,+0.8,+0,+0.10,+0.67
1,9/1/0,7:30:0,+0.59,+177.4,+2.26,+26.8,-0.5,+1.0,+0,-0.59,+0.03
1,9/1/0,8:0:0,+0.88,+224.9,+2.88,+26.4,-0.6,+0.8,+0,-0.62,-0.62
1,9/1/0,8:30:0,+0.56,+234.3,+2.44,+25.6,-0.7,+0.9,+0,-0.33,-0.46
1,9/1/0,9:0:0,+0.23,+326.0,+0.89,+24.2,-0.5,+0.9,+0,+0.19,-0.13
1,9/1/0,9:30:0,+0.22,+66.3,+0.58,+22.5,-0.7,+0.9,+0,+0.09,+0.20
1,9/1/0,10:0:0,+0.30,+1.8,+0.82,+20.6,-0.5,+0.8,+0,+0.30,+0.01
1,9/1/0,10:30:0,+0.30,+10.6,+0.60,+19.4,-0.5,+0.8,+0,+0.29,+0.05
1,9/1/0,11:0:0,+0.37,+353.8,+1.44,+18.3,-0.4,+0.9,+0,+0.37,-0.04
1,9/1/0,11:30:0,+0.31,+350.0,+0.75,+17.5,-0.3,+0.8,+0,+0.30,-0.05
1,9/1/0,12:0:0,+0.31,+358.0,+0.85,+17.0,-0.4,+0.8,+0,+0.31,-0.01
1,9/1/0,12:30:0,+0.30,+1.4,+0.62,+16.5,-0.6,+0.6,+0,+0.30,+0.01
1,9/1/0,13:0:0,+0.37,+0.2,+0.74,+16.0,-0.4,+0.7,+0,+0.37,+0.00
1,9/1/0,13:30:0,+0.40,+333.9,+1.14,+15.7,-0.5,+0.9,+0,+0.36,-0.18
1,9/1/0,14:0:0,+0.38,+321.9,+0.93,+15.2,-0.6,+0.7,+0,+0.30,-0.24
1,9/1/0,14:30:0,+0.40,+313.2,+1.86,+15.0,-0.4,+0.7,+0,+0.27,-0.29
1,9/1/0,15:0:0,+0.38,+326.5,+0.71,+14.9,-0.4,+1.1,+0,+0.32,-0.21
1,9/1/0,15:30:0,+0.30,+344.8,+0.57,+14.5,-0.6,+0.9,+0,+0.29,-0.08
1,9/1/0,16:0:0,+0.37,+340.4,+0.83,+14.2,-0.4,+1.0,+0,+0.34,-0.12
1,9/1/0,16:30:0,+0.36,+332.2,+0.87,+13.6,-0.3,+0.7,+0,+0.32,-0.17
1,9/1/0,17:0:0,+0.35,+328.1,+0.83,+13.5,-0.3,+0.8,+0,+0.29,-0.18
1,9/1/0,17:30:0,+0.39,+325.0,+1.01,+13.5,-0.5,+0.5,+0,+0.32,-0.23
1,9/1/0,18:0:0,+0.34,+341.2,+0.86,+13.3,-0.4,+0.9,+0,+0.32,-0.11
1,9/1/0,18:30:0,+0.36,+341.4,+0.72,+13.2,-0.4,+0.8,+0,+0.34,-0.11
1,9/1/0,19:0:0,+0.43,+312.0,+2.76,+12.9,-0.5,+0.8,+0,+0.29,-0.32
1,9/1/0,19:30:0,+0.24,+310.5,+0.60,+13.0,-0.4,+0.8,+0,+0.16,-0.18
1,9/1/0,20:0:0,+0.28,+2.5,+0.58,+13.3,-0.4,+0.8,+0,+0.28,+0.01
1,9/1/0,20:30:0,+0.28,+347.4,+0.66,+13.6,-0.4,+0.8,+0,+0.28,-0.06
1,9/1/0,21:0:0,+0.53,+98.1,+0.94,+15.2,-0.5,+0.6,+0,-0.08,+0.53
1,9/1/0,21:30:0,+0.61,+99.0,+1.47,+16.6,-0.4,+0.7,+0,-0.10,+0.61
1,9/1/0,22:0:0,+0.55,+96.9,+2.07,+18.7,-0.7,+0.7,+0,-0.07,+0.55
1,9/1/0,22:30:0,+0.91,+216.2,+1.94,+21.1,-0.7,+0.8,+0,-0.73,-0.54
1,9/1/0,23:0:0,+1.54,+222.1,+3.35,+22.6,-0.6,+0.9,+0,-1.14,-1.03
1,9/1/0,23:30:0,+0.70,+211.9,+2.28,+22.2,-0.6,+0.8,+0,-0.60,-0.37
1,10/1/0,0:0:0,+0.41,+116.7,+0.89,+21.9,-0.7,+0.8,+0,-0.18,+0.36
1,10/1/0,0:30:0,+0.80,+126.6,+2.67,+22.1,-0.6,+0.9,+0,-0.48,+0.64
1,10/1/0,1:0:0,+0.67,+119.5,+1.87,+22.0,-0.7,+0.6,+0,-0.33,+0.58
1,10/1/0,1:30:0,+0.33,+205.0,+1.28,+21.6,-0.6,+1.0,+0,-0.29,-0.14
1,10/1/0,2:0:0,+0.37,+220.0,+2.42,+21.4,-0.8,+0.9,+0,-0.28,-0.24
1,10/1/0,2:30:0,+0.34,+240.3,+0.86,+21.2,-0.5,+0.9,+0,-0.17,-0.29
1,10/1/0,3:0:0,+0.63,+211.7,+2.55,+21.3,-0.4,+1.0,+0,-0.54,-0.33
1,10/1/0,3:30:0,+0.46,+212.5,+2.06,+21.4,-0.6,+0.8,+0,-0.39,-0.25
1,10/1/0,4:0:0,+0.43,+189.1,+1.52,+21.2,-1.8,+0.6,+0,-0.43,-0.07
1,10/1/0,4:30:0,+0.46,+194.2,+1.53,+21.2,-1.6,+0.8,+0,-0.44,-0.11
1,10/1/0,5:0:0,+1.21,+203.3,+2.69,+21.7,-1.7,+0.8,+0,-1.11,-0.48
1,10/1/0,5:30:0,+1.11,+207.1,+2.99,+22.1,-1.5,+0.5,+0,-0.99,-0.51
1,10/1/0,6:0:0,+0.83,+210.1,+2.45,+22.1,-1.7,+0.9,+0,-0.72,-0.42
1,10/1/0,6:30:0,+0.53,+213.8,+2.24,+22.1,-1.7,+0.7,+0,-0.44,-0.30
1,10/1/0,7:0:0,+0.61,+213.4,+2.21,+21.5,-1.6,+0.7,+0,-0.51,-0.34
1,10/1/0,7:30:0,+0.89,+216.6,+3.35,+21.1,-1.4,+0.8,+0,-0.71,-0.53
1,10/1/0,8:0:0,+0.37,+73.3,+0.96,+19.5,-1.5,+0.7,+0,+0.11,+0.35
1,10/1/0,8:30:0,+0.26,+356.1,+0.59,+19.2,-1.4,+0.6,+0,+0.26,-0.02
1,10/1/0,9:0:0,+0.20,+307.1,+0.49,+18.5,-1.5,+0.5,+0,+0.12,-0.16
1,10/1/0,9:30:0,+0.25,+286.2,+0.72,+17.6,-1.4,+0.4,+0,+0.07,-0.24
1,10/1/0,10:0:0,+0.25,+324.1,+0.54,+17.0,-1.6,+0.6,+0,+0.21,-0.15
1,10/1/0,10:30:0,+0.35,+326.7,+0.80,+15.8,-1.6,+0.8,+0,+0.30,-0.19
1,10/1/0,11:0:0,+0.33,+327.1,+0.85,+15.1,-1.6,+0.5,+0,+0.27,-0.18
1,10/1/0,11:30:0,+0.37,+348.7,+0.95,+14.7,-1.4,+0.7,+0,+0.37,-0.07
1,10/1/0,12:0:0,+0.35,+331.7,+0.72,+14.2,-1.4,+0.8,+0,+0.31,-0.17
1,10/1/0,12:30:0,+0.32,+305.4,+0.65,+13.8,-1.3,+0.6,+0,+0.19,-0.26
1,10/1/0,13:0:0,+0.28,+328.2,+0.57,+13.5,-1.3,+0.5,+0,+0.24,-0.15
1,10/1/0,13:30:0,+0.33,+329.3,+0.65,+13.2,-1.4,+0.6,+0,+0.29,-0.17
1,10/1/0,14:0:0,+0.34,+338.3,+0.70,+12.5,-1.5,+0.7,+0,+0.31,-0.12
1,10/1/0,14:30:0,+0.32,+321.8,+0.65,+12.3,-1.5,+0.7,+0,+0.25,-0.20
1,10/1/0,15:0:0,+0.25,+294.1,+0.47,+11.8,-1.4,+0.5,+0,+0.10,-0.23
1,10/1/0,15:30:0,+0.21,+315.9,+0.57,+11.3,-1.5,+0.7,+0,+0.15,-0.14
1,10/1/0,16:0:0,+0.32,+351.2,+0.66,+10.9,-1.5,+0.7,+0,+0.31,-0.05
1,10/1/0,16:30:0,+0.36,+335.4,+0.66,+10.9,-1.4,+0.6,+0,+0.32,-0.15
1,10/1/0,17:0:0,+0.28,+312.8,+0.78,+10.7,-1.4,+0.6,+0,+0.19,-0.21
1,10/1/0,17:30:0,+0.26,+307.8,+0.45,+10.2,-1.6,+0.5,+0,+0.16,-0.20
1,10/1/0,18:0:0,+0.20,+346.1,+0.46,+10.2,-1.3,+0.8,+0,+0.20,-0.05
1,10/1/0,18:30:0,+0.22,+317.9,+0.50,+10.1,-1.4,+0.7,+0,+0.17,-0.15
1,10/1/0,19:0:0,+0.31,+302.4,+0.62,+10.0,-1.2,+0.8,+0,+0.17,-0.26
1,10/1/0,19:30:0,+0.26,+299.4,+0.50,+9.8,-1.3,+0.6,+0,+0.13,-0.22
1,10/1/0,20:0:0,+0.26,+279.8,+1.12,+9.7,-1.3,+0.6,+0,+0.04,-0.26
1,10/1/0,20:30:0,+0.21,+303.6,+0.45,+9.7,-1.3,+0.6,+0,+0.11,-0.17
1,10/1/0,21:0:0,+0.36,+72.6,+1.02,+10.8,-1.3,+0.7,+0,+0.11,+0.34
1,10/1/0,21:30:0,+0.87,+81.6,+1.39,+12.6,-1.2,+0.9,+0,+0.13,+0.86
1,10/1/0,22:0:0,+0.95,+84.1,+1.48,+14.0,-1.3,+0.7,+0,+0.10,+0.94
1,10/1/0,22:30:0,+0.91,+79.2,+1.63,+15.8,-1.6,+0.5,+0,+0.17,+0.90
1,10/1/0,23:0:0,+0.98,+94.3,+1.40,+17.4,-1.7,+0.8,+0,-0.07,+0.97
1,10/1/0,23:30:0,+1.07,+100.9,+1.75,+19.1,-1.6,+0.4,+0,-0.20,+1.05
1,11/1/0,0:0:0,+1.14,+142.8,+3.05,+20.7,-1.5,+0.9,+0,-0.91,+0.69
1,11/1/0,0:30:0,+1.69,+209.1,+4.60,+20.9,-1.5,+0.7,+0,-1.48,-0.82
1,11/1/0,1:0:0,+1.89,+204.2,+4.51,+21.4,-1.7,+0.6,+0,-1.73,-0.77
1,11/1/0,1:30:0,+1.94,+209.9,+4.98,+21.6,-1.6,+0.5,+0,-1.69,-0.97
1,11/1/0,2:0:0,+2.16,+208.9,+5.74,+22.0,-1.2,+0.9,+0,-1.89,-1.04
1,11/1/0,2:30:0,+2.05,+207.5,+5.10,+22.5,-1.7,+0.6,+0,-1.82,-0.95
1,11/1/0,3:0:0,+1.58,+198.2,+4.40,+22.9,-1.7,+0.5,+0,-1.50,-0.49
1,11/1/0,3:30:0,+2.00,+210.6,+4.37,+23.6,-1.5,+0.8,+0,-1.72,-1.02
1,11/1/0,4:0:0,+1.38,+184.2,+3.25,+23.5,-1.6,+0.5,+0,-1.38,-0.10
1,11/1/0,4:30:0,+1.73,+205.2,+3.98,+23.9,-1.6,+0.6,+0,-1.57,-0.74
1,11/1/0,5:0:0,+1.78,+207.5,+4.27,+24.0,-1.7,+0.2,+0,-1.58,-0.82
1,11/1/0,5:30:0,+1.49,+199.2,+4.30,+24.7,-1.7,+0.6,+0,-1.41,-0.49
1,11/1/0,6:0:0,+1.58,+210.2,+3.81,+24.6,-1.6,+0.4,+0,-1.37,-0.80
1,11/1/0,6:30:0,+1.39,+211.4,+4.09,+24.9,-1.6,+0.7,+0,-1.19,-0.72
1,11/1/0,7:0:0,+1.20,+210.1,+3.80,+24.8,-1.7,+0.7,+0,-1.04,-0.60
1,11/1/0,7:30:0,+1.16,+208.6,+3.69,+24.2,-1.4,+0.6,+0,-1.02,-0.55
1,11/1/0,8:0:0,+0.52,+212.8,+2.24,+23.6,-1.6,+0.5,+0,-0.44,-0.28
1,11/1/0,8:30:0,+0.43,+213.9,+3.33,+22.8,-1.4,+0.7,+0,-0.35,-0.24
1,11/1/0,9:0:0,+0.28,+220.0,+0.64,+21.6,-1.5,+0.4,+0,-0.21,-0.18
1,11/1/0,9:30:0,+0.31,+347.1,+0.89,+20.4,-1.5,+0.6,+0,+0.30,-0.07
1,11/1/0,10:0:0,+0.29,+349.4,+0.67,+18.9,-1.5,+0.4,+0,+0.29,-0.05
1,11/1/0,10:30:0,+0.34,+330.5,+0.67,+17.3,-1.4,+0.5,+0,+0.30,-0.17
1,11/1/0,11:0:0,+0.36,+338.4,+0.91,+16.1,-1.5,+0.5,+0,+0.33,-0.13
1,11/1/0,11:30:0,+0.29,+339.4,+0.70,+15.1,-1.5,+0.7,+0,+0.27,-0.10
1,11/1/0,12:0:0,+0.34,+335.5,+0.64,+14.1,-1.7,+0.6,+0,+0.31,-0.14
1,11/1/0,12:30:0,+0.35,+345.6,+0.60,+13.6,-1.5,+0.7,+0,+0.34,-0.09
1,11/1/0,13:0:0,+0.28,+322.0,+0.58,+12.8,-1.4,+0.7,+0,+0.22,-0.17
1,11/1/0,13:30:0,+0.33,+324.6,+0.61,+12.2,-1.5,+0.4,+0,+0.27,-0.19
1,11/1/0,14:0:0,+0.31,+344.4,+0.69,+11.7,-1.6,+0.6,+0,+0.30,-0.08
1,11/1/0,14:30:0,+0.28,+317.9,+0.67,+11.3,-1.5,+0.5,+0,+0.21,-0.19
1,11/1/0,15:0:0,+0.30,+310.2,+0.58,+10.9,-1.6,+0.6,+0,+0.19,-0.23
1,11/1/0,15:30:0,+0.33,+322.7,+0.63,+10.7,-1.4,+0.4,+0,+0.26,-0.20
1,11/1/0,16:0:0,+0.38,+322.8,+0.75,+10.7,-1.6,+0.6,+0,+0.31,-0.23
1,11/1/0,16:30:0,+0.22,+310.4,+0.49,+10.2,-1.3,+0.5,+0,+0.14,-0.17
1,11/1/0,17:0:0,+0.26,+299.9,+0.56,+9.5,-1.5,+0.5,+0,+0.13,-0.23
1,11/1/0,17:30:0,+0.26,+303.5,+0.53,+9.1,-1.4,+0.5,+0,+0.14,-0.22
1,11/1/0,18:0:0,+0.34,+319.9,+0.77,+9.1,-1.5,+0.5,+0,+0.26,-0.22
1,11/1/0,18:30:0,+0.26,+294.9,+0.57,+8.8,-1.5,+0.7,+0,+0.11,-0.23
1,11/1/0,19:0:0,+0.24,+299.4,+0.66,+8.5,-1.3,+0.6,+0,+0.12,-0.21
1,11/1/0,19:30:0,+0.24,+301.2,+0.46,+8.4,-1.3,+0.7,+0,+0.12,-0.20
1,11/1/0,20:0:0,+0.18,+293.6,+0.54,+8.3,-1.3,+0.7,+0,+0.07,-0.17
1,11/1/0,20:30:0,+0.25,+334.1,+0.51,+8.6,-1.4,+0.6,+0,+0.23,-0.11
1,11/1/0,21:0:0,+0.41,+74.6,+0.97,+10.1,-1.4,+0.5,+0,+0.11,+0.40
1,11/1/0,21:30:0,+0.82,+84.4,+1.27,+12.1,-1.3,+0.8,+0,+0.08,+0.81
1,11/1/0,22:0:0,+0.88,+87.2,+1.27,+13.7,-1.6,+0.6,+0,+0.04,+0.88
1,11/1/0,22:30:0,+0.70,+98.2,+1.07,+15.4,-1.6,+0.7,+0,-0.10,+0.69
1,11/1/0,23:0:0,+0.83,+95.9,+1.24,+17.5,-1.4,+0.6,+0,-0.09,+0.83
1,11/1/0,23:30:0,+0.90,+90.3,+1.41,+19.2,-1.5,+0.7,+0,-0.00,+0.90
1,12/1/0,0:0:0,+1.14,+182.8,+4.05,+21.1,-1.5,+1.0,+0,-1.14,-0.06
1,12/1/0,0:30:0,+1.99,+208.2,+4.12,+21.6,-1.7,+0.7,+0,-1.76,-0.94
1,12/1/0,1:0:0,+1.72,+206.7,+4.55,+21.8,-1.4,+0.6,+0,-1.53,-0.77
1,12/1/0,1:30:0,+1.53,+192.9,+3.95,+22.3,-1.7,+0.5,+0,-1.49,-0.34
1,12/1/0,2:0:0,+1.98,+203.5,+4.57,+22.9,-1.5,+0.6,+0,-1.82,-0.79
1,12/1/0,2:30:0,+2.12,+211.5,+6.13,+23.2,-1.5,+0.5,+0,-1.81,-1.11
1,12/1/0,3:0:0,+1.45,+184.5,+4.61,+23.8,-1.3,+0.6,+0,-1.45,-0.12
1,12/1/0,3:30:0,+1.73,+203.5,+4.76,+24.3,-1.4,+0.4,+0,-1.58,-0.69
1,12/1/0,4:0:0,+2.22,+209.9,+5.02,+24.6,-2.0,-0.0,+0,-1.93,-1.11
1,12/1/0,4:30:0,+1.87,+207.3,+4.49,+24.6,-1.7,+0.6,+0,-1.66,-0.86
1,12/1/0,5:0:0,+1.38,+193.2,+3.03,+24.4,-1.8,+0.7,+0,-1.34,-0.32
1,12/1/0,5:30:0,+1.28,+188.0,+2.93,+25.2,-1.6,+0.6,+0,-1.27,-0.18
1,12/1/0,6:0:0,+1.37,+211.3,+3.85,+25.3,-1.6,+0.4,+0,-1.17,-0.71

1,12/1/0,6:30:0,+1,+0.84,+142.2,+2.46,+25.5,-1.5,+0.6,+0,-0.66,+0.52
1,12/1/0,7:0:0,+0.73,+199.8,+2.16,+25.2,-1.6,+0.7,+0,-0.68,-0.25
1,12/1/0,7:30:0,+0.58,+174.9,+1.78,+24.4,-1.7,+0.8,+0,-0.58,+0.05
1,12/1/0,8:0:0,+0.38,+145.2,+1.33,+23.7,-1.6,+0.6,+0,-0.31,+0.22
1,12/1/0,8:30:0,+0.28,+141.8,+1.68,+23.0,-1.6,+0.6,+0,-0.22,+0.17
1,12/1/0,9:0:0,+0.23,+281.6,+1.12,+22.9,-1.5,+0.6,+0,+0.05,-0.22
1,12/1/0,9:30:0,+0.24,+331.2,+0.55,+20.9,-1.4,+0.7,+0,+0.21,-0.12
1,12/1/0,10:0:0,+0.24,+344.9,+0.70,+19.4,-1.5,+0.7,+0,+0.23,-0.06
1,12/1/0,10:30:0,+0.28,+343.6,+0.55,+18.3,-1.7,+0.6,+0,+0.27,-0.08
1,12/1/0,11:0:0,+0.25,+326.2,+0.62,+17.5,-1.4,+0.4,+0,+0.21,-0.14
1,12/1/0,11:30:0,+0.26,+352.8,+0.70,+17.0,-1.4,+0.6,+0,+0.25,-0.03
1,12/1/0,12:0:0,+0.29,+338.9,+0.65,+16.2,-1.3,+0.7,+0,+0.27,-0.10
1,12/1/0,12:30:0,+0.28,+315.1,+0.61,+15.7,-1.7,+0.7,+0,+0.20,-0.20
1,12/1/0,13:0:0,+0.21,+343.1,+0.54,+15.2,-1.3,+0.9,+0,+0.20,-0.06
1,12/1/0,13:30:0,+0.30,+325.7,+0.60,+14.7,-1.3,+0.6,+0,+0.25,-0.17
1,12/1/0,14:0:0,+0.33,+328.2,+0.66,+14.1,-1.6,+0.7,+0,+0.28,-0.17
1,12/1/0,14:30:0,+0.29,+330.0,+0.52,+13.6,-1.4,+0.8,+0,+0.25,-0.15
1,12/1/0,15:0:0,+0.34,+347.8,+0.69,+13.2,-1.5,+0.7,+0,+0.33,-0.07
1,12/1/0,15:30:0,+0.34,+325.6,+0.64,+13.0,-1.2,+0.7,+0,+0.28,-0.19
1,12/1/0,16:0:0,+0.24,+276.3,+0.58,+12.6,-1.4,+0.5,+0,+0.03,-0.24
1,12/1/0,16:30:0,+0.19,+282.9,+0.53,+12.2,-1.5,+0.8,+0,+0.04,-0.19
1,12/1/0,17:0:0,+0.21,+290.4,+0.48,+12.0,-1.4,+0.8,+0,+0.07,-0.20
1,12/1/0,17:30:0,+0.28,+331.1,+0.60,+12.0,-1.3,+0.5,+0,+0.25,-0.14
1,12/1/0,18:0:0,+0.29,+260.7,+0.66,+12.1,-1.4,+0.7,+0,-0.05,-0.28
1,12/1/0,18:30:0,+0.30,+312.8,+0.86,+12.0,-1.4,+0.7,+0,+0.20,-0.22
1,12/1/0,19:0:0,+0.19,+283.9,+0.56,+11.4,-1.4,+0.6,+0,+0.05,-0.19
1,12/1/0,19:30:0,+0.23,+329.9,+0.58,+11.0,-1.5,+0.6,+0,+0.20,-0.11
1,12/1/0,20:0:0,+0.27,+318.4,+0.55,+10.8,-1.5,+0.5,+0,+0.20,-0.18
1,12/1/0,20:30:0,+0.28,+320.9,+0.58,+11.0,-1.6,+0.8,+0,+0.22,-0.18
1,12/1/0,21:0:0,+0.35,+40.7,+1.29,+12.0,-1.3,+0.6,+0,+0.26,+0.23
1,12/1/0,21:30:0,+0.71,+79.0,+1.48,+13.8,-1.6,+0.5,+0,+0.14,+0.70
1,12/1/0,22:0:0,+0.84,+79.5,+1.54,+15.5,-1.5,+0.6,+0,+0.15,+0.83
1,12/1/0,22:30:0,+0.88,+81.6,+1.66,+16.8,-1.5,+0.6,+0,+0.13,+0.87
1,12/1/0,23:0:0,+0.94,+80.9,+2.65,+18.8,-1.5,+0.6,+0,+0.15,+0.93
1,12/1/0,23:30:0,+1.00,+142.4,+2.43,+20.6,-1.4,+0.8,+0,-0.79,+0.61
1,13/1/0,0:0:0,+0.99,+81.8,+2.03,+21.8,-1.4,+0.6,+0,+0.14,+0.98
1,13/1/0,0:30:0,+0.86,+95.9,+2.06,+22.5,-1.7,+0.5,+0,-0.09,+0.86
1,13/1/0,1:0:0,+0.70,+117.3,+1.43,+23.1,-1.4,+0.4,+0,-0.32,+0.62
1,13/1/0,1:30:0,+1.01,+90.6,+1.96,+23.5,-1.3,+0.5,+0,-0.01,+1.01
1,13/1/0,2:0:0,+1.20,+198.2,+4.30,+24.2,-1.7,+0.6,+0,-1.14,-0.37
1,13/1/0,2:30:0,+0.84,+176.1,+3.47,+24.7,-1.6,+0.3,+0,-0.84,+0.06
1,13/1/0,3:0:0,+1.29,+198.2,+4.02,+24.9,-1.4,+0.5,+0,-1.23,-0.40
1,13/1/0,3:30:0,+1.29,+187.6,+3.87,+25.1,-1.8,+0.8,+0,-1.27,-0.17
1,13/1/0,4:0:0,+1.40,+195.6,+3.26,+26.1,-1.7,+0.6,+0,-1.35,-0.38
1,13/1/0,4:30:0,+1.72,+205.5,+4.35,+26.5,-1.6,+0.8,+0,-1.55,-0.74
1,13/1/0,5:0:0,+1.11,+178.3,+2.75,+26.6,-1.7,+0.8,+0,-1.11,+0.03
1,13/1/0,5:30:0,+1.25,+172.3,+2.99,+26.8,-1.4,+0.6,+0,-1.24,+0.17
1,13/1/0,6:0:0,+1.13,+182.6,+2.49,+27.2,-1.8,+0.7,+0,-1.13,-0.05
1,13/1/0,6:30:0,+0.80,+159.8,+2.06,+27.3,-1.4,+0.6,+0,-0.75,+0.28
1,13/1/0,7:0:0,+0.75,+184.7,+2.10,+27.5,-1.7,+0.7,+0,-0.75,-0.06
1,13/1/0,7:30:0,+0.52,+114.3,+1.97,+26.7,-1.5,+0.8,+0,-0.22,+0.48
1,13/1/0,8:0:0,+0.37,+165.7,+1.23,+25.4,-1.6,+0.8,+0,-0.36,+0.09
1,13/1/0,8:30:0,+0.33,+240.5,+0.71,+24.5,-1.6,+0.6,+0,-0.16,-0.29
1,13/1/0,9:0:0,+0.17,+34.3,+0.46,+23.4,-1.6,+0.8,+0,+0.14,+0.10
1,13/1/0,9:30:0,+0.21,+5.0,+0.53,+21.9,-1.5,+0.6,+0,+0.21,+0.02
1,13/1/0,10:0:0,+0.29,+315.2,+0.61,+20.4,-1.5,+0.6,+0,+0.20,-0.20
1,13/1/0,10:30:0,+0.28,+312.3,+0.68,+19.0,-1.4,+0.7,+0,+0.19,-0.21
1,13/1/0,11:0:0,+0.30,+336.2,+0.62,+18.1,-1.6,+0.5,+0,+0.27,-0.12
1,13/1/0,11:30:0,+0.33,+310.8,+0.59,+17.2,-1.4,+0.4,+0,+0.22,-0.25
1,13/1/0,12:0:0,+0.26,+315.5,+0.54,+16.4,-1.4,+0.7,+0,+0.19,-0.18
1,13/1/0,12:30:0,+0.31,+295.2,+0.60,+15.6,-1.4,+0.8,+0,+0.13,-0.28
1,13/1/0,13:0:0,+0.30,+321.4,+0.60,+14.9,-1.4,+0.7,+0,+0.23,-0.19
1,13/1/0,13:30:0,+0.28,+309.0,+0.54,+14.5,-1.4,+0.6,+0,+0.18,-0.22
1,13/1/0,14:0:0,+0.23,+299.3,+0.49,+13.8,-1.6,+0.6,+0,+0.11,-0.20
1,13/1/0,14:30:0,+0.29,+308.2,+0.72,+13.3,-1.6,+0.6,+0,+0.18,-0.23
1,13/1/0,15:0:0,+0.40,+340.3,+1.43,+13.5,-1.3,+0.7,+0,+0.38,-0.14
1,13/1/0,15:30:0,+0.35,+328.9,+0.79,+13.8,-1.4,+0.7,+0,+0.30,-0.18
1,13/1/0,16:0:0,+0.33,+338.8,+0.92,+14.2,-1.4,+0.8,+0,+0.31,-0.12

1,13/1/0,16:30:0,+1,+0.37,+340.8,+0.81,+14.3,-1.4,+0.8,+0,+0.35,-0.12
1,13/1/0,17:0:0,+0.38,+332.7,+0.82,+14.3,-1.5,+0.7,+0,+0.33,-0.17
1,13/1/0,17:30:0,+0.38,+334.6,+0.84,+14.1,-1.6,+0.7,+0,+0.34,-0.16
1,13/1/0,18:0:0,+0.38,+331.3,+0.83,+14.0,-1.5,+0.6,+0,+0.33,-0.18
1,13/1/0,18:30:0,+0.40,+322.9,+0.77,+14.0,-1.4,+0.7,+0,+0.32,-0.24
1,13/1/0,19:0:0,+0.40,+333.6,+0.98,+14.1,-1.4,+0.8,+0,+0.36,-0.18
1,13/1/0,19:30:0,+0.37,+343.0,+1.00,+14.1,-1.5,+0.6,+0,+0.35,-0.11
1,13/1/0,20:0:0,+0.27,+346.7,+0.66,+13.9,-1.4,+0.6,+0,+0.26,-0.06
1,13/1/0,20:30:0,+0.37,+348.6,+1.02,+13.7,-1.4,+0.6,+0,+0.37,-0.07
1,13/1/0,21:0:0,+0.49,+47.3,+1.44,+14.5,-1.5,+0.7,+0,+0.34,+0.36
1,13/1/0,21:30:0,+0.67,+83.9,+1.69,+15.9,-1.6,+0.8,+0,+0.07,+0.67
1,13/1/0,22:0:0,+0.79,+77.5,+1.54,+16.9,-1.4,+0.5,+0,+0.17,+0.77
1,13/1/0,22:30:0,+0.83,+89.2,+1.74,+18.1,-1.6,+0.4,+0,+0.01,+0.83
1,13/1/0,23:0:0,+0.79,+88.2,+1.77,+20.0,-1.6,+0.7,+0,+0.03,+0.79
1,13/1/0,23:30:0,+0.92,+99.1,+1.55,+21.0,-1.6,+0.7,+0,-0.14,+0.91
1,14/1/0,0:0:0,+0.81,+91.1,+1.22,+22.4,-1.8,+0.5,+0,-0.02,+0.81
1,14/1/0,0:30:0,+0.61,+120.4,+1.01,+23.5,-1.7,+0.8,+0,-0.31,+0.52
1,14/1/0,1:0:0,+0.85,+109.1,+1.44,+24.0,-1.7,+0.5,+0,-0.28,+0.81
1,14/1/0,1:30:0,+1.04,+119.6,+2.58,+25.1,-1.6,+0.5,+0,-0.51,+0.91
1,14/1/0,2:0:0,+1.68,+204.6,+3.77,+26.0,-1.5,+0.3,+0,-1.53,-0.70
1,14/1/0,2:30:0,+1.76,+207.1,+4.37,+26.2,-1.6,+0.6,+0,-1.57,-0.80
1,14/1/0,3:0:0,+1.64,+195.5,+4.72,+26.3,-1.7,+0.4,+0,-1.58,-0.44
1,14/1/0,3:30:0,+0.99,+171.0,+3.00,+27.2,-1.7,+0.6,+0,-0.98,+0.16
1,14/1/0,4:0:0,+1.41,+192.4,+3.41,+27.5,-1.7,+0.4,+0,-1.37,-0.30
1,14/1/0,4:30:0,+1.24,+166.4,+3.36,+27.5,-1.7,+0.7,+0,-1.21,+0.29
1,14/1/0,5:0:0,+1.13,+185.3,+2.96,+28.2,-1.7,+0.8,+0,-1.13,-0.10
1,14/1/0,5:30:0,+1.31,+174.9,+4.97,+28.3,-1.7,+0.4,+0,-1.30,+0.12
1,14/1/0,6:0:0,+0.77,+117.9,+2.66,+28.4,-1.7,+0.7,+0,-0.36,+0.68
1,14/1/0,6:30:0,+1.15,+198.6,+3.88,+28.4,-1.8,+0.6,+0,-1.09,-0.37
1,14/1/0,7:0:0,+0.71,+140.9,+2.59,+28.5,-1.6,+0.5,+0,-0.55,+0.45
1,14/1/0,7:30:0,+0.51,+168.2,+1.30,+27.6,-1.6,+1.0,+0,-0.50,+0.10
1,14/1/0,8:0:0,+0.40,+182.7,+1.35,+26.6,-1.5,+0.6,+0,-0.40,-0.02
1,14/1/0,8:30:0,+0.21,+82.1,+0.49,+25.1,-1.6,+0.8,+0,+0.03,+0.21
1,14/1/0,9:0:0,+0.23,+23.6,+0.51,+23.7,-1.6,+0.4,+0,+0.21,+0.09
1,14/1/0,9:30:0,+0.27,+320.1,+0.63,+22.5,-1.5,+0.6,+0,+0.21,-0.17
1,14/1/0,10:0:0,+0.31,+306.6,+0.68,+21.2,-1.5,+0.7,+0,+0.19,-0.25
1,14/1/0,10:30:0,+0.33,+281.8,+0.97,+19.6,-1.3,+0.5,+0,+0.07,-0.32
1,14/1/0,11:0:0,+0.34,+302.2,+0.76,+18.6,-1.5,+0.5,+0,+0.18,-0.29
1,14/1/0,11:30:0,+0.38,+271.8,+0.84,+17.4,-1.5,+0.5,+0,+0.01,-0.38
1,14/1/0,12:0:0,+0.26,+316.8,+0.58,+16.6,-1.4,+0.5,+0,+0.19,-0.18
1,14/1/0,12:30:0,+0.32,+318.7,+0.67,+16.0,-1.6,+0.5,+0,+0.24,-0.21
1,14/1/0,13:0:0,+0.29,+287.3,+0.65,+15.3,-1.4,+0.4,+0,+0.09,-0.28
1,14/1/0,13:30:0,+0.27,+308.2,+0.60,+14.6,-1.5,+0.5,+0,+0.17,-0.21
1,14/1/0,14:0:0,+0.26,+309.5,+0.53,+14.1,-1.7,+0.6,+0,+0.17,-0.20
1,14/1/0,14:30:0,+0.22,+293.5,+0.59,+13.5,-1.4,+0.7,+0,+0.09,-0.20
1,14/1/0,15:0:0,+0.33,+317.4,+0.79,+13.2,-1.5,+0.4,+0,+0.24,-0.22
1,14/1/0,15:30:0,+0.26,+313.1,+0.65,+12.8,-1.4,+0.6,+0,+0.18,-0.19
1,14/1/0,16:0:0,+0.33,+327.4,+0.90,+12.8,-1.4,+0.7,+0,+0.28,-0.18
1,14/1/0,16:30:0,+0.36,+340.1,+0.73,+13.0,-1.4,+0.7,+0,+0.34,-0.12
1,14/1/0,17:0:0,+0.42,+331.9,+0.89,+13.0,-1.5,+0.8,+0,+0.37,-0.20
1,14/1/0,17:30:0,+0.39,+339.0,+0.75,+13.2,-1.5,+0.7,+0,+0.36,-0.14
1,14/1/0,18:0:0,+0.41,+343.0,+0.88,+13.0,-1.4,+0.6,+0,+0.39,-0.12
1,14/1/0,18:30:0,+0.41,+342.4,+0.92,+13.0,-1.5,+0.6,+0,+0.39,-0.12
1,14/1/0,19:0:0,+0.37,+312.7,+0.71,+12.6,-1.3,+0.7,+0,+0.25,-0.27
1,14/1/0,19:30:0,+0.37,+318.5,+1.07,+12.5,-1.5,+0.9,+0,+0.28,-0.25
1,14/1/0,20:0:0,+0.32,+306.1,+0.81,+12.5,-1.3,+0.5,+0,+0.19,-0.26
1,14/1/0,20:30:0,+0.36,+353.7,+0.77,+12.4,-1.5,+0.6,+0,+0.36,-0.04
1,14/1/0,21:0:0,+0.34,+52.1,+1.18,+13.4,-1.2,+0.5,+0,+0.21,+0.27
1,14/1/0,21:30:0,+0.67,+81.8,+1.63,+15.3,-1.6,+0.8,+0,+0.10,+0.66
1,14/1/0,22:0:0,+0.78,+79.0,+1.61,+16.9,-1.5,+0.6,+0,+0.15,+0.76
1,14/1/0,22:30:0,+0.97,+92.8,+1.43,+18.7,-1.4,+0.5,+0,-0.05,+0.97
1,14/1/0,23:0:0,+0.67,+92.4,+1.15,+20.6,-1.5,+0.7,+0,-0.03,+0.67
1,14/1/0,23:30:0,+0.69,+102.9,+1.37,+22.1,-1.5,+0.7,+0,-0.15,+0.67
1,15/1/0,0:0:0,+0.59,+133.0,+1.67,+24.1,-1.7,+0.9,+0,-0.40,+0.43
1,15/1/0,0:30:0,+0.72,+134.7,+1.56,+25.3,-1.5,+0.7,+0,-0.51,+0.51
1,15/1/0,1:0:0,+0.79,+130.9,+1.62,+26.7,-1.6,+0.7,+0,-0.52,+0.60
1,15/1/0,1:30:0,+0.99,+140.9,+2.16,+28.3,-1.5,+0.6,+0,-0.77,+0.62
1,15/1/0,2:0:0,+1.06,+187.1,+2.79,+29.2,-1.6,+0.6,+0,-1.05,-0.13
1,15/1/0,2:30:0,+1.18,+187.7,+3.07,+30.1,-1.7,+0.7,+0,-1.17,-0.16
1,15/1/0,3:0:0,+1.01,+145.1,+2.25,+30.4,-1.8,+0.8,+0,-0.82,+0.57
1,15/1/0,3:30:0,+1.01,+200.6,+3.12,+30.1,-1.5,+0.9,+0,-0.94,-0.35
1,15/1/0,4:0:0,+0.47,+192.7,+1.49,+28.1,-1.6,+0.4,+0,-0.46,-0.10
1,15/1/0,4:30:0,+0.64,+130.8,+1.92,+26.8,-1.6,+0.7,+0,-0.42,+0.48
1,15/1/0,5:0:0,+0.29,+57.2,+0.77,+24.9,-1.5,+0.8,+0,+0.16,+0.24
1,15/1/0,5:30:0,+0.43,+122.7,+1.33,+24.4,-1.5,+0.6,+0,-0.23,+0.36
1,15/1/0,6:0:0,+0.48,+187.5,+2.76,+25.0,-1.6,+0.8,+0,-0.48,-0.06
1,15/1/0,6:30:0,+0.45,+79.3,+1.50,+23.7,-1.7,+0.6,+0,+0.08,+0.44
1,15/1/0,7:0:0,+0.57,+20.5,+2.46,+23.3,-1.4,+0.6,+0,+0.53,+0.20
1,15/1/0,7:30:0,+0.35,+47.9,+1.42,+22.8,-1.5,+0.8,+0,+0.23,+0.26
1,15/1/0,8:0:0,+0.26,+286.6,+0.62,+22.2,-1.6,+1.0,+0,+0.08,-0.25
1,15/1/0,8:30:0,+0.27,+290.0,+0.75,+21.9,-1.6,+0.7,+0,+0.09,-0.25
1,15/1/0,9:0:0,+0.29,+238.9,+1.48,+21.6,-1.5,+0.8,+0,-0.15,-0.25
1,15/1/0,9:30:0,+0.29,+0.1,+0.74,+21.1,-1.5,+0.6,+0,+0.29,+0.00
1,15/1/0,10:0:0,+0.41,+53.9,+1.01,+20.6,-1.5,+0.7,+0,+0.24,+0.33
1,15/1/0,10:30:0,+0.33,+274.5,+1.07,+20.3,-1.6,+0.6,+0,+0.03,-0.33
1,15/1/0,11:0:0,+0.39,+287.7,+1.22,+20.6,-1.4,+0.5,+0,+0.12,-0.37
1,15/1/0,11:30:0,+0.38,+354.3,+1.22,+19.9,-1.5,+0.6,+0,+0.38,-0.04
1,15/1/0,12:0:0,+0.43,+341.9,+0.87,+19.2,-1.6,+0.7,+0,+0.41,-0.13
1,15/1/0,12:30:0,+0.42,+10.2,+1.07,+19.4,-1.4,+0.7,+0,+0.41,+0.07
1,15/1/0,13:0:0,+0.34,+36.9,+1.17,+19.2,-1.3,+0.6,+0,+0.27,+0.20
1,15/1/0,13:30:0,+0.30,+9.1,+0.86,+19.0,-1.5,+0.7,+0,+0.29,+0.05
1,15/1/0,14:0:0,+0.42,+21.6,+1.39,+18.9,-1.6,+0.7,+0,+0.39,+0.16
1,15/1/0,14:30:0,+0.46,+2.9,+1.16,+18.7,-1.4,+0.6,+0,+0.46,+0.02
1,15/1/0,15:0:0,+0.52,+26.0,+1.47,+18.8,-1.4,+0.6,+0,+0.46,+0.23
1,15/1/0,15:30:0,+0.35,+328.7,+0.90,+18.8,-1.6,+0.6,+0,+0.30,-0.18
1,15/1/0,16:0:0,+0.46,+320.8,+1.20,+18.6,-1.3,+0.5,+0,+0.36,-0.29
1,15/1/0,16:30:0,+0.67,+44.9,+2.12,+20.0,-1.4,+0.6,+0,+0.48,+0.48
1,15/1/0,17:0:0,+1.66,+71.3,+5.12,+21.0,-1.5,+0.8,+0,+0.53,+1.58
1,15/1/0,17:30:0,+0.81,+36.9,+2.79,+19.6,-1.6,+0.7,+0,+0.64,+0.48
1,15/1/0,18:0:0,+1.08,+122.0,+3.10,+19.3,-1.4,+0.4,+0,-0.57,+0.92
1,15/1/0,18:30:0,+1.20,+154.1,+4.42,+20.0,-1.4,+0.6,+0,-1.08,+0.52
1,15/1/0,19:0:0,+0.39,+342.6,+1.02,+18.3,-1.6,+0.7,+0,+0.37,-0.11
1,15/1/0,19:30:0,+0.33,+320.2,+0.80,+17.0,-1.3,+0.4,+0,+0.25,-0.21
1,15/1/0,20:0:0,+0.38,+309.4,+0.85,+16.2,-1.7,+0.6,+0,+0.24,-0.29
1,15/1/0,20:30:0,+0.38,+39.1,+1.47,+16.2,-1.6,+0.7,+0,+0.29,+0.24
1,15/1/0,21:0:0,+0.35,+17.3,+1.11,+16.6,-1.4,+0.5,+0,+0.33,+0.10
1,15/1/0,21:30:0,+0.68,+91.2,+1.84,+17.6,-1.6,+0.9,+0,-0.01,+0.68
1,15/1/0,22:0:0,+0.57,+102.3,+2.61,+19.0,-1.5,+0.7,+0,-0.12,+0.55
1,15/1/0,22:30:0,+0.70,+167.7,+2.79,+20.7,-1.7,+0.7,+0,-0.68,+0.15
1,15/1/0,23:0:0,+0.79,+195.4,+3.51,+22.7,-1.8,+0.8,+0,-0.76,-0.21
1,15/1/0,23:30:0,+0.74,+142.1,+3.40,+23.4,-1.6,+0.6,+0,-0.58,+0.45
1,16/1/0,0:0:0,+0.88,+192.7,+3.23,+23.3,-1.7,+0.5,+0,-0.86,-0.19
1,16/1/0,0:30:0,+0.34,+109.1,+1.28,+23.6,-1.5,+0.4,+0,-0.11,+0.32
1,16/1/0,1:0:0,+0.68,+95.1,+1.35,+23.5,-1.5,+0.8,+0,-0.06,+0.68
1,16/1/0,1:30:0,+0.88,+108.1,+1.87,+24.1,-1.5,+0.7,+0,-0.27,+0.84
1,16/1/0,2:0:0,+0.69,+116.1,+1.49,+25.2,-1.7,+0.9,+0,-0.30,+0.62
1,16/1/0,2:30:0,+0.83,+171.1,+2.24,+25.2,-1.7,+0.5,+0,-0.82,+0.13
1,16/1/0,3:0:0,+0.66,+188.3,+2.73,+25.1,-1.6,+0.7,+0,-0.65,-0.09
1,16/1/0,3:30:0,+0.24,+199.5,+1.13,+24.2,-1.7,+0.7,+0,-0.23,-0.08
1,16/1/0,4:0:0,+0.35,+115.5,+1.06,+23.1,-1.6,+0.7,+0,-0.15,+0.32
1,16/1/0,4:30:0,+0.49,+159.8,+2.48,+20.4,-1.3,+0.7,+0,-0.46,+0.17
1,16/1/0,5:0:0,+0.48,+46.9,+1.24,+16.8,-1.6,+0.6,+0,+0.33,+0.35
1,16/1/0,5:30:0,+0.49,+213.7,+1.23,+17.0,-1.4,+0.8,+0,-0.41,-0.27
1,16/1/0,6:0:0,+0.74,+201.0,+2.36,+18.9,-1.7,+0.5,+0,-0.69,-0.26
1,16/1/0,6:30:0,+0.58,+203.7,+1.60,+20.1,-1.6,+0.7,+0,-0.53,-0.23
1,16/1/0,7:0:0,+0.47,+183.6,+1.09,+20.5,-1.6,+0.8,+0,-0.47,-0.03
1,16/1/0,7:30:0,+0.35,+143.6,+1.00,+20.0,-1.6,+0.4,+0,-0.29,+0.21
1,16/1/0,8:0:0,+0.34,+125.1,+1.00,+19.9,-1.4,+0.8,+0,-0.19,+0.28
1,16/1/0,8:30:0,+0.36,+258.7,+1.08,+20.4,-1.5,+0.7,+0,-0.07,-0.36
1,16/1/0,9:0:0,+0.47,+300.0,+1.23,+20.4,-1.5,+0.7,+0,+0.24,-0.41
1,16/1/0,9:30:0,+0.51,+292.5,+1.14,+19.3,-1.6,+0.6,+0,+0.19,-0.47
1,16/1/0,10:0:0,+0.27,+311.5,+0.71,+18.2,-1.6,+0.7,+0,+0.18,-0.21
1,16/1/0,10:30:0,+0.27,+350.1,+0.63,+17.3,-1.5,+0.6,+0,+0.26,-0.05
1,16/1/0,11:0:0,+0.27,+329.9,+0.54,+17.0,-1.5,+0.4,+0,+0.24,-0.14
1,16/1/0,11:30:0,+0.27,+344.3,+0.59,+16.8,-1.6,+0.7,+0,+0.26,-0.07
1,16/1/0,12:0:0,+0.28,+345.8,+0.68,+16.3,-1.4,+0.7,+0,+0.27,-0.07
1,16/1/0,12:30:0,+0.31,+322.6,+0.59,+15.7,-1.5,+0.8,+0,+0.25,-0.19
1,16/1/0,13:0:0,+0.36,+349.1,+0.84,+15.2,-1.6,+0.9,+0,+0.36,-0.07
1,16/1/0,13:30:0,+0.30,+349.5,+0.60,+14.7,-1.4,+0.5,+0,+0.30,-0.05
1,16/1/0,14:0:0,+0.24,+318.0,+0.48,+14.6,-1.6,+0.7,+0,+0.18,-0.16
1,16/1/0,14:30:0,+0.18,+4.1,+0.46,+14.8,-1.3,+0.7,+0,+0.18,+0.01
1,16/1/0,15:0:0,+0.24,+345.7,+0.77,+14.8,-1.4,+0.7,+0,+0.24,-0.06
1,16/1/0,15:30:0,+0.27,+335.8,+0.58,+14.4,-1.6,+0.8,+0,+0.25,-0.11
1,16/1/0,16:0:0,+0.27,+330.4,+0.79,+13.8,-1.4,+0.6,+0,+0.24,-0.13
1,16/1/0,16:30:0,+0.32,+326.3,+0.64,+12.8,-1.5,+0.8,+0,+0.26,-0.18
1,16/1/0,17:0:0,+0.33,+296.9,+0.71,+12.1,-1.3,+0.8,+0,+0.15,-0.29
1,16/1/0,17:30:0,+0.26,+337.3,+0.67,+11.5,-1.4,+0.7,+0,+0.24,-0.10
1,16/1/0,18:0:0,+0.38,+331.3,+0.72,+11.1,-1.5,+0.8,+0,+0.34,-0.18
1,16/1/0,18:30:0,+0.26,+304.7,+0.55,+10.8,-1.4,+0.9,+0,+0.15,-0.22
1,16/1/0,19:0:0,+0.19,+348.7,+0.57,+10.4,-1.3,+0.6,+0,+0.19,-0.04
1,16/1/0,19:30:0,+0.35,+347.0,+0.67,+10.3,-1.4,+0.7,+0,+0.34,-0.08
1,16/1/0,20:0:0,+0.44,+325.1,+0.86,+10.4,-1.4,+0.7,+0,+0.36,-0.25
1,16/1/0,20:30:0,+0.36,+356.5,+0.76,+10.4,-1.5,+0.7,+0,+0.36,-0.02
1,16/1/0,21:0:0,+0.41,+33.4,+1.09,+11.4,-1.3,+0.7,+0,+0.34,+0.23
1,16/1/0,21:30:0,+0.84,+83.2,+1.60,+13.4,-1.4,+0.6,+0,+0.10,+0.84
1,16/1/0,22:0:0,+0.74,+86.0,+1.71,+14.9,-1.6,+0.6,+0,+0.05,+0.74
1,16/1/0,22:30:0,+0.60,+118.1,+1.58,+16.8,-1.6,+0.9,+0,-0.28,+0.53
1,16/1/0,23:0:0,+0.63,+121.5,+2.60,+19.5,-1.7,+0.8,+0,-0.33,+0.54
1,16/1/0,23:30:0,+0.74,+90.6,+2.39,+20.4,-1.5,+0.8,+0,-0.01,+0.74
1,17/1/0,0:0:0,+0.70,+101.9,+1.77,+21.0,-1.4,+0.7,+0,-0.14,+0.68
1,17/1/0,0:30:0,+1.83,+213.4,+6.42,+21.9,-1.7,+0.8,+0,-1.53,-1.01
1,17/1/0,1:0:0,+2.43,+214.6,+7.51,+22.2,-1.6,+0.7,+0,-2.00,-1.38
1,17/1/0,1:30:0,+2.22,+212.1,+5.95,+23.0,-1.6,+0.6,+0,-1.88,-1.18
1,17/1/0,2:0:0,+1.81,+211.0,+4.35,+23.1,-1.6,+0.7,+0,-1.55,-0.93
1,17/1/0,2:30:0,+1.26,+200.0,+3.21,+23.0,-1.6,+0.7,+0,-1.18,-0.43
1,17/1/0,3:0:0,+1.34,+203.1,+5.02,+23.7,-1.7,+0.7,+0,-1.23,-0.53
1,17/1/0,3:30:0,+1.90,+200.2,+4.53,+24.1,-1.7,+0.7,+0,-1.78,-0.65
1,17/1/0,4:0:0,+2.19,+209.0,+4.14,+24.5,-1.5,+0.6,+0,-1.92,-1.06
1,17/1/0,4:30:0,+1.28,+210.6,+3.52,+25.0,-1.7,+0.6,+0,-1.10,-0.65
1,17/1/0,5:0:0,+1.91,+212.6,+6.20,+25.3,-1.4,+0.5,+0,-1.61,-1.03
1,17/1/0,5:30:0,+1.80,+211.6,+5.93,+26.1,-1.4,+0.7,+0,-1.54,-0.95
1,17/1/0,6:0:0,+1.56,+213.6,+5.06,+25.3,-1.5,+0.6,+0,-1.30,-0.87
1,17/1/0,6:30:0,+0.66,+214.9,+6.29,+24.4,-1.1,+0.6,+0,-0.54,-0.38
1,17/1/0,7:0:0,+0.74,+216.4,+3.28,+24.2,-1.3,+0.3,+0,-0.59,-0.44
1,17/1/0,7:30:0,+0.32,+233.8,+1.99,+23.1,-1.1,+0.6,+0,-0.19,-0.26
1,17/1/0,8:0:0,+0.31,+337.4,+1.07,+22.4,-1.2,+0.7,+0,+0.28,-0.12
1,17/1/0,8:30:0,+0.27,+20.4,+0.74,+21.5,-1.2,+0.6,+0,+0.26,+0.09
1,17/1/0,9:0:0,+0.37,+23.5,+2.02,+20.4,-1.1,+0.7,+0,+0.34,+0.15
1,17/1/0,9:30:0,+0.31,+345.2,+0.96,+19.5,-1.0,+0.6,+0,+0.30,-0.08
1,17/1/0,10:0:0,+0.31,+265.9,+0.93,+19.0,-1.1,+0.5,+0,-0.02,-0.31
1,17/1/0,10:30:0,+0.38,+267.7,+2.03,+18.6,-1.1,+0.6,+0,-0.02,-0.38
1,17/1/0,11:0:0,+0.39,+340.1,+0.89,+17.4,-1.1,+0.5,+0,+0.37,-0.13
1,17/1/0,11:30:0,+0.37,+0.5,+0.92,+16.3,-1.1,+0.4,+0,+0.37,+0.00
1,17/1/0,12:0:0,+0.32,+330.6,+0.71,+15.1,-1.0,+0.4,+0,+0.28,-0.16
1,17/1/0,12:30:0,+0.35,+333.8,+1.08,+13.8,-1.3,+0.7,+0,+0.32,-0.16
1,17/1/0,13:0:0,+0.41,+351.9,+0.84,+13.1,-1.3,+0.6,+0,+0.40,-0.06
1,17/1/0,13:30:0,+0.37,+318.7,+0.73,+12.3,-1.1,+0.3,+0,+0.28,-0.24
1,17/1/0,14:0:0,+0.35,+336.8,+0.73,+11.8,-0.9,+0.7,+0,+0.33,-0.14
1,17/1/0,14:30:0,+0.38,+318.8,+0.81,+11.3,-1.2,+0.7,+0,+0.28,-0.25
1,17/1/0,15:0:0,+0.35,+352.4,+0.81,+10.7,-1.0,+0.7,+0,+0.34,-0.05
1,17/1/0,15:30:0,+0.32,+316.0,+0.73,+10.2,-1.0,+0.6,+0,+0.23,-0.22
1,17/1/0,16:0:0,+0.30,+311.5,+0.53,+9.5,-1.0,+0.6,+0,+0.20,-0.22
1,17/1/0,16:30:0,+0.31,+315.5,+0.66,+9.1,-1.1,+0.7,+0,+0.22,-0.22
1,17/1/0,17:0:0,+0.38,+332.6,+0.79,+8.8,-1.0,+0.5,+0,+0.34,-0.17
1,17/1/0,17:30:0,+0.25,+304.0,+0.63,+8.2,-1.1,+0.4,+0,+0.14,-0.21
1,17/1/0,18:0:0,+0.27,+335.1,+0.56,+7.9,-0.9,+0.5,+0,+0.25,-0.11
1,17/1/0,18:30:0,+0.30,+306.5,+0.75,+7.6,-1.0,+0.5,+0,+0.18,-0.24
1,17/1/0,19:0:0,+0.27,+306.3,+0.56,+7.3,-0.9,+0.6,+0,+0.16,-0.22
1,17/1/0,19:30:0,+0.20,+301.3,+0.39,+7.0,-0.9,+0.6,+0,+0.10,-0.17
1,17/1/0,20:0:0,+0.19,+289.2,+0.49,+7.0,-1.0,+0.4,+0,+0.06,-0.18
1,17/1/0,20:30:0,+0.29,+318.6,+0.63,+7.2,-0.9,+0.5,+0,+0.21,-0.19
1,17/1/0,21:0:0,+0.38,+341.8,+1.05,+8.2,-1.0,+0.4,+0,+0.36,-0.12
1,17/1/0,21:30:0,+0.83,+88.0,+1.43,+10.7,-0.8,+0.5,+0,+0.03,+0.83
1,17/1/0,22:0:0,+0.93,+84.0,+1.49,+12.5,-1.1,+0.2,+0,+0.10,+0.92
1,17/1/0,22:30:0,+1.06,+84.7,+1.77,+14.6,-1.1,+0.6,+0,+0.10,+1.05
1,17/1/0,23:0:0,+1.34,+83.7,+2.24,+16.6,-1.1,+0.4,+0,+0.15,+1.33
1,17/1/0,23:30:0,+0.95,+104.7,+2.64,+18.7,-1.1,+0.5,+0,-0.24,+0.92
1,18/1/0,0:0:0,+1.03,+170.4,+3.10,+19.2,-1.3,+0.6,+0,-1.02,+0.17
1,18/1/0,0:30:0,+1.54,+199.9,+3.80,+19.8,-1.0,+0.7,+0,-1.45,-0.53
1,18/1/0,1:0:0,+1.36,+175.0,+3.22,+20.2,-1.3,+0.7,+0,-1.36,+0.12
1,18/1/0,1:30:0,+1.43,+197.8,+3.13,+20.8,-1.2,+0.7,+0,-1.36,-0.44
1,18/1/0,2:0:0,+1.68,+200.4,+4.39,+21.4,-1.2,+0.5,+0,-1.57,-0.58
1,18/1/0,2:30:0,+1.27,+193.7,+4.18,+21.7,-1.2,+0.6,+0,-1.24,-0.30
1,18/1/0,3:0:0,+1.79,+196.2,+5.83,+22.3,-1.2,+0.6,+0,-1.72,-0.50
1,18/1/0,3:30:0,+1.00,+186.8,+3.09,+22.5,-1.1,+0.6,+0,-0.99,-0.12
1,18/1/0,4:0:0,+1.69,+204.0,+3.75,+23.1,-1.3,+0.6,+0,-1.54,-0.69
1,18/1/0,4:30:0,+1.19,+160.4,+3.23,+23.4,-1.2,+0.6,+0,-1.12,+0.40
1,18/1/0,5:0:0,+1.29,+183.3,+3.41,+23.6,-1.3,+0.4,+0,-1.29,-0.07
1,18/1/0,5:30:0,+1.62,+201.3,+3.97,+23.7,-1.2,+0.6,+0,-1.51,-0.59
1,18/1/0,6:0:0,+1.55,+202.4,+4.87,+23.9,-1.6,+0.4,+0,-1.43,-0.59
1,18/1/0,6:30:0,+1.34,+198.2,+4.08,+24.0,-1.3,+0.3,+0,-1.27,-0.42
1,18/1/0,7:0:0,+0.93,+176.3,+2.23,+24.3,-1.1,+0.7,+0,-0.93,+0.06
1,18/1/0,7:30:0,+0.85,+178.9,+1.85,+23.5,-1.3,+0.5,+0,-0.85,+0.02
1,18/1/0,8:0:0,+0.66,+199.2,+3.10,+22.8,-1.2,+0.6,+0,-0.62,-0.22
1,18/1/0,8:30:0,+0.41,+211.8,+1.73,+21.9,-1.0,+0.6,+0,-0.35,-0.21
1,18/1/0,9:0:0,+0.23,+353.8,+0.62,+20.7,-1.0,+0.5,+0,+0.23,-0.02
1,18/1/0,9:30:0,+0.30,+332.1,+0.67,+19.1,-1.3,+0.6,+0,+0.26,-0.14
1,18/1/0,10:0:0,+0.35,+324.5,+0.72,+17.7,-1.1,+0.4,+0,+0.29,-0.20
1,18/1/0,10:30:0,+0.44,+293.5,+0.75,+16.1,-1.1,+0.5,+0,+0.18,-0.41
1,18/1/0,11:0:0,+0.35,+280.8,+0.87,+14.7,-1.1,+0.5,+0,+0.07,-0.35
1,18/1/0,11:30:0,+0.27,+318.8,+0.84,+13.8,-1.1,+0.6,+0,+0.21,-0.18
1,18/1/0,12:0:0,+0.38,+319.2,+0.90,+13.1,-1.1,+0.7,+0,+0.29,-0.25
1,18/1/0,12:30:0,+0.27,+292.2,+0.59,+12.4,-1.1,+0.6,+0,+0.10,-0.25
1,18/1/0,13:0:0,+0.30,+292.9,+0.52,+11.5,-1.1,+0.5,+0,+0.12,-0.28
1,18/1/0,13:30:0,+0.25,+310.1,+0.82,+11.0,-1.1,+0.6,+0,+0.16,-0.19
1,18/1/0,14:0:0,+0.25,+308.6,+0.59,+10.4,-0.8,+0.5,+0,+0.15,-0.19
1,18/1/0,14:30:0,+0.22,+321.2,+0.55,+9.9,-1.1,+0.5,+0,+0.17,-0.14
1,18/1/0,15:0:0,+0.25,+315.3,+0.61,+9.8,-1.1,+0.6,+0,+0.18,-0.18
1,18/1/0,15:30:0,+0.31,+310.5,+0.65,+9.6,-1.0,+0.5,+0,+0.20,-0.23
1,18/1/0,16:0:0,+0.27,+292.1,+0.49,+9.2,-0.9,+0.5,+0,+0.10,-0.25
1,18/1/0,16:30:0,+0.24,+304.3,+0.49,+8.8,-1.1,+0.6,+0,+0.14,-0.20
1,18/1/0,17:0:0,+0.31,+315.4,+0.58,+8.7,-1.1,+0.7,+0,+0.22,-0.22
1,18/1/0,17:30:0,+0.28,+318.5,+0.52,+8.5,-0.9,+0.6,+0,+0.21,-0.18
1,18/1/0,18:0:0,+0.30,+305.5,+0.60,+8.4,-1.0,+0.6,+0,+0.17,-0.24
1,18/1/0,18:30:0,+0.23,+321.9,+0.54,+8.2,-1.1,+0.6,+0,+0.18,-0.14
1,18/1/0,19:0:0,+0.24,+304.0,+0.49,+8.0,-1.0,+0.6,+0,+0.14,-0.20
1,18/1/0,19:30:0,+0.18,+295.2,+0.41,+8.0,-1.0,+0.6,+0,+0.08,-0.17
1,18/1/0,20:0:0,+0.16,+286.3,+0.37,+7.9,-0.9,+0.5,+0,+0.04,-0.15
1,18/1/0,20:30:0,+0.16,+283.5,+0.39,+7.9,-0.9,+0.6,+0,+0.04,-0.15
1,18/1/0,21:0:0,+0.29,+350.7,+0.83,+8.9,-0.9,+0.5,+0,+0.28,-0.05
1,18/1/0,21:30:0,+0.79,+91.9,+1.40,+11.1,-1.0,+0.5,+0,-0.03,+0.79
1,18/1/0,22:0:0,+0.89,+88.1,+1.43,+12.7,-1.1,+0.7,+0,+0.03,+0.89
1,18/1/0,22:30:0,+0.99,+90.8,+1.46,+14.6,-1.1,+0.6,+0,-0.01,+0.99
1,18/1/0,23:0:0,+0.76,+95.9,+1.17,+16.7,-1.1,+0.5,+0,-0.08,+0.76
1,18/1/0,23:30:0,+0.73,+101.3,+1.10,+18.2,-1.0,+0.6,+0,-0.14,+0.72
1,19/1/0,0:0:0,+0.78,+96.1,+1.34,+19.3,-1.1,+0.2,+0,-0.08,+0.78
1,19/1/0,0:30:0,+0.59,+134.4,+1.13,+20.8,-1.2,+0.6,+0,-0.41,+0.42
1,19/1/0,1:0:0,+0.93,+177.1,+2.23,+22.0,-1.3,+0.5,+0,-0.93,+0.05
1,19/1/0,1:30:0,+1.46,+201.6,+3.45,+23.0,-1.1,+0.7,+0,-1.36,-0.54
1,19/1/0,2:0:0,+1.32,+195.5,+3.14,+23.8,-1.1,+0.6,+0,-1.28,-0.36
1,19/1/0,2:30:0,+1.25,+172.6,+2.61,+24.0,-1.2,+0.6,+0,-1.24,+0.16
1,19/1/0,3:0:0,+1.07,+181.7,+3.28,+24.7,-1.2,+0.4,+0,-1.07,-0.03
1,19/1/0,3:30:0,+0.84,+190.1,+2.04,+25.4,-1.5,+0.5,+0,-0.83,-0.15
1,19/1/0,4:0:0,+1.00,+167.1,+3.85,+26.3,-1.2,+0.6,+0,-0.97,+0.22
1,19/1/0,4:30:0,+1.96,+205.9,+4.56,+26.1,-1.3,+1.0,+0,-1.77,-0.86
1,19/1/0,5:0:0,+1.72,+203.1,+3.42,+27.0,-1.4,+0.4,+0,-1.58,-0.68
1,19/1/0,5:30:0,+1.79,+206.5,+4.57,+27.3,-1.2,+0.7,+0,-1.61,-0.80
1,19/1/0,6:0:0,+1.74,+209.5,+4.51,+27.2,-1.2,+0.4,+0,-1.51,-0.86
1,19/1/0,6:30:0,+1.59,+209.1,+4.34,+27.4,-1.3,+0.2,+0,-1.39,-0.78
1,19/1/0,7:0:0,+1.14,+199.4,+3.81,+27.5,-1.1,+0.6,+0,-1.08,-0.38
1,19/1/0,7:30:0,+0.89,+206.7,+2.76,+26.6,-1.2,+0.4,+0,-0.79,-0.40
1,19/1/0,8:0:0,+0.78,+213.9,+2.83,+25.6,-1.2,+0.4,+0,-0.65,-0.43
1,19/1/0,8:30:0,+0.42,+219.9,+1.13,+24.6,-1.3,+0.8,+0,-0.32,-0.27
1,19/1/0,9:0:0,+0.24,+204.6,+0.93,+23.1,-1.4,+0.6,+0,-0.22,-0.10
1,19/1/0,9:30:0,+0.25,+329.3,+0.56,+21.4,-1.3,+0.6,+0,+0.21,-0.13
1,19/1/0,10:0:0,+0.21,+358.4,+0.51,+20.0,-1.1,+0.6,+0,+0.21,-0.01
1,19/1/0,10:30:0,+0.30,+311.1,+0.57,+18.3,-1.1,+0.7,+0,+0.20,-0.23
1,19/1/0,11:0:0,+0.28,+308.0,+0.61,+17.1,-1.2,+0.5,+0,+0.17,-0.22
1,19/1/0,11:30:0,+0.29,+339.2,+0.57,+16.2,-1.2,+0.5,+0,+0.27,-0.10
1,19/1/0,12:0:0,+0.25,+292.2,+0.61,+15.2,-1.2,+0.6,+0,+0.09,-0.23
1,19/1/0,12:30:0,+0.26,+330.7,+0.54,+14.4,-1.0,+0.5,+0,+0.23,-0.13
1,19/1/0,13:0:0,+0.28,+329.6,+0.56,+13.9,-1.2,+0.7,+0,+0.24,-0.14
1,19/1/0,13:30:0,+0.35,+337.4,+1.04,+13.6,-1.0,+0.5,+0,+0.32,-0.13
1,19/1/0,14:0:0,+0.33,+319.2,+0.69,+13.1,-0.9,+0.5,+0,+0.25,-0.22
1,19/1/0,14:30:0,+0.35,+327.0,+0.81,+12.6,-1.1,+0.5,+0,+0.30,-0.19
1,19/1/0,15:0:0,+0.35,+272.6,+1.00,+12.3,-1.1,+0.5,+0,+0.02,-0.35
1,19/1/0,15:30:0,+0.33,+280.8,+0.99,+11.7,-1.0,+0.6,+0,+0.06,-0.33
1,19/1/0,16:0:0,+0.31,+296.6,+0.73,+11.1,-1.1,+0.6,+0,+0.14,-0.27
1,19/1/0,16:30:0,+0.43,+329.0,+0.87,+11.0,-1.0,+0.6,+0,+0.37,-0.22
1,19/1/0,17:0:0,+0.33,+304.3,+1.13,+10.7,-0.8,+0.5,+0,+0.18,-0.27
1,19/1/0,17:30:0,+0.31,+339.3,+0.73,+10.3,-1.0,+0.5,+0,+0.29,-0.11
1,19/1/0,18:0:0,+0.30,+326.6,+0.65,+10.2,-1.1,+0.6,+0,+0.25,-0.17
1,19/1/0,18:30:0,+0.28,+331.9,+0.71,+10.0,-1.1,+0.3,+0,+0.25,-0.13
1,19/1/0,19:0:0,+0.31,+302.0,+0.80,+9.8,-1.1,+0.6,+0,+0.16,-0.26
1,19/1/0,19:30:0,+0.30,+281.6,+1.00,+9.6,-1.1,+0.6,+0,+0.06,-0.29
1,19/1/0,20:0:0,+0.31,+313.7,+0.77,+9.5,-0.9,+0.6,+0,+0.22,-0.23
1,19/1/0,20:30:0,+0.30,+313.0,+0.60,+9.8,-0.9,+0.6,+0,+0.20,-0.22
1,19/1/0,21:0:0,+0.39,+57.4,+1.11,+11.0,-1.0,+0.8,+0,+0.21,+0.33
1,19/1/0,21:30:0,+0.79,+90.8,+1.47,+13.0,-0.9,+0.6,+0,-0.01,+0.79
1,19/1/0,22:0:0,+0.87,+88.0,+1.40,+14.6,-1.0,+0.4,+0,+0.03,+0.87
1,19/1/0,22:30:0,+0.89,+89.1,+1.39,+16.4,-1.1,+0.6,+0,+0.01,+0.89
1,19/1/0,23:0:0,+0.87,+91.4,+1.41,+18.7,-1.1,+0.5,+0,-0.02,+0.87
1,19/1/0,23:30:0,+0.82,+95.0,+1.34,+20.6,-1.1,+0.6,+0,-0.07,+0.82
1,20/1/0,0:0:0,+0.84,+94.0,+1.35,+22.7,-1.1,+0.7,+0,-0.06,+0.83
1,20/1/0,0:30:0,+0.81,+92.4,+1.29,+25.0,-1.1,+0.6,+0,-0.03,+0.81
1,20/1/0,1:0:0,+0.73,+163.3,+1.78,+25.8,-1.4,+0.5,+0,-0.69,+0.21
1,20/1/0,1:30:0,+1.17,+192.6,+2.38,+26.7,-1.2,+0.5,+0,-1.15,-0.26
1,20/1/0,2:0:0,+1.00,+188.7,+2.29,+27.8,-1.2,+0.5,+0,-0.99,-0.15
1,20/1/0,2:30:0,+1.41,+190.7,+2.78,+28.3,-1.1,+0.7,+0,-1.39,-0.26
1,20/1/0,3:0:0,+0.94,+168.2,+2.32,+29.8,-1.3,+0.6,+0,-0.92,+0.19
1,20/1/0,3:30:0,+0.91,+146.5,+1.89,+30.7,-1.2,+0.8,+0,-0.76,+0.50
1,20/1/0,4:0:0,+0.76,+172.7,+1.77,+30.9,-1.4,+0.6,+0,-0.76,+0.10
1,20/1/0,4:30:0,+0.76,+160.6,+2.26,+31.9,-1.5,+0.7,+0,-0.71,+0.25
1,20/1/0,5:0:0,+0.90,+122.5,+1.29,+31.5,-1.4,+0.5,+0,-0.49,+0.76
1,20/1/0,5:30:0,+0.91,+131.7,+1.42,+32.0,-1.4,+0.5,+0,-0.60,+0.68
1,20/1/0,6:0:0,+0.99,+126.5,+1.92,+32.0,-1.4,+0.4,+0,-0.59,+0.80
1,20/1/0,6:30:0,+0.96,+171.7,+4.13,+32.2,-1.3,+0.5,+0,-0.95,+0.14
1,20/1/0,7:0:0,+0.98,+186.8,+2.75,+32.1,-1.3,+0.4,+0,-0.98,-0.12
1,20/1/0,7:30:0,+0.78,+194.3,+2.21,+31.0,-1.4,+0.7,+0,-0.75,-0.19
1,20/1/0,8:0:0,+0.56,+201.8,+1.43,+30.1,-1.3,+0.6,+0,-0.52,-0.21
1,20/1/0,8:30:0,+0.48,+212.7,+1.03,+28.6,-1.4,+0.6,+0,-0.40,-0.26
1,20/1/0,9:0:0,+0.30,+221.4,+0.71,+26.7,-1.2,+0.7,+0,-0.22,-0.20
1,20/1/0,9:30:0,+0.22,+260.1,+0.54,+24.6,-1.2,+0.7,+0,-0.04,-0.22
1,20/1/0,10:0:0,+0.27,+14.3,+0.57,+23.0,-1.2,+0.8,+0,+0.26,+0.07
1,20/1/0,10:30:0,+0.21,+300.6,+0.55,+21.7,-1.2,+0.5,+0,+0.11,-0.18
1,20/1/0,11:0:0,+0.24,+290.0,+0.51,+20.5,-1.1,+0.6,+0,+0.08,-0.22
1,20/1/0,11:30:0,+0.29,+24.0,+0.60,+19.4,-1.0,+0.7,+0,+0.27,+0.12
1,20/1/0,12:0:0,+0.22,+312.7,+0.62,+18.8,-1.3,+0.7,+0,+0.15,-0.16
1,20/1/0,12:30:0,+0.24,+279.2,+0.51,+17.9,-1.2,+0.6,+0,+0.04,-0.24
1,20/1/0,13:0:0,+0.33,+283.6,+0.95,+17.1,-1.2,+0.5,+0,+0.08,-0.32
1,20/1/0,13:30:0,+0.17,+339.9,+0.41,+16.7,-1.1,+0.6,+0,+0.16,-0.06
1,20/1/0,14:0:0,+0.27,+340.2,+0.60,+16.4,-1.1,+0.3,+0,+0.26,-0.09
1,20/1/0,14:30:0,+0.43,+315.0,+1.40,+16.4,-1.2,+0.5,+0,+0.30,-0.30
1,20/1/0,15:0:0,+0.30,+334.0,+0.77,+16.3,-1.2,+0.8,+0,+0.27,-0.13
1,20/1/0,15:30:0,+0.40,+9.9,+0.76,+16.5,-1.1,+0.6,+0,+0.39,+0.07
1,20/1/0,16:0:0,+0.39,+329.3,+0.84,+16.3,-1.0,+0.6,+0,+0.33,-0.20
1,20/1/0,16:30:0,+0.40,+351.8,+0.92,+16.2,-1.0,+0.5,+0,+0.39,-0.06
1,20/1/0,17:0:0,+0.29,+341.7,+0.66,+16.1,-1.0,+0.6,+0,+0.27,-0.09
1,20/1/0,17:30:0,+0.30,+326.4,+0.68,+15.6,-1.1,+0.6,+0,+0.25,-0.16
1,20/1/0,18:0:0,+0.32,+330.3,+0.70,+14.9,-1.1,+0.5,+0,+0.28,-0.16
1,20/1/0,18:30:0,+0.23,+310.1,+0.49,+14.2,-1.2,+0.5,+0,+0.15,-0.18
1,20/1/0,19:0:0,+0.23,+297.3,+0.63,+13.6,-1.1,+0.8,+0,+0.10,-0.20
1,20/1/0,19:30:0,+0.23,+5.8,+0.53,+13.3,-1.1,+0.6,+0,+0.23,+0.02
1,20/1/0,20:0:0,+0.27,+330.9,+0.53,+13.7,-1.2,+0.6,+0,+0.24,-0.13
1,20/1/0,20:30:0,+0.27,+320.9,+0.57,+14.3,-1.1,+0.7,+0,+0.21,-0.17
1,20/1/0,21:0:0,+0.28,+263.2,+1.17,+14.4,-1.0,+0.6,+0,-0.03,-0.28
1,20/1/0,21:30:0,+0.41,+98.7,+1.12,+14.9,-1.1,+0.6,+0,-0.06,+0.41
1,20/1/0,22:0:0,+0.70,+103.5,+1.11,+16.4,-1.0,+0.5,+0,-0.16,+0.68
1,20/1/0,22:30:0,+0.24,+121.1,+0.88,+17.0,-1.2,+0.8,+0,-0.12,+0.21
1,20/1/0,23:0:0,+0.39,+136.6,+1.25,+17.4,-1.0,+0.7,+0,-0.28,+0.27
1,20/1/0,23:30:0,+0.54,+100.7,+1.22,+18.0,-1.0,+0.7,+0,-0.10,+0.53
1,21/1/0,0:0:0,+0.82,+99.7,+1.33,+19.7,-1.3,+0.6,+0,-0.14,+0.81
1,21/1/0,0:30:0,+0.66,+129.2,+2.26,+22.8,-1.2,+0.4,+0,-0.41,+0.51
1,21/1/0,1:0:0,+1.23,+190.0,+3.12,+27.0,-1.4,+0.5,+0,-1.21,-0.21
1,21/1/0,1:30:0,+1.11,+182.6,+2.81,+27.6,-1.2,+0.6,+0,-1.11,-0.05
1,21/1/0,2:0:0,+0.90,+161.3,+2.09,+27.9,-1.2,+0.6,+0,-0.86,+0.29
1,21/1/0,2:30:0,+1.34,+189.6,+3.97,+28.8,-1.4,+0.5,+0,-1.32,-0.22
1,21/1/0,3:0:0,+1.06,+141.4,+2.38,+29.2,-1.3,+0.7,+0,-0.83,+0.66
1,21/1/0,3:30:0,+1.60,+188.6,+4.30,+29.4,-1.5,+0.8,+0,-1.58,-0.24
1,21/1/0,4:0:0,+1.72,+201.3,+4.05,+29.9,-1.4,+0.7,+0,-1.61,-0.63
1,21/1/0,4:30:0,+1.96,+205.9,+4.43,+29.8,-1.1,+0.5,+0,-1.76,-0.86
1,21/1/0,5:0:0,+1.89,+204.5,+6.84,+29.6,-1.2,+0.5,+0,-1.72,-0.79
1,21/1/0,5:30:0,+1.24,+198.4,+3.94,+29.7,-1.1,+0.5,+0,-1.18,-0.39
1,21/1/0,6:0:0,+0.96,+195.9,+2.65,+29.9,-1.3,+0.6,+0,-0.92,-0.26
1,21/1/0,6:30:0,+1.46,+209.4,+4.35,+29.6,-1.4,+0.6,+0,-1.27,-0.72
1,21/1/0,7:0:0,+0.50,+197.3,+1.88,+29.2,-1.3,+0.5,+0,-0.48,-0.15
1,21/1/0,7:30:0,+0.41,+126.4,+1.01,+27.5,-1.2,+0.6,+0,-0.24,+0.33
1,21/1/0,8:0:0,+0.34,+149.3,+1.05,+27.0,-1.1,+0.6,+0,-0.29,+0.17
1,21/1/0,8:30:0,+0.20,+77.6,+0.56,+25.7,-1.2,+0.5,+0,+0.04,+0.20
1,21/1/0,9:0:0,+0.19,+122.7,+0.61,+24.3,-1.2,+0.5,+0,-0.10,+0.16
1,21/1/0,9:30:0,+0.20,+40.5,+0.69,+23.3,-1.1,+0.6,+0,+0.15,+0.13
1,21/1/0,10:0:0,+0.20,+321.9,+0.46,+22.0,-1.2,+0.4,+0,+0.16,-0.12
1,21/1/0,10:30:0,+0.29,+349.2,+0.64,+20.7,-1.0,+0.7,+0,+0.28,-0.05
1,21/1/0,11:0:0,+0.26,+293.7,+0.59,+19.7,-1.3,+0.6,+0,+0.11,-0.24
1,21/1/0,11:30:0,+0.27,+324.9,+0.70,+19.2,-1.1,+0.7,+0,+0.22,-0.16
1,21/1/0,12:0:0,+0.24,+280.7,+0.64,+18.5,-1.0,+0.7,+0,+0.04,-0.24
1,21/1/0,12:30:0,+0.21,+268.4,+0.47,+17.9,-1.0,+0.5,+0,-0.01,-0.21
1,21/1/0,13:0:0,+0.21,+268.7,+0.53,+17.2,-1.0,+0.4,+0,-0.00,-0.21
1,21/1/0,13:30:0,+0.31,+303.4,+0.55,+16.9,-1.0,+0.4,+0,+0.17,-0.26
1,21/1/0,14:0:0,+0.23,+287.6,+0.55,+16.2,-1.1,+0.6,+0,+0.07,-0.22
1,21/1/0,14:30:0,+0.22,+289.3,+0.49,+15.9,-1.2,+0.7,+0,+0.07,-0.21
1,21/1/0,15:0:0,+0.26,+272.9,+0.64,+15.1,-1.1,+0.5,+0,+0.01,-0.26
1,21/1/0,15:30:0,+0.28,+279.0,+0.61,+14.7,-0.9,+0.5,+0,+0.04,-0.28
1,21/1/0,16:0:0,+0.24,+278.9,+0.63,+14.3,-1.0,+0.4,+0,+0.04,-0.24
1,21/1/0,16:30:0,+0.25,+284.0,+0.56,+13.9,-1.1,+0.5,+0,+0.06,-0.25
1,21/1/0,17:0:0,+0.19,+307.2,+0.60,+13.7,-1.2,+0.6,+0,+0.11,-0.15
1,21/1/0,17:30:0,+0.24,+295.0,+0.70,+13.6,-0.7,+0.5,+0,+0.10,-0.22
1,21/1/0,18:0:0,+0.25,+315.0,+0.56,+13.3,-0.9,+0.6,+0,+0.18,-0.18
1,21/1/0,18:30:0,+0.32,+295.6,+0.57,+12.9,-0.9,+0.5,+0,+0.14,-0.29
1,21/1/0,19:0:0,+0.25,+314.5,+0.57,+12.8,-0.9,+0.7,+0,+0.17,-0.18
1,21/1/0,19:30:0,+0.28,+315.6,+0.61,+12.9,-0.9,+0.5,+0,+0.20,-0.20
1,21/1/0,20:0:0,+0.28,+338.2,+0.61,+13.3,-1.3,+0.7,+0,+0.26,-0.10
1,21/1/0,20:30:0,+0.32,+338.7,+0.82,+13.7,-1.2,+0.7,+0,+0.30,-0.12
1,21/1/0,21:0:0,+0.38,+14.0,+1.13,+14.7,-1.1,+0.6,+0,+0.37,+0.09
1,21/1/0,21:30:0,+0.70,+84.8,+1.61,+16.8,-1.0,+0.7,+0,+0.06,+0.70
1,21/1/0,22:0:0,+0.74,+86.3,+1.44,+18.3,-1.0,+0.6,+0,+0.05,+0.73
1,21/1/0,22:30:0,+0.86,+89.7,+1.37,+19.4,-1.0,+0.6,+0,+0.00,+0.86
1,21/1/0,23:0:0,+0.79,+102.5,+1.21,+21.1,-1.0,+0.6,+0,-0.17,+0.77
1,21/1/0,23:30:0,+0.83,+93.9,+1.26,+22.3,-1.3,+0.4,+0,-0.06,+0.82
1,22/1/0,0:0:0,+0.82,+98.6,+1.00,+23.3,-1.3,+0.4,+0,-0.12,+0.82
1,22/1/0,0:30:0,+0.58,+117.0,+1.13,+26.0,-1.1,+0.5,+0,-0.26,+0.52
1,22/1/0,1:0:0,+0.74,+129.7,+1.68,+27.4,-0.9,+0.6,+0,-0.47,+0.57
1,22/1/0,1:30:0,+1.37,+186.1,+2.71,+28.0,-1.5,+0.6,+0,-1.36,-0.15
1,22/1/0,2:0:0,+1.50,+194.0,+3.59,+28.5,-0.8,+0.8,+0,-1.46,-0.36
1,22/1/0,2:30:0,+1.30,+149.5,+3.21,+29.3,-1.3,+0.4,+0,-1.12,+0.66
1,22/1/0,3:0:0,+1.10,+149.4,+3.62,+29.4,-1.2,+0.6,+0,-0.95,+0.56
1,22/1/0,3:30:0,+1.63,+199.7,+3.95,+29.8,-1.5,+0.7,+0,-1.53,-0.55
1,22/1/0,4:0:0,+1.70,+203.1,+5.49,+29.7,-1.1,+0.7,+0,-1.57,-0.67
1,22/1/0,4:30:0,+1.48,+191.1,+3.97,+30.1,-1.1,+0.6,+0,-1.46,-0.29
1,22/1/0,5:0:0,+0.98,+122.7,+2.57,+29.8,-1.0,+0.4,+0,-0.53,+0.82
1,22/1/0,5:30:0,+1.50,+201.2,+4.87,+29.8,-1.5,+0.5,+0,-1.40,-0.54
1,22/1/0,6:0:0,+1.52,+207.8,+4.17,+29.7,-1.2,+0.5,+0,-1.34,-0.71
1,22/1/0,6:30:0,+0.93,+203.8,+3.70,+29.7,-1.2,+0.7,+0,-0.85,-0.37
1,22/1/0,7:0:0,+0.95,+199.9,+2.52,+29.1,-1.2,+0.5,+0,-0.89,-0.32
1,22/1/0,7:30:0,+0.68,+189.4,+3.89,+28.7,-1.1,+0.6,+0,-0.67,-0.11
1,22/1/0,8:0:0,+0.34,+173.0,+0.75,+27.4,-1.2,+0.5,+0,-0.33,+0.04
1,22/1/0,8:30:0,+0.25,+132.5,+0.55,+25.6,-1.2,+0.7,+0,-0.17,+0.18
1,22/1/0,9:0:0,+0.15,+141.1,+0.58,+24.2,-1.2,+0.7,+0,-0.12,+0.09
1,22/1/0,9:30:0,+0.17,+353.9,+0.51,+23.0,-1.2,+0.7,+0,+0.17,-0.02
1,22/1/0,10:0:0,+0.31,+279.4,+0.74,+21.7,-1.2,+0.5,+0,+0.05,-0.30
1,22/1/0,10:30:0,+0.22,+322.5,+0.58,+21.1,-1.0,+0.6,+0,+0.18,-0.13
1,22/1/0,11:0:0,+0.34,+300.7,+0.80,+20.4,-1.1,+0.5,+0,+0.17,-0.29
1,22/1/0,11:30:0,+0.26,+331.2,+0.72,+20.2,-1.2,+0.6,+0,+0.23,-0.13
1,22/1/0,12:0:0,+0.32,+292.1,+0.71,+19.4,-1.1,+0.5,+0,+0.12,-0.29
1,22/1/0,12:30:0,+0.27,+334.5,+0.61,+19.1,-1.1,+0.6,+0,+0.25,-0.12
1,22/1/0,13:0:0,+0.31,+310.7,+0.65,+18.6,-1.2,+0.6,+0,+0.20,-0.24
1,22/1/0,13:30:0,+0.27,+316.2,+0.62,+18.1,-1.0,+0.4,+0,+0.19,-0.19
1,22/1/0,14:0:0,+0.27,+310.9,+0.66,+17.8,-1.2,+0.5,+0,+0.18,-0.21
1,22/1/0,14:30:0,+0.24,+345.7,+0.49,+17.8,-0.9,+0.6,+0,+0.24,-0.06
1,22/1/0,15:0:0,+0.31,+325.8,+0.77,+17.5,-1.2,+0.5,+0,+0.26,-0.17
1,22/1/0,15:30:0,+0.31,+320.7,+0.65,+17.3,-1.1,+0.5,+0,+0.24,-0.20
1,22/1/0,16:0:0,+0.35,+329.1,+0.73,+17.1,-0.9,+0.5,+0,+0.30,-0.18
1,22/1/0,16:30:0,+0.33,+336.7,+0.74,+16.7,-1.1,+0.5,+0,+0.30,-0.13
1,22/1/0,17:0:0,+0.32,+347.9,+0.67,+16.4,-1.1,+0.7,+0,+0.31,-0.07
1,22/1/0,17:30:0,+0.28,+335.8,+0.61,+16.2,-1.2,+0.8,+0,+0.26,-0.12
1,22/1/0,18:0:0,+0.33,+326.6,+0.66,+15.8,-1.0,+0.6,+0,+0.27,-0.18
1,22/1/0,18:30:0,+0.38,+1.5,+0.86,+15.6,-1.0,+0.7,+0,+0.38,+0.01
1,22/1/0,19:0:0,+0.36,+348.2,+1.20,+15.7,-1.3,+0.6,+0,+0.35,-0.07
1,22/1/0,19:30:0,+0.34,+321.6,+1.08,+15.8,-1.0,+0.5,+0,+0.27,-0.21
1,22/1/0,20:0:0,+0.37,+358.1,+0.90,+16.1,-1.2,+0.3,+0,+0.37,-0.01
1,22/1/0,20:30:0,+0.35,+330.4,+0.63,+15.9,-1.1,+0.5,+0,+0.31,-0.17
1,22/1/0,21:0:0,+0.33,+326.3,+0.88,+16.0,-1.0,+0.5,+0,+0.27,-0.18
1,22/1/0,21:30:0,+0.65,+84.7,+1.15,+17.3,-1.1,+0.3,+0,+0.06,+0.65
1,22/1/0,22:0:0,+0.84,+88.3,+1.65,+18.0,-1.1,+0.5,+0,+0.02,+0.84
1,22/1/0,22:30:0,+0.84,+87.8,+1.56,+19.1,-1.1,+0.6,+0,+0.03,+0.84
1,22/1/0,23:0:0,+0.90,+89.9,+1.34,+20.8,-1.0,+0.6,+0,+0.00,+0.90
1,22/1/0,23:30:0,+0.78,+98.1,+1.26,+22.1,-1.2,+0.5,+0,-0.11,+0.77
1,23/1/0,0:0:0,+0.63,+112.8,+0.92,+23.4,-1.3,+0.7,+0,-0.24,+0.58
1,23/1/0,0:30:0,+0.66,+166.3,+1.38,+24.5,-1.2,+0.6,+0,-0.64,+0.16
1,23/1/0,1:0:0,+0.85,+173.8,+1.85,+25.9,-1.3,+0.6,+0,-0.84,+0.09
1,23/1/0,1:30:0,+0.68,+168.2,+1.27,+27.3,-1.2,+0.4,+0,-0.67,+0.14
1,23/1/0,2:0:0,+0.75,+162.4,+1.33,+28.0,-1.3,+0.6,+0,-0.72,+0.23
1,23/1/0,2:30:0,+0.98,+168.9,+2.80,+28.9,-1.3,+0.7,+0,-0.96,+0.19
1,23/1/0,3:0:0,+1.39,+194.8,+2.97,+29.1,-1.3,+0.7,+0,-1.35,-0.36
1,23/1/0,3:30:0,+1.20,+171.9,+2.82,+29.8,-0.9,+0.6,+0,-1.19,+0.17
1,23/1/0,4:0:0,+0.89,+114.1,+1.62,+30.5,-1.4,+0.7,+0,-0.36,+0.82
1,23/1/0,4:30:0,+0.85,+114.1,+1.55,+30.4,-1.3,+0.7,+0,-0.35,+0.78
1,23/1/0,5:0:0,+0.88,+115.7,+2.05,+31.0,-1.4,+0.5,+0,-0.38,+0.79
1,23/1/0,5:30:0,+0.84,+154.1,+1.67,+31.7,-1.4,+0.6,+0,-0.76,+0.37
1,23/1/0,6:0:0,+1.23,+176.7,+2.75,+31.8,-1.2,+0.6,+0,-1.23,+0.07
1,23/1/0,6:30:0,+1.03,+192.0,+2.90,+32.1,-1.3,+0.6,+0,-1.01,-0.22
1,23/1/0,7:0:0,+1.12,+193.5,+4.22,+31.7,-1.2,+0.7,+0,-1.09,-0.26
1,23/1/0,7:30:0,+0.70,+174.7,+3.13,+31.1,-1.4,+0.7,+0,-0.70,+0.06
1,23/1/0,8:0:0,+0.39,+181.6,+0.96,+30.1,-1.2,+0.5,+0,-0.39,-0.01
1,23/1/0,8:30:0,+0.31,+177.3,+0.88,+28.4,-1.4,+0.6,+0,-0.31,+0.01
1,23/1/0,9:0:0,+0.21,+186.1,+0.58,+27.0,-1.1,+0.6,+0,-0.21,-0.02
1,23/1/0,9:30:0,+0.19,+338.6,+0.62,+24.7,-1.1,+0.6,+0,+0.18,-0.07
1,23/1/0,10:0:0,+0.16,+15.0,+0.40,+23.2,-1.1,+0.6,+0,+0.15,+0.04
1,23/1/0,10:30:0,+0.27,+291.4,+0.61,+21.7,-0.9,+0.3,+0,+0.10,-0.25
1,23/1/0,11:0:0,+0.21,+293.6,+0.58,+20.7,-1.1,+0.4,+0,+0.09,-0.20
1,23/1/0,11:30:0,+0.26,+290.9,+0.69,+19.5,-1.1,+0.6,+0,+0.09,-0.24
1,23/1/0,12:0:0,+0.42,+276.1,+1.39,+18.7,-1.2,+0.6,+0,+0.04,-0.42
1,23/1/0,12:30:0,+0.88,+223.4,+3.04,+18.5,-1.2,+0.6,+0,-0.64,-0.60
1,23/1/0,13:0:0,+1.10,+185.6,+4.07,+19.8,-1.1,+0.6,+0,-1.09,-0.11
1,23/1/0,13:30:0,+1.13,+204.4,+3.70,+20.9,-1.0,+0.5,+0,-1.03,-0.47
1,23/1/0,14:0:0,+0.53,+238.3,+2.84,+19.1,-1.1,+0.4,+0,-0.28,-0.45
1,23/1/0,14:30:0,+0.56,+228.8,+2.86,+18.2,-1.1,+0.7,+0,-0.37,-0.42
1,23/1/0,15:0:0,+0.56,+234.8,+2.51,+17.5,-1.0,+0.5,+0,-0.32,-0.46
1,23/1/0,15:30:0,+0.46,+238.1,+2.17,+16.8,-1.0,+0.6,+0,-0.24,-0.39
1,23/1/0,16:0:0,+0.77,+232.0,+2.94,+16.6,-1.0,+0.5,+0,-0.48,-0.61
1,23/1/0,16:30:0,+0.48,+307.2,+1.78,+16.2,-1.1,+0.5,+0,+0.29,-0.38
1,23/1/0,17:0:0,+0.53,+247.7,+1.76,+15.8,-0.9,+0.7,+0,-0.20,-0.49
1,23/1/0,17:30:0,+0.40,+250.9,+1.44,+15.2,-1.3,+0.4,+0,-0.13,-0.37
1,23/1/0,18:0:0,+0.36,+262.7,+1.32,+14.7,-1.1,+0.6,+0,-0.05,-0.36
1,23/1/0,18:30:0,+0.35,+342.5,+0.84,+14.4,-1.0,+0.7,+0,+0.33,-0.10
1,23/1/0,19:0:0,+0.29,+328.2,+0.59,+14.3,-1.0,+0.6,+0,+0.25,-0.15
1,23/1/0,19:30:0,+0.29,+274.9,+0.69,+13.9,-1.0,+0.6,+0,+0.02,-0.29
1,23/1/0,20:0:0,+0.37,+260.7,+1.13,+13.7,-0.9,+0.6,+0,-0.06,-0.36
1,23/1/0,20:30:0,+0.26,+288.0,+0.76,+13.7,-1.0,+0.5,+0,+0.08,-0.25
1,23/1/0,21:0:0,+0.34,+61.4,+1.03,+14.6,-1.0,+0.4,+0,+0.16,+0.30
1,23/1/0,21:30:0,+0.68,+103.1,+1.19,+16.2,-1.1,+0.7,+0,-0.15,+0.66
1,23/1/0,22:0:0,+0.78,+92.6,+1.70,+17.5,-1.0,+0.7,+0,-0.04,+0.78
1,23/1/0,22:30:0,+0.78,+89.5,+1.53,+19.1,-1.1,+0.5,+0,+0.01,+0.78
1,23/1/0,23:0:0,+0.69,+109.7,+1.37,+21.3,-1.0,+0.7,+0,-0.23,+0.65
1,23/1/0,23:30:0,+0.76,+102.6,+1.29,+23.1,-1.3,+0.7,+0,-0.17,+0.74
1,24/1/0,0:0:0,+0.74,+122.7,+1.30,+25.9,-1.3,+0.7,+0,-0.40,+0.62
1,24/1/0,0:30:0,+0.85,+170.1,+1.66,+26.8,-1.2,+0.8,+0,-0.83,+0.15
1,24/1/0,1:0:0,+0.75,+144.7,+1.58,+27.4,-1.2,+0.5,+0,-0.61,+0.43
1,24/1/0,1:30:0,+0.87,+143.2,+1.76,+29.1,-1.2,+0.6,+0,-0.70,+0.52
1,24/1/0,2:0:0,+1.10,+165.6,+2.63,+30.0,-1.5,+0.8,+0,-1.07,+0.27
1,24/1/0,2:30:0,+1.18,+172.8,+2.29,+31.0,-1.4,+0.7,+0,-1.17,+0.15
1,24/1/0,3:0:0,+0.90,+160.9,+2.01,+31.0,-1.2,+0.5,+0,-0.85,+0.29
1,24/1/0,3:30:0,+1.64,+197.2,+4.19,+31.4,-1.4,+0.7,+0,-1.56,-0.49
1,24/1/0,4:0:0,+1.04,+139.3,+3.12,+31.8,-1.4,+0.8,+0,-0.79,+0.68
1,24/1/0,4:30:0,+1.18,+98.9,+3.08,+31.5,-1.4,+0.6,+0,-0.18,+1.17
1,24/1/0,5:0:0,+1.54,+203.3,+3.41,+31.9,-1.2,+0.5,+0,-1.42,-0.61
1,24/1/0,5:30:0,+1.33,+196.5,+4.65,+32.7,-1.2,+0.7,+0,-1.28,-0.38
1,24/1/0,6:0:0,+1.22,+192.7,+4.05,+33.3,-1.6,+0.8,+0,-1.19,-0.27
1,24/1/0,6:30:0,+0.86,+177.8,+2.24,+34.1,-1.3,+0.8,+0,-0.86,+0.03
1,24/1/0,7:0:0,+0.70,+171.7,+1.78,+34.2,-1.3,+0.6,+0,-0.69,+0.10
1,24/1/0,7:30:0,+0.54,+147.6,+1.18,+33.0,-1.3,+0.6,+0,-0.45,+0.29
1,24/1/0,8:0:0,+0.36,+111.7,+1.39,+30.0,-1.1,+0.5,+0,-0.13,+0.34
1,24/1/0,8:30:0,+1.01,+69.6,+3.43,+30.1,-1.6,+0.3,+0,+0.35,+0.95
1,24/1/0,9:0:0,+1.16,+66.5,+3.32,+30.3,-1.6,+0.9,+0,+0.46,+1.06
1,24/1/0,9:30:0,+0.83,+64.9,+2.34,+29.3,-1.1,+0.8,+0,+0.35,+0.75
