7450-268227
OS REV: 1.05 Sensor Cal: 1592496917
Time (sec),  BV (Volts),  T (deg C),  DO (mg/l),  Q ()
1597787940,+3.51,+15.424, +8.782,+0.996
1597788540,+3.51,+15.416, +8.778,+0.996
1597789140,+3.51,+15.390, +8.792,+0.996
1597789740,+3.51,+15.330, +8.804,+0.996
1597790340,+3.51,+15.304, +8.807,+0.997
1597790940,+3.51,+15.339, +8.819,+0.996
1597791540,+3.51,+15.433, +8.784,+0.996
1597792140,+3.51,+15.364, +8.815,+0.996
1597792740,+3.51,+15.364, +8.799,+0.996
1597793340,+3.51,+15.313, +8.814,+0.997
1597793940,+3.51,+15.330, +8.801,+0.996
1597794540,+3.51,+15.304, +8.813,+0.996
1597795140,+3.51,+15.304, +8.815,+0.996
1597795740,+3.51,+15.364, +8.825,+0.997
1597796340,+3.51,+15.424, +8.814,+0.996
1597796940,+3.51,+15.399, +8.817,+0.996
1597797540,+3.51,+15.407, +8.814,+0.996
1597798140,+3.51,+15.476, +8.806,+0.996
1597798740,+3.51,+15.519, +8.798,+0.996
1597799340,+3.51,+15.519, +8.807,+0.996
1597799940,+3.51,+15.519, +8.801,+0.996
1597800540,+3.51,+15.510, +8.807,+0.996
1597801140,+3.51,+15.502, +8.799,+0.996
1597801740,+3.51,+15.519, +8.812,+0.996
1597802340,+3.51,+15.553, +8.801,+0.997
1597802940,+3.51,+15.621, +8.783,+0.996
1597803540,+3.51,+15.801, +8.772,+0.996
1597804140,+3.51,+15.741, +8.769,+0.996
1597804740,+3.51,+15.741, +8.794,+0.996
1597805340,+3.51,+15.835, +8.766,+0.997
1597805940,+3.51,+15.852, +8.766,+0.996
1597806540,+3.51,+15.938, +8.758,+0.996
1597807140,+3.51,+15.938, +8.741,+0.996
1597807740,+3.51,+15.861, +8.746,+0.996
1597808340,+3.51,+15.861, +8.738,+0.996
1597808940,+3.51,+15.818, +8.750,+0.996
1597809540,+3.51,+15.827, +8.733,+0.996
1597810140,+3.51,+15.801, +8.730,+0.996
1597810740,+3.51,+15.793, +8.740,+0.996
1597811340,+3.51,+15.835, +8.727,+0.996
1597811940,+3.51,+15.861, +8.713,+0.996
1597812540,+3.51,+15.835, +8.717,+0.996
1597813140,+3.51,+15.818, +8.717,+0.996
1597813740,+3.51,+15.835, +8.715,+0.996
1597814340,+3.51,+15.818, +8.716,+0.996
1597814940,+3.52,+15.801, +8.722,+0.996
1597815540,+3.51,+15.784, +8.709,+0.995
1597816140,+3.51,+15.775, +8.705,+0.996
1597816740,+3.51,+15.767, +8.707,+0.996
1597817340,+3.51,+15.767, +8.705,+0.996
1597817940,+3.51,+15.767, +8.683,+0.995
1597818540,+3.51,+15.733, +8.703,+0.996
1597819140,+3.51,+15.750, +8.705,+0.996
1597819740,+3.51,+15.750, +8.694,+0.996
1597820340,+3.51,+15.758, +8.675,+0.995
1597820940,+3.51,+15.750, +8.687,+0.996
1597821540,+3.51,+15.716, +8.692,+0.996
1597822140,+3.51,+15.698, +8.702,+0.996
1597822740,+3.51,+15.698, +8.699,+0.996
1597823340,+3.51,+15.698, +8.692,+0.996
1597823940,+3.51,+15.690, +8.689,+0.996
1597824540,+3.51,+15.664, +8.701,+0.997
1597825140,+3.51,+15.647, +8.695,+0.996
1597825740,+3.51,+15.621, +8.698,+0.996
1597826340,+3.51,+15.621, +8.703,+0.997
1597826940,+3.51,+15.613, +8.695,+0.996
1597827540,+3.51,+15.621, +8.684,+0.996
1597828140,+3.51,+15.587, +8.692,+0.996
1597828740,+3.51,+15.613, +8.676,+0.996
1597829340,+3.51,+15.579, +8.689,+0.996
1597829940,+3.51,+15.587, +8.678,+0.996
1597830540,+3.51,+15.562, +8.678,+0.996
1597831140,+3.51,+15.570, +8.674,+0.996
1597831740,+3.51,+15.562, +8.657,+0.996
1597832340,+3.51,+15.570, +8.657,+0.996
1597832940,+3.51,+15.527, +8.645,+0.996
1597833540,+3.51,+15.536, +8.647,+0.996
1597834140,+3.51,+15.536, +8.653,+0.996
1597834740,+3.51,+15.502, +8.652,+0.997
1597835340,+3.51,+15.493, +8.645,+0.996
1597835940,+3.51,+15.493, +8.653,+0.997
1597836540,+3.51,+15.467, +8.654,+0.996
1597837140,+3.51,+15.416, +8.673,+0.996
1597837740,+3.51,+15.399, +8.670,+0.996
1597838340,+3.51,+15.407, +8.661,+0.996
1597838940,+3.51,+15.407, +8.678,+0.997
1597839540,+3.51,+15.416, +8.659,+0.996
1597840140,+3.51,+15.399, +8.679,+0.997
1597840740,+3.51,+15.399, +8.655,+0.996
1597841340,+3.51,+15.382, +8.664,+0.996
1597841940,+3.51,+15.382, +8.657,+0.996
1597842540,+3.51,+15.399, +8.660,+0.996
1597843140,+3.51,+15.364, +8.645,+0.996
1597843740,+3.51,+15.364, +8.652,+0.996
1597844340,+3.51,+15.356, +8.655,+0.997
1597844940,+3.51,+15.373, +8.628,+0.996
1597845540,+3.51,+15.390, +8.622,+0.996
1597846140,+3.51,+15.364, +8.632,+0.996
1597846740,+3.51,+15.382, +8.627,+0.997
1597847340,+3.51,+15.347, +8.619,+0.996
1597847940,+3.51,+15.347, +8.627,+0.996
1597848540,+3.51,+15.347, +8.635,+0.996
1597849140,+3.51,+15.339, +8.646,+0.997
1597849740,+3.51,+15.347, +8.643,+0.997
1597850340,+3.51,+15.339, +8.637,+0.996
1597850940,+3.51,+15.347, +8.634,+0.996
1597851540,+3.51,+15.356, +8.632,+0.996
1597852140,+3.51,+15.339, +8.647,+0.996
1597852740,+3.51,+15.347, +8.622,+0.996
1597853340,+3.51,+15.330, +8.627,+0.996
1597853940,+3.51,+15.356, +8.624,+0.997
1597854540,+3.51,+15.382, +8.627,+0.996
1597855140,+3.51,+15.390, +8.634,+0.996
1597855740,+3.51,+15.382, +8.648,+0.997
1597856340,+3.51,+15.407, +8.640,+0.996
1597856940,+3.51,+15.416, +8.647,+0.997
1597857540,+3.51,+15.424, +8.634,+0.996
1597858140,+3.51,+15.424, +8.635,+0.997
1597858740,+3.51,+15.442, +8.641,+0.997
1597859340,+3.51,+15.433, +8.636,+0.996
1597859940,+3.51,+15.433, +8.630,+0.996
1597860540,+3.51,+15.459, +8.628,+0.996
1597861140,+3.51,+15.527, +8.611,+0.996
1597861740,+3.51,+15.544, +8.612,+0.997
1597862340,+3.51,+15.587, +8.626,+0.996
1597862940,+3.51,+15.553, +8.630,+0.996
1597863540,+3.51,+15.570, +8.632,+0.996
1597864140,+3.51,+15.596, +8.654,+0.996
1597864740,+3.51,+15.587, +8.640,+0.996
1597865340,+3.51,+15.596, +8.656,+0.997
1597865940,+3.51,+15.579, +8.655,+0.996
1597866540,+3.51,+15.579, +8.657,+0.996
1597867140,+3.51,+15.613, +8.646,+0.996
1597867740,+3.51,+15.630, +8.643,+0.996
1597868340,+3.51,+15.639, +8.653,+0.996
1597868940,+3.51,+15.656, +8.647,+0.996
1597869540,+3.51,+15.673, +8.657,+0.997
1597870140,+3.51,+15.698, +8.639,+0.996
1597870740,+3.51,+15.664, +8.634,+0.996
1597871340,+3.51,+15.673, +8.650,+0.996
1597871940,+3.51,+15.690, +8.647,+0.996
1597872540,+3.51,+15.698, +8.643,+0.996
1597873140,+3.51,+15.707, +8.652,+0.996
1597873740,+3.51,+15.733, +8.649,+0.996
1597874340,+3.51,+15.690, +8.654,+0.996
