7450-293738
OS REV: 1.05 Sensor Cal: 1592496161
Time (sec),  BV (Volts),  T (deg C),  DO (mg/l),  Q ()
1626302340,+3.18,+22.431, +8.798,+1.015
1626302940,+3.18,+22.472, +8.768,+1.015
1626303540,+3.18,+22.523, +8.691,+1.015
1626304140,+3.18,+22.506, +8.785,+1.015
1626304740,+3.18,+22.523, +8.746,+1.015
1626305340,+3.18,+22.556, +8.703,+1.014
1626305940,+3.18,+22.564, +8.853,+1.015
1626306540,+3.18,+22.573, +8.794,+1.015
1626307140,+3.18,+22.581, +8.762,+1.015
1626307740,+3.18,+22.623, +8.785,+1.016
1626308340,+3.18,+22.698, +8.738,+1.015
1626308940,+3.18,+22.773, +8.648,+1.015
1626309540,+3.18,+22.832, +8.590,+1.015
1626310140,+3.18,+22.848, +8.705,+1.015
1626310740,+3.18,+22.807, +8.779,+1.015
1626311340,+3.18,+22.773, +8.582,+1.014
1626311940,+3.18,+22.815, +8.608,+1.015
1626312540,+3.18,+22.857, +8.635,+1.015
1626313140,+3.18,+22.915, +8.849,+1.015
1626313740,+3.18,+22.848, +8.900,+1.015
1626314340,+3.18,+22.765, +8.768,+1.015
1626314940,+3.18,+22.773, +8.811,+1.015
1626315540,+3.18,+22.765, +8.833,+1.014
1626316140,+3.18,+22.798, +8.871,+1.015
1626316740,+3.18,+22.773, +8.877,+1.015
1626317340,+3.18,+22.757, +8.865,+1.015
1626317940,+3.18,+22.731, +8.833,+1.014
1626318540,+3.18,+22.698, +8.786,+1.014
1626319140,+3.18,+22.723, +8.765,+1.015
1626319740,+3.18,+22.698, +8.796,+1.015
1626320340,+3.18,+22.681, +8.787,+1.014
1626320940,+3.18,+22.698, +8.757,+1.015
1626321540,+3.18,+22.681, +8.696,+1.016
1626322140,+3.18,+22.715, +8.734,+1.015
1626322740,+3.18,+22.723, +8.703,+1.014
1626323340,+3.18,+22.723, +8.700,+1.015
1626323940,+3.18,+22.757, +8.678,+1.015
1626324540,+3.18,+22.765, +8.698,+1.015
1626325140,+3.18,+22.748, +8.671,+1.015
1626325740,+3.18,+22.740, +8.660,+1.015
1626326340,+3.18,+22.723, +8.703,+1.015
1626326940,+3.18,+22.723, +8.731,+1.015
1626327540,+3.18,+22.723, +8.739,+1.015
1626328140,+3.18,+22.698, +8.663,+1.015
1626328740,+3.18,+22.715, +8.668,+1.014
1626329340,+3.18,+22.698, +8.667,+1.015
1626329940,+3.18,+22.723, +8.509,+1.015
1626330540,+3.18,+22.723, +8.535,+1.014
1626331140,+3.18,+22.740, +8.572,+1.015
1626331740,+3.18,+22.731, +8.584,+1.015
1626332340,+3.18,+22.706, +8.735,+1.015
1626332940,+3.18,+22.706, +8.725,+1.014
1626333540,+3.18,+22.748, +8.715,+1.014
1626334140,+3.18,+22.773, +8.587,+1.014
1626334740,+3.17,+22.932, +8.505,+1.014
1626335340,+3.17,+22.965, +8.432,+1.014
1626335940,+3.18,+22.890, +8.396,+1.014
1626336540,+3.18,+22.832, +8.427,+1.015
1626337140,+3.18,+22.807, +8.376,+1.015
1626337740,+3.18,+22.748, +8.365,+1.014
1626338340,+3.18,+22.690, +8.396,+1.015
1626338940,+3.18,+22.614, +8.409,+1.015
1626339540,+3.18,+22.614, +8.381,+1.015
1626340140,+3.18,+22.589, +8.391,+1.014
1626340740,+3.18,+22.548, +8.426,+1.015
1626341340,+3.18,+22.498, +8.454,+1.015
1626341940,+3.18,+22.447, +8.460,+1.014
1626342540,+3.18,+22.414, +8.475,+1.015
1626343140,+3.18,+22.372, +8.467,+1.015
1626343740,+3.18,+22.322, +8.481,+1.015
1626344340,+3.18,+22.289, +8.458,+1.015
1626344940,+3.18,+22.239, +8.474,+1.015
1626345540,+3.18,+22.180, +8.514,+1.015
1626346140,+3.18,+22.138, +8.506,+1.015
1626346740,+3.17,+22.105, +8.565,+1.015
1626347340,+3.17,+22.055, +8.662,+1.015
1626347940,+3.17,+22.021, +8.623,+1.015
1626348540,+3.17,+21.988, +8.670,+1.015
1626349140,+3.17,+21.930, +8.668,+1.015
1626349740,+3.18,+21.913, +8.662,+1.015
1626350340,+3.18,+21.871, +8.646,+1.015
1626350940,+3.18,+21.854, +8.722,+1.015
1626351540,+3.18,+21.804, +8.746,+1.015
1626352140,+3.18,+21.796, +8.752,+1.015
1626352740,+3.18,+21.746, +8.689,+1.015
1626353340,+3.18,+21.713, +8.664,+1.015
1626353940,+3.18,+21.687, +8.666,+1.015
1626354540,+3.18,+21.696, +8.660,+1.015
1626355140,+3.18,+21.654, +8.650,+1.016
1626355740,+3.18,+21.646, +8.640,+1.015
1626356340,+3.18,+21.629, +8.629,+1.015
1626356940,+3.18,+21.587, +8.637,+1.015
1626357540,+3.18,+21.612, +8.629,+1.015
1626358140,+3.18,+21.604, +8.619,+1.015
1626358740,+3.18,+21.571, +8.618,+1.016
1626359340,+3.18,+21.546, +8.621,+1.015
1626359940,+3.18,+21.554, +8.612,+1.016
1626360540,+3.18,+21.537, +8.628,+1.016
1626361140,+3.18,+21.554, +8.605,+1.014
1626361740,+3.18,+21.546, +8.606,+1.015
1626362340,+3.18,+21.554, +8.622,+1.016
1626362940,+3.18,+21.546, +8.640,+1.015
1626363540,+3.18,+21.579, +8.604,+1.015
1626364140,+3.18,+21.579, +8.591,+1.015
1626364740,+3.18,+21.587, +8.585,+1.015
1626365340,+3.18,+21.604, +8.565,+1.016
1626365940,+3.18,+21.629, +8.590,+1.015
1626366540,+3.18,+21.646, +8.561,+1.015
1626367140,+3.18,+21.671, +8.557,+1.015
1626367740,+3.18,+21.696, +8.532,+1.016
1626368340,+3.18,+21.696, +8.497,+1.015
1626368940,+3.18,+21.746, +8.449,+1.015
1626369540,+3.18,+21.779, +8.371,+1.015
1626370140,+3.18,+21.796, +8.392,+1.015
1626370740,+3.18,+21.846, +8.401,+1.015
1626371340,+3.18,+21.871, +8.432,+1.015
1626371940,+3.17,+21.880, +8.437,+1.015
1626372540,+3.17,+21.930, +8.453,+1.016
1626373140,+3.17,+21.946, +8.405,+1.015
1626373740,+3.17,+21.980, +8.388,+1.015
1626374340,+3.17,+22.013, +8.263,+1.015
1626374940,+3.17,+22.030, +8.185,+1.015
1626375540,+3.17,+22.013, +8.453,+1.015
1626376140,+3.17,+21.980, +8.568,+1.015
1626376740,+3.17,+21.996, +8.630,+1.016
1626377340,+3.17,+22.030, +8.644,+1.015
1626377940,+3.17,+22.030, +8.660,+1.015
1626378540,+3.17,+22.021, +8.686,+1.015
1626379140,+3.17,+22.038, +8.643,+1.015
1626379740,+3.17,+22.080, +8.667,+1.015
1626380340,+3.18,+22.147, +8.548,+1.015
1626380940,+3.18,+22.172, +8.510,+1.015
1626381540,+3.18,+22.214, +8.548,+1.015
1626382140,+3.18,+22.230, +8.630,+1.015
1626382740,+3.17,+22.113, +8.821,+1.015
1626383340,+3.18,+22.188, +9.067,+1.015
1626383940,+3.18,+22.255, +8.736,+1.015
1626384540,+3.18,+22.280, +8.705,+1.014
1626385140,+3.18,+22.272, +8.724,+1.014
1626385740,+3.18,+22.339, +9.177,+1.014
1626386340,+3.18,+22.439, +8.990,+1.016
1626386940,+3.18,+22.472, +8.966,+1.015
1626387540,+3.18,+22.472, +8.666,+1.015
1626388140,+3.18,+22.548, +8.594,+1.014
1626388740,+3.18,+22.573, +8.808,+1.016
