7450-293738
OS REV: 1.05 Sensor Cal: 1592496161
Time (sec),  BV (Volts),  T (deg C),  DO (mg/l),  Q ()
1626476340,+3.18,+22.347, +8.786,+1.015
1626476940,+3.18,+22.364, +8.767,+1.015
1626477540,+3.18,+22.414, +9.140,+1.015
1626478140,+3.18,+22.389, +8.867,+1.014
1626478740,+3.18,+22.339, +8.748,+1.015
1626479340,+3.18,+22.389, +8.966,+1.015
1626479940,+3.18,+22.364, +8.822,+1.014
1626480540,+3.18,+22.280, +8.765,+1.015
1626481140,+3.18,+22.289, +8.706,+1.015
1626481740,+3.18,+22.314, +8.664,+1.014
1626482340,+3.18,+22.347, +8.672,+1.015
1626482940,+3.18,+22.356, +8.820,+1.014
1626483540,+3.18,+22.381, +8.943,+1.015
1626484140,+3.18,+22.356, +9.006,+1.015
1626484740,+3.18,+22.381, +9.162,+1.015
1626485340,+3.18,+22.364, +8.979,+1.015
1626485940,+3.18,+22.381, +9.215,+1.015
1626486540,+3.18,+22.414, +9.533,+1.015
1626487140,+3.18,+22.439, +9.454,+1.015
1626487740,+3.18,+22.456, +9.284,+1.016
1626488340,+3.18,+22.481, +9.220,+1.015
1626488940,+3.18,+22.472, +8.988,+1.015
1626489540,+3.18,+22.489, +8.894,+1.014
1626490140,+3.18,+22.481, +8.922,+1.014
1626490740,+3.18,+22.456, +8.990,+1.015
1626491340,+3.18,+22.431, +8.931,+1.015
1626491940,+3.18,+22.431, +8.894,+1.015
1626492540,+3.18,+22.381, +9.166,+1.015
1626493140,+3.18,+22.464, +9.479,+1.015
1626493740,+3.18,+22.447, +9.652,+1.015
1626494340,+3.18,+22.431, +9.754,+1.015
1626494940,+3.18,+22.389, +9.836,+1.015
1626495540,+3.18,+22.372, +9.437,+1.015
1626496140,+3.18,+22.364, +8.985,+1.015
1626496740,+3.18,+22.397, +9.062,+1.014
1626497340,+3.18,+22.381, +9.118,+1.015
1626497940,+3.18,+22.422, +9.073,+1.015
1626498540,+3.18,+22.414, +9.270,+1.014
1626499140,+3.18,+22.381, +9.834,+1.015
1626499740,+3.18,+22.330, +9.207,+1.015
1626500340,+3.18,+22.356, +9.398,+1.015
1626500940,+3.18,+22.372, +9.518,+1.016
1626501540,+3.18,+22.381, +9.691,+1.015
1626502140,+3.18,+22.422, +9.751,+1.015
1626502740,+3.18,+22.514, +9.709,+1.014
1626503340,+3.18,+22.397, +9.370,+1.015
1626503940,+3.18,+22.414, +9.741,+1.015
1626504540,+3.18,+22.598, +8.857,+1.014
1626505140,+3.18,+22.523, +8.857,+1.015
1626505740,+3.18,+22.564, +8.809,+1.014
1626506340,+3.18,+22.548, +8.764,+1.014
1626506940,+3.18,+22.531, +8.808,+1.014
1626507540,+3.18,+22.464, +8.801,+1.014
1626508140,+3.18,+22.406, +8.800,+1.014
1626508740,+3.18,+22.356, +8.732,+1.015
1626509340,+3.18,+22.297, +8.744,+1.015
1626509940,+3.18,+22.289, +8.637,+1.015
1626510540,+3.18,+22.239, +8.650,+1.015
1626511140,+3.18,+22.222, +8.651,+1.015
1626511740,+3.18,+22.172, +8.583,+1.015
1626512340,+3.17,+22.155, +8.577,+1.015
1626512940,+3.17,+22.122, +8.571,+1.016
1626513540,+3.17,+22.088, +8.502,+1.015
1626514140,+3.17,+22.055, +8.537,+1.016
1626514740,+3.17,+22.038, +8.518,+1.015
1626515340,+3.17,+22.030, +8.511,+1.015
1626515940,+3.17,+22.005, +8.457,+1.016
1626516540,+3.17,+21.988, +8.448,+1.015
1626517140,+3.17,+21.963, +8.436,+1.015
1626517740,+3.17,+21.930, +8.446,+1.015
1626518340,+3.17,+21.930, +8.448,+1.015
1626518940,+3.17,+21.888, +8.434,+1.015
1626519540,+3.17,+21.863, +8.513,+1.015
1626520140,+3.17,+21.854, +8.487,+1.015
1626520740,+3.17,+21.846, +8.483,+1.014
1626521340,+3.17,+21.821, +8.497,+1.015
1626521940,+3.17,+21.771, +8.503,+1.015
1626522540,+3.17,+21.746, +8.506,+1.015
1626523140,+3.17,+21.713, +8.525,+1.015
1626523740,+3.17,+21.729, +8.477,+1.015
1626524340,+3.18,+21.671, +8.439,+1.014
1626524940,+3.18,+21.662, +8.405,+1.015
1626525540,+3.18,+21.637, +8.401,+1.015
1626526140,+3.18,+21.646, +8.332,+1.015
1626526740,+3.18,+21.604, +8.351,+1.015
1626527340,+3.18,+21.587, +8.398,+1.016
1626527940,+3.18,+21.579, +8.360,+1.015
1626528540,+3.18,+21.546, +8.369,+1.015
1626529140,+3.18,+21.512, +8.314,+1.015
1626529740,+3.18,+21.512, +8.259,+1.015
1626530340,+3.18,+21.504, +8.329,+1.015
1626530940,+3.18,+21.520, +8.309,+1.014
1626531540,+3.18,+21.487, +8.313,+1.015
1626532140,+3.18,+21.487, +8.310,+1.015
1626532740,+3.18,+21.487, +8.286,+1.015
1626533340,+3.18,+21.487, +8.292,+1.015
1626533940,+3.18,+21.487, +8.323,+1.015
1626534540,+3.18,+21.487, +8.311,+1.015
1626535140,+3.18,+21.495, +8.306,+1.016
1626535740,+3.18,+21.495, +8.316,+1.016
1626536340,+3.18,+21.520, +8.280,+1.015
1626536940,+3.18,+21.520, +8.284,+1.015
1626537540,+3.18,+21.537, +8.291,+1.015
1626538140,+3.18,+21.562, +8.303,+1.015
1626538740,+3.18,+21.554, +8.305,+1.014
1626539340,+3.18,+21.587, +8.328,+1.015
1626539940,+3.18,+21.604, +8.318,+1.015
1626540540,+3.18,+21.604, +8.373,+1.015
1626541140,+3.18,+21.604, +8.369,+1.014
1626541740,+3.18,+21.621, +8.382,+1.015
1626542340,+3.18,+21.654, +8.375,+1.015
1626542940,+3.17,+21.679, +8.403,+1.015
1626543540,+3.17,+21.696, +8.418,+1.014
1626544140,+3.17,+21.729, +8.410,+1.015
1626544740,+3.17,+21.746, +8.429,+1.015
1626545340,+3.17,+21.763, +8.453,+1.015
1626545940,+3.17,+21.779, +8.438,+1.016
1626546540,+3.17,+21.804, +8.398,+1.015
1626547140,+3.17,+21.829, +8.428,+1.016
1626547740,+3.17,+21.871, +8.370,+1.014
1626548340,+3.17,+21.880, +8.399,+1.016
1626548940,+3.17,+21.896, +8.364,+1.016
1626549540,+3.17,+21.871, +8.538,+1.014
1626550140,+3.17,+21.880, +8.704,+1.015
1626550740,+3.17,+21.896, +8.705,+1.015
1626551340,+3.17,+21.896, +8.695,+1.014
1626551940,+3.17,+21.871, +8.715,+1.015
1626552540,+3.17,+21.863, +8.528,+1.016
1626553140,+3.17,+21.854, +8.527,+1.015
1626553740,+3.17,+21.905, +8.440,+1.015
1626554340,+3.17,+21.955, +8.401,+1.015
1626554940,+3.17,+21.955, +8.431,+1.015
1626555540,+3.17,+22.013, +8.526,+1.015
1626556140,+3.17,+22.013, +8.516,+1.015
1626556740,+3.17,+22.038, +8.548,+1.015
1626557340,+3.17,+22.122, +8.487,+1.015
1626557940,+3.17,+22.163, +8.493,+1.014
1626558540,+3.18,+22.197, +8.517,+1.015
1626559140,+3.18,+22.255, +8.548,+1.015
1626559740,+3.18,+22.289, +8.874,+1.014
1626560340,+3.17,+22.155, +8.721,+1.014
1626560940,+3.18,+22.180, +8.806,+1.015
1626561540,+3.18,+22.205, +8.780,+1.015
1626562140,+3.18,+22.264, +8.713,+1.014
1626562740,+3.18,+22.372, +8.651,+1.015
