7450-293738
OS REV: 1.05 Sensor Cal: 1592496161
Time (sec),  BV (Volts),  T (deg C),  DO (mg/l),  Q ()
1631261340,+3.14,+16.702, +9.305,+1.015
1631261940,+3.14,+16.702, +9.294,+1.016
1631262540,+3.14,+16.668, +9.243,+1.016
1631263140,+3.14,+16.677, +9.210,+1.015
1631263740,+3.14,+16.668, +9.222,+1.016
1631264340,+3.14,+16.660, +9.236,+1.016
1631264940,+3.14,+16.617, +9.241,+1.016
1631265540,+3.14,+16.583, +9.243,+1.015
1631266140,+3.14,+16.583, +9.269,+1.015
1631266740,+3.14,+16.592, +9.241,+1.016
1631267340,+3.14,+16.583, +9.234,+1.016
1631267940,+3.14,+16.575, +9.214,+1.016
1631268540,+3.14,+16.558, +9.202,+1.016
1631269140,+3.14,+16.549, +9.209,+1.015
1631269740,+3.14,+16.549, +9.251,+1.016
1631270340,+3.14,+16.532, +9.235,+1.016
1631270940,+3.14,+16.498, +9.258,+1.016
1631271540,+3.14,+16.464, +9.296,+1.016
1631272140,+3.14,+16.481, +9.273,+1.016
1631272740,+3.14,+16.456, +9.228,+1.016
1631273340,+3.14,+16.456, +9.261,+1.016
1631273940,+3.14,+16.439, +9.287,+1.016
1631274540,+3.14,+16.413, +9.283,+1.015
1631275140,+3.14,+16.388, +9.261,+1.016
1631275740,+3.14,+16.388, +9.295,+1.016
1631276340,+3.14,+16.371, +9.245,+1.015
1631276940,+3.14,+16.362, +9.267,+1.016
1631277540,+3.14,+16.345, +9.204,+1.016
1631278140,+3.14,+16.345, +9.232,+1.016
1631278740,+3.14,+16.320, +9.246,+1.016
1631279340,+3.14,+16.320, +9.206,+1.016
1631279940,+3.14,+16.294, +9.190,+1.015
1631280540,+3.14,+16.311, +9.146,+1.015
1631281140,+3.14,+16.294, +9.136,+1.016
1631281740,+3.14,+16.294, +9.068,+1.015
1631282340,+3.14,+16.277, +9.135,+1.016
1631282940,+3.14,+16.252, +9.120,+1.015
1631283540,+3.14,+16.243, +9.142,+1.015
1631284140,+3.14,+16.269, +9.096,+1.016
1631284740,+3.14,+16.243, +9.122,+1.016
1631285340,+3.14,+16.235, +9.091,+1.016
1631285940,+3.14,+16.260, +9.095,+1.016
1631286540,+3.14,+16.235, +9.115,+1.016
1631287140,+3.14,+16.252, +9.105,+1.016
1631287740,+3.14,+16.260, +9.122,+1.016
1631288340,+3.14,+16.260, +9.080,+1.016
1631288940,+3.14,+16.260, +9.065,+1.016
1631289540,+3.14,+16.277, +9.110,+1.015
1631290140,+3.14,+16.294, +9.105,+1.016
1631290740,+3.14,+16.269, +9.138,+1.016
1631291340,+3.14,+16.320, +9.139,+1.016
1631291940,+3.14,+16.294, +9.129,+1.016
1631292540,+3.14,+16.320, +9.110,+1.015
1631293140,+3.14,+16.320, +9.125,+1.016
1631293740,+3.14,+16.320, +9.113,+1.016
1631294340,+3.14,+16.320, +9.131,+1.016
1631294940,+3.14,+16.362, +9.097,+1.016
1631295540,+3.14,+16.379, +9.102,+1.015
1631296140,+3.14,+16.379, +9.115,+1.015
1631296740,+3.14,+16.379, +9.127,+1.016
1631297340,+3.14,+16.413, +9.137,+1.016
1631297940,+3.14,+16.422, +9.131,+1.016
1631298540,+3.14,+16.413, +9.126,+1.016
1631299140,+3.14,+16.439, +9.147,+1.016
1631299740,+3.14,+16.456, +9.161,+1.015
1631300340,+3.14,+16.490, +9.172,+1.015
1631300940,+3.14,+16.532, +9.213,+1.016
1631301540,+3.14,+16.549, +9.229,+1.015
1631302140,+3.14,+16.592, +9.219,+1.015
1631302740,+3.14,+16.600, +9.202,+1.015
1631303340,+3.14,+16.626, +9.199,+1.016
1631303940,+3.14,+16.660, +9.178,+1.015
1631304540,+3.14,+16.668, +9.192,+1.016
1631305140,+3.14,+16.668, +9.197,+1.015
1631305740,+3.14,+16.634, +9.174,+1.015
1631306340,+3.14,+16.651, +9.174,+1.016
1631306940,+3.14,+16.626, +9.141,+1.016
1631307540,+3.14,+16.575, +9.108,+1.015
1631308140,+3.14,+16.592, +9.106,+1.015
1631308740,+3.14,+16.549, +9.149,+1.015
1631309340,+3.14,+16.515, +9.171,+1.016
1631309940,+3.14,+16.524, +9.133,+1.015
1631310540,+3.14,+16.532, +9.201,+1.016
1631311140,+3.14,+16.532, +9.211,+1.015
1631311740,+3.14,+16.626, +9.185,+1.015
1631312340,+3.14,+16.753, +9.359,+1.015
1631312940,+3.14,+16.880, +9.232,+1.016
1631313540,+3.14,+16.931, +9.197,+1.015
1631314140,+3.14,+16.923, +9.196,+1.015
1631314740,+3.14,+16.939, +9.188,+1.015
1631315340,+3.14,+16.939, +9.213,+1.015
1631315940,+3.14,+16.948, +9.201,+1.015
1631316540,+3.14,+16.956, +9.236,+1.015
1631317140,+3.14,+16.923, +9.224,+1.016
1631317740,+3.14,+16.939, +9.215,+1.015
1631318340,+3.14,+16.923, +9.223,+1.015
1631318940,+3.14,+16.931, +9.239,+1.016
1631319540,+3.14,+16.956, +9.113,+1.015
1631320140,+3.14,+16.948, +9.114,+1.015
1631320740,+3.14,+16.923, +9.155,+1.015
1631321340,+3.14,+16.939, +9.077,+1.015
1631321940,+3.14,+16.948, +9.100,+1.015
1631322540,+3.14,+16.948, +9.162,+1.014
1631323140,+3.14,+16.948, +9.226,+1.016
1631323740,+3.14,+16.973, +9.212,+1.015
1631324340,+3.14,+16.990, +9.263,+1.015
1631324940,+3.14,+16.982, +9.307,+1.015
1631325540,+3.14,+16.956, +9.314,+1.016
1631326140,+3.14,+16.956, +9.224,+1.015
1631326740,+3.14,+16.939, +9.222,+1.015
1631327340,+3.14,+16.939, +9.157,+1.016
1631327940,+3.14,+16.939, +9.093,+1.015
1631328540,+3.14,+16.948, +9.182,+1.015
1631329140,+3.14,+16.897, +9.284,+1.015
1631329740,+3.14,+16.914, +9.254,+1.015
1631330340,+3.14,+16.923, +9.230,+1.015
1631330940,+3.14,+16.914, +9.185,+1.015
1631331540,+3.14,+16.889, +9.137,+1.015
1631332140,+3.14,+16.889, +9.167,+1.016
1631332740,+3.14,+16.889, +9.130,+1.015
1631333340,+3.14,+16.897, +9.157,+1.015
1631333940,+3.14,+16.872, +9.139,+1.016
1631334540,+3.14,+16.872, +9.135,+1.015
1631335140,+3.14,+16.872, +9.181,+1.015
1631335740,+3.14,+16.855, +9.248,+1.016
1631336340,+3.14,+16.838, +9.234,+1.016
1631336940,+3.14,+16.745, +9.220,+1.015
1631337540,+3.14,+16.745, +9.147,+1.016
1631338140,+3.14,+16.821, +9.090,+1.016
1631338740,+3.14,+16.795, +9.154,+1.016
1631339340,+3.14,+16.812, +9.135,+1.015
1631339940,+3.14,+16.795, +9.088,+1.015
1631340540,+3.14,+16.787, +9.107,+1.015
1631341140,+3.14,+16.778, +9.145,+1.015
1631341740,+3.14,+16.762, +9.103,+1.016
1631342340,+3.14,+16.787, +9.139,+1.016
1631342940,+3.14,+16.762, +9.047,+1.016
1631343540,+3.14,+16.728, +9.121,+1.015
1631344140,+3.14,+16.728, +8.981,+1.016
1631344740,+3.14,+16.711, +9.064,+1.015
1631345340,+3.14,+16.719, +9.106,+1.015
1631345940,+3.14,+16.745, +9.067,+1.016
1631346540,+3.14,+16.711, +9.115,+1.015
1631347140,+3.14,+16.694, +9.092,+1.015
1631347740,+3.14,+16.694, +9.066,+1.016
