7450-293738
OS REV: 1.05 Sensor Cal: 1592496161
Time (sec),  BV (Volts),  T (deg C),  DO (mg/l),  Q ()
1630217340,+3.15,+17.244, +8.842,+1.015
1630217940,+3.15,+17.278, +8.875,+1.016
1630218540,+3.15,+17.236, +9.089,+1.015
1630219140,+3.15,+17.236, +9.096,+1.015
1630219740,+3.15,+17.295, +9.002,+1.015
1630220340,+3.15,+17.464, +8.629,+1.014
1630220940,+3.15,+17.320, +9.195,+1.015
1630221540,+3.15,+17.362, +8.677,+1.014
1630222140,+3.15,+17.261, +9.035,+1.014
1630222740,+3.15,+17.346, +8.807,+1.015
1630223340,+3.15,+17.413, +8.575,+1.015
1630223940,+3.15,+17.295, +8.771,+1.015
1630224540,+3.15,+17.286, +8.946,+1.015
1630225140,+3.15,+17.278, +8.636,+1.015
1630225740,+3.15,+17.253, +8.624,+1.014
1630226340,+3.15,+17.185, +8.669,+1.015
1630226940,+3.15,+17.160, +8.674,+1.015
1630227540,+3.15,+17.100, +8.721,+1.016
1630228140,+3.15,+17.075, +8.722,+1.015
1630228740,+3.15,+16.999, +8.750,+1.015
1630229340,+3.15,+16.973, +8.745,+1.016
1630229940,+3.15,+16.914, +8.733,+1.016
1630230540,+3.15,+16.855, +8.747,+1.015
1630231140,+3.15,+16.838, +8.739,+1.015
1630231740,+3.15,+16.804, +8.717,+1.015
1630232340,+3.15,+16.770, +8.772,+1.015
1630232940,+3.14,+16.745, +8.752,+1.016
1630233540,+3.14,+16.702, +8.757,+1.016
1630234140,+3.14,+16.702, +8.701,+1.016
1630234740,+3.14,+16.660, +8.732,+1.016
1630235340,+3.14,+16.626, +8.707,+1.016
1630235940,+3.15,+16.617, +8.726,+1.016
1630236540,+3.14,+16.617, +8.721,+1.016
1630237140,+3.14,+16.558, +8.741,+1.015
1630237740,+3.15,+16.524, +8.703,+1.016
1630238340,+3.15,+16.549, +8.725,+1.016
1630238940,+3.15,+16.507, +8.717,+1.016
1630239540,+3.15,+16.481, +8.713,+1.015
1630240140,+3.15,+16.464, +8.634,+1.016
1630240740,+3.15,+16.430, +8.644,+1.015
1630241340,+3.15,+16.439, +8.602,+1.015
1630241940,+3.15,+16.405, +8.611,+1.016
1630242540,+3.15,+16.388, +8.626,+1.016
1630243140,+3.15,+16.354, +8.630,+1.016
1630243740,+3.15,+16.354, +8.635,+1.016
1630244340,+3.15,+16.345, +8.585,+1.016
1630244940,+3.15,+16.286, +8.597,+1.016
1630245540,+3.15,+16.277, +8.600,+1.016
1630246140,+3.15,+16.286, +8.607,+1.016
1630246740,+3.15,+16.277, +8.585,+1.015
1630247340,+3.15,+16.252, +8.609,+1.016
1630247940,+3.15,+16.277, +8.613,+1.017
1630248540,+3.15,+16.269, +8.601,+1.016
1630249140,+3.15,+16.260, +8.587,+1.016
1630249740,+3.15,+16.269, +8.592,+1.016
1630250340,+3.15,+16.277, +8.597,+1.016
1630250940,+3.15,+16.277, +8.592,+1.017
1630251540,+3.15,+16.269, +8.559,+1.016
1630252140,+3.15,+16.311, +8.556,+1.016
1630252740,+3.15,+16.320, +8.538,+1.016
1630253340,+3.15,+16.328, +8.594,+1.016
1630253940,+3.15,+16.354, +8.557,+1.015
1630254540,+3.15,+16.354, +8.563,+1.016
1630255140,+3.15,+16.388, +8.588,+1.016
1630255740,+3.15,+16.422, +8.550,+1.016
1630256340,+3.15,+16.422, +8.562,+1.016
1630256940,+3.15,+16.464, +8.541,+1.016
1630257540,+3.15,+16.473, +8.588,+1.015
1630258140,+3.15,+16.507, +8.585,+1.016
1630258740,+3.14,+16.541, +8.617,+1.016
1630259340,+3.15,+16.583, +8.582,+1.015
1630259940,+3.14,+16.626, +8.609,+1.015
1630260540,+3.14,+16.634, +8.658,+1.015
1630261140,+3.14,+16.660, +8.690,+1.016
1630261740,+3.14,+16.702, +8.616,+1.016
1630262340,+3.14,+16.702, +8.640,+1.015
1630262940,+3.14,+16.728, +8.627,+1.015
1630263540,+3.14,+16.736, +8.669,+1.015
1630264140,+3.15,+16.762, +8.650,+1.016
1630264740,+3.15,+16.753, +8.636,+1.015
1630265340,+3.15,+16.778, +8.638,+1.015
1630265940,+3.15,+16.812, +8.677,+1.016
1630266540,+3.15,+16.812, +8.723,+1.015
1630267140,+3.15,+16.795, +8.740,+1.016
1630267740,+3.15,+16.804, +8.780,+1.015
1630268340,+3.15,+16.804, +8.821,+1.015
1630268940,+3.15,+16.804, +8.809,+1.016
1630269540,+3.15,+16.812, +8.827,+1.015
1630270140,+3.15,+16.855, +8.828,+1.015
1630270740,+3.15,+16.931, +8.809,+1.015
1630271340,+3.15,+16.982, +8.830,+1.015
1630271940,+3.15,+17.058, +8.803,+1.015
1630272540,+3.15,+17.075, +8.804,+1.015
1630273140,+3.15,+17.092, +8.850,+1.015
1630273740,+3.15,+17.058, +8.795,+1.015
1630274340,+3.15,+17.075, +8.814,+1.015
1630274940,+3.15,+17.092, +8.837,+1.015
1630275540,+3.15,+17.176, +8.823,+1.016
1630276140,+3.15,+17.269, +8.789,+1.015
1630276740,+3.15,+17.261, +8.821,+1.015
1630277340,+3.15,+17.312, +8.844,+1.015
1630277940,+3.15,+17.329, +8.839,+1.015
1630278540,+3.15,+17.295, +8.831,+1.015
1630279140,+3.15,+17.278, +8.782,+1.016
1630279740,+3.15,+17.261, +8.859,+1.015
1630280340,+3.15,+17.286, +8.825,+1.015
1630280940,+3.15,+17.312, +8.852,+1.014
1630281540,+3.15,+17.346, +8.867,+1.015
1630282140,+3.15,+17.362, +8.880,+1.015
1630282740,+3.15,+17.379, +8.891,+1.015
1630283340,+3.15,+17.413, +8.866,+1.015
1630283940,+3.15,+17.455, +8.912,+1.015
1630284540,+3.15,+17.438, +8.872,+1.015
1630285140,+3.15,+17.489, +8.825,+1.015
1630285740,+3.14,+17.540, +8.867,+1.015
1630286340,+3.14,+17.548, +8.896,+1.015
1630286940,+3.15,+17.540, +8.876,+1.015
1630287540,+3.14,+17.514, +8.797,+1.015
1630288140,+3.14,+17.523, +8.834,+1.015
1630288740,+3.15,+17.472, +8.865,+1.015
1630289340,+3.15,+17.455, +8.859,+1.015
1630289940,+3.15,+17.430, +8.849,+1.015
1630290540,+3.15,+17.388, +8.927,+1.015
1630291140,+3.15,+17.371, +8.941,+1.015
1630291740,+3.15,+17.346, +9.034,+1.015
1630292340,+3.15,+17.329, +9.271,+1.015
1630292940,+3.15,+17.362, +9.115,+1.015
1630293540,+3.15,+17.379, +9.389,+1.016
1630294140,+3.15,+17.396,+10.078,+1.015
1630294740,+3.15,+17.388, +9.746,+1.015
1630295340,+3.15,+17.371, +9.649,+1.015
1630295940,+3.15,+17.371, +9.490,+1.016
1630296540,+3.15,+17.371, +9.535,+1.015
1630297140,+3.15,+17.362, +9.545,+1.015
1630297740,+3.15,+17.354, +9.542,+1.015
1630298340,+3.15,+17.346, +9.516,+1.015
1630298940,+3.15,+17.362, +9.465,+1.015
1630299540,+3.15,+17.388, +9.508,+1.015
1630300140,+3.15,+17.362, +9.757,+1.015
1630300740,+3.15,+17.405, +9.923,+1.015
1630301340,+3.15,+17.379, +9.665,+1.016
1630301940,+3.15,+17.388, +9.742,+1.016
1630302540,+3.15,+17.388, +9.266,+1.015
1630303140,+3.15,+17.396, +9.376,+1.015
1630303740,+3.15,+17.396, +9.220,+1.015
