7450-293738
OS REV: 1.05 Sensor Cal: 1592496161
Time (sec),  BV (Volts),  T (deg C),  DO (mg/l),  Q ()
1626389340,+3.18,+22.589, +9.064,+1.015
1626389940,+3.18,+22.598, +9.172,+1.015
1626390540,+3.18,+22.598, +9.385,+1.015
1626391140,+3.18,+22.564, +9.149,+1.015
1626391740,+3.18,+22.548, +9.236,+1.016
1626392340,+3.18,+22.523, +9.342,+1.015
1626392940,+3.18,+22.481, +9.540,+1.015
1626393540,+3.18,+22.523, +9.661,+1.015
1626394140,+3.18,+22.548, +9.595,+1.016
1626394740,+3.18,+22.581, +9.454,+1.015
1626395340,+3.18,+22.757, +9.347,+1.015
1626395940,+3.18,+22.656, +9.524,+1.014
1626396540,+3.18,+22.548, +9.649,+1.015
1626397140,+3.18,+22.539, +9.274,+1.015
1626397740,+3.18,+22.573, +9.549,+1.015
1626398340,+3.18,+22.598, +9.300,+1.014
1626398940,+3.18,+22.598, +9.260,+1.015
1626399540,+3.18,+22.589, +8.944,+1.015
1626400140,+3.18,+22.589, +9.073,+1.015
1626400740,+3.18,+22.640, +8.738,+1.014
1626401340,+3.18,+22.598, +8.719,+1.015
1626401940,+3.18,+22.573, +8.807,+1.015
1626402540,+3.18,+22.606, +8.790,+1.015
1626403140,+3.18,+22.640, +8.757,+1.015
1626403740,+3.18,+22.623, +8.841,+1.014
1626404340,+3.18,+22.631, +8.904,+1.015
1626404940,+3.18,+22.640, +8.915,+1.014
1626405540,+3.18,+22.581, +8.896,+1.014
1626406140,+3.18,+22.564, +8.969,+1.015
1626406740,+3.18,+22.573, +9.128,+1.015
1626407340,+3.18,+22.548, +9.248,+1.015
1626407940,+3.18,+22.573, +9.293,+1.015
1626408540,+3.18,+22.548, +9.187,+1.015
1626409140,+3.18,+22.564, +9.074,+1.015
1626409740,+3.18,+22.564, +9.029,+1.016
1626410340,+3.18,+22.581, +9.266,+1.015
1626410940,+3.18,+22.581, +9.223,+1.015
1626411540,+3.18,+22.581, +9.201,+1.015
1626412140,+3.18,+22.581, +9.024,+1.015
1626412740,+3.18,+22.606, +9.151,+1.015
1626413340,+3.18,+22.598, +9.278,+1.014
1626413940,+3.18,+22.614, +9.454,+1.015
1626414540,+3.18,+22.656, +9.277,+1.014
1626415140,+3.18,+22.631, +9.069,+1.015
1626415740,+3.18,+22.648, +9.241,+1.015
1626416340,+3.18,+22.815, +8.983,+1.015
1626416940,+3.18,+22.790, +8.767,+1.015
1626417540,+3.18,+22.823, +8.675,+1.015
1626418140,+3.17,+22.840, +8.383,+1.014
1626418740,+3.17,+22.790, +8.327,+1.014
1626419340,+3.18,+22.773, +8.339,+1.015
1626419940,+3.18,+22.740, +8.311,+1.014
1626420540,+3.18,+22.723, +8.332,+1.014
1626421140,+3.18,+22.665, +8.333,+1.015
1626421740,+3.18,+22.648, +8.384,+1.014
1626422340,+3.18,+22.614, +8.384,+1.015
1626422940,+3.18,+22.581, +8.383,+1.015
1626423540,+3.18,+22.548, +8.335,+1.015
1626424140,+3.18,+22.506, +8.336,+1.014
1626424740,+3.18,+22.472, +8.346,+1.014
1626425340,+3.18,+22.464, +8.322,+1.015
1626425940,+3.18,+22.414, +8.351,+1.015
1626426540,+3.18,+22.389, +8.359,+1.015
1626427140,+3.18,+22.339, +8.382,+1.015
1626427740,+3.18,+22.305, +8.346,+1.015
1626428340,+3.18,+22.255, +8.388,+1.015
1626428940,+3.18,+22.222, +8.380,+1.015
1626429540,+3.18,+22.205, +8.381,+1.015
1626430140,+3.18,+22.172, +8.394,+1.015
1626430740,+3.17,+22.130, +8.358,+1.015
1626431340,+3.17,+22.097, +8.301,+1.015
1626431940,+3.17,+22.055, +8.402,+1.015
1626432540,+3.17,+22.047, +8.394,+1.015
1626433140,+3.17,+22.013, +8.388,+1.015
1626433740,+3.17,+21.955, +8.403,+1.016
1626434340,+3.17,+21.921, +8.411,+1.015
1626434940,+3.17,+21.905, +8.624,+1.015
1626435540,+3.17,+21.871, +8.531,+1.015
1626436140,+3.18,+21.829, +8.604,+1.015
1626436740,+3.18,+21.821, +8.573,+1.015
1626437340,+3.18,+21.779, +8.488,+1.015
1626437940,+3.18,+21.779, +8.514,+1.014
1626438540,+3.18,+21.754, +8.479,+1.015
1626439140,+3.18,+21.696, +8.466,+1.015
1626439740,+3.18,+21.687, +8.466,+1.015
1626440340,+3.18,+21.671, +8.384,+1.015
1626440940,+3.18,+21.621, +8.370,+1.016
1626441540,+3.18,+21.621, +8.367,+1.015
1626442140,+3.18,+21.604, +8.356,+1.015
1626442740,+3.18,+21.579, +8.297,+1.015
1626443340,+3.18,+21.537, +8.291,+1.015
1626443940,+3.18,+21.554, +8.258,+1.015
1626444540,+3.18,+21.520, +8.258,+1.015
1626445140,+3.18,+21.520, +8.223,+1.015
1626445740,+3.18,+21.529, +8.218,+1.015
1626446340,+3.18,+21.520, +8.204,+1.015
1626446940,+3.18,+21.520, +8.199,+1.015
1626447540,+3.18,+21.537, +8.177,+1.015
1626448140,+3.18,+21.520, +8.184,+1.015
1626448740,+3.18,+21.529, +8.191,+1.014
1626449340,+3.18,+21.562, +8.188,+1.015
1626449940,+3.18,+21.571, +8.186,+1.014
1626450540,+3.18,+21.621, +8.178,+1.015
1626451140,+3.18,+21.637, +8.199,+1.015
1626451740,+3.18,+21.654, +8.198,+1.015
1626452340,+3.18,+21.679, +8.197,+1.015
1626452940,+3.18,+21.679, +8.253,+1.015
1626453540,+3.18,+21.687, +8.244,+1.015
1626454140,+3.18,+21.704, +8.163,+1.015
1626454740,+3.18,+21.696, +8.198,+1.015
1626455340,+3.18,+21.763, +8.198,+1.015
1626455940,+3.18,+21.788, +8.219,+1.015
1626456540,+3.18,+21.796, +8.176,+1.014
1626457140,+3.18,+21.754, +8.222,+1.014
1626457740,+3.18,+21.738, +8.321,+1.015
1626458340,+3.17,+21.746, +8.291,+1.014
1626458940,+3.17,+21.788, +8.307,+1.015
1626459540,+3.18,+21.763, +8.308,+1.015
1626460140,+3.17,+21.796, +8.432,+1.015
1626460740,+3.17,+21.829, +8.548,+1.014
1626461340,+3.17,+21.821, +8.399,+1.015
1626461940,+3.17,+21.846, +8.326,+1.014
1626462540,+3.17,+21.871, +8.377,+1.015
1626463140,+3.17,+21.880, +8.352,+1.015
1626463740,+3.17,+21.863, +8.370,+1.015
1626464340,+3.17,+21.880, +8.419,+1.014
1626464940,+3.17,+21.905, +8.410,+1.015
1626465540,+3.17,+21.971, +8.393,+1.014
1626466140,+3.17,+22.021, +8.375,+1.015
1626466740,+3.17,+22.005, +5.047,+0.958
1626467340,+3.17,+22.005, +6.167,+0.984
1626467940,+3.17,+22.021, +6.836,+0.997
1626468540,+3.17,+22.038, +7.411,+1.006
1626469140,+3.17,+22.047, +7.820,+1.010
1626469740,+3.17,+22.030, +7.994,+1.012
1626470340,+3.17,+22.030, +8.205,+1.014
1626470940,+3.17,+22.063, +8.387,+1.014
1626471540,+3.17,+22.097, +8.525,+1.015
1626472140,+3.18,+22.147, +8.544,+1.015
1626472740,+3.17,+22.130, +8.509,+1.015
1626473340,+3.18,+22.172, +8.579,+1.016
1626473940,+3.18,+22.272, +8.795,+1.015
1626474540,+3.18,+22.339, +8.777,+1.015
1626475140,+3.18,+22.389, +8.863,+1.014
1626475740,+3.18,+22.347, +8.714,+1.015
