7450-293738
OS REV: 1.05 Sensor Cal: 1592496161
Time (sec),  BV (Volts),  T (deg C),  DO (mg/l),  Q ()
1626650340,+3.18,+22.539, +8.861,+1.015
1626650940,+3.17,+22.765, +8.865,+1.014
1626651540,+3.17,+22.949, +8.904,+1.014
1626652140,+3.18,+23.258, +8.384,+1.014
1626652740,+3.18,+23.392, +8.311,+1.014
1626653340,+3.17,+23.091, +9.006,+1.013
1626653940,+3.17,+23.149, +8.865,+1.015
1626654540,+3.17,+23.032, +9.095,+1.014
1626655140,+3.17,+22.865, +9.001,+1.014
1626655740,+3.17,+23.032, +8.750,+1.014
1626656340,+3.17,+23.024, +8.893,+1.014
1626656940,+3.17,+23.007, +9.149,+1.014
1626657540,+3.17,+22.924, +9.399,+1.014
1626658140,+3.17,+22.940, +9.583,+1.015
1626658740,+3.17,+22.874, +9.850,+1.014
1626659340,+3.17,+23.016, +9.905,+1.014
1626659940,+3.17,+23.108, +9.895,+1.015
1626660540,+3.17,+23.216, +9.820,+1.014
1626661140,+3.18,+23.325, +9.909,+1.015
1626661740,+3.18,+23.333, +9.466,+1.014
1626662340,+3.17,+23.216, +9.997,+1.015
1626662940,+3.18,+23.292, +9.763,+1.015
1626663540,+3.17,+23.200, +9.941,+1.014
1626664140,+3.17,+23.141,+10.071,+1.014
1626664740,+3.17,+23.082, +9.913,+1.014
1626665340,+3.17,+23.116, +9.855,+1.014
1626665940,+3.17,+23.049, +9.950,+1.014
1626666540,+3.17,+23.099, +9.939,+1.015
1626667140,+3.17,+23.099, +9.840,+1.015
1626667740,+3.17,+23.091, +9.697,+1.013
1626668340,+3.17,+23.091, +9.720,+1.014
1626668940,+3.17,+23.108, +9.613,+1.015
1626669540,+3.17,+23.174, +9.616,+1.014
1626670140,+3.17,+23.108, +9.475,+1.013
1626670740,+3.17,+23.191, +8.606,+1.013
1626671340,+3.17,+23.258, +8.231,+1.014
1626671940,+3.17,+23.250, +8.270,+1.014
1626672540,+3.17,+23.183, +8.530,+1.013
1626673140,+3.17,+23.174, +8.425,+1.014
1626673740,+3.17,+23.141, +8.383,+1.013
1626674340,+3.17,+23.108, +8.340,+1.013
1626674940,+3.17,+23.108, +8.279,+1.013
1626675540,+3.17,+23.074, +8.132,+1.013
1626676140,+3.17,+23.074, +8.163,+1.013
1626676740,+3.17,+23.007, +8.125,+1.013
1626677340,+3.17,+22.982, +8.243,+1.014
1626677940,+3.17,+22.965, +8.237,+1.012
1626678540,+3.17,+22.957, +8.208,+1.013
1626679140,+3.17,+22.940, +8.251,+1.013
1626679740,+3.17,+22.890, +8.303,+1.013
1626680340,+3.17,+22.890, +8.317,+1.013
1626680940,+3.17,+22.840, +8.353,+1.014
1626681540,+3.17,+22.807, +8.289,+1.013
1626682140,+3.17,+22.807, +8.320,+1.013
1626682740,+3.17,+22.782, +8.362,+1.014
1626683340,+3.17,+22.740, +8.299,+1.013
1626683940,+3.17,+22.715, +8.222,+1.013
1626684540,+3.17,+22.690, +8.162,+1.013
1626685140,+3.17,+22.665, +8.044,+1.013
1626685740,+3.17,+22.631, +8.125,+1.013
1626686340,+3.17,+22.631, +8.112,+1.013
1626686940,+3.17,+22.606, +8.109,+1.013
1626687540,+3.17,+22.564, +8.092,+1.013
1626688140,+3.17,+22.539, +8.044,+1.012
1626688740,+3.17,+22.514, +8.076,+1.013
1626689340,+3.17,+22.498, +8.089,+1.013
1626689940,+3.18,+22.472, +8.141,+1.013
1626690540,+3.18,+22.447, +8.115,+1.013
1626691140,+3.17,+22.439, +8.068,+1.014
1626691740,+3.18,+22.414, +8.175,+1.014
1626692340,+3.18,+22.372, +8.157,+1.013
1626692940,+3.18,+22.330, +8.176,+1.013
1626693540,+3.18,+22.305, +8.205,+1.015
1626694140,+3.18,+22.289, +8.090,+1.014
1626694740,+3.17,+22.255, +8.087,+1.014
1626695340,+3.18,+22.230, +8.152,+1.014
1626695940,+3.18,+22.222, +8.240,+1.014
1626696540,+3.18,+22.205, +8.209,+1.013
1626697140,+3.18,+22.188, +8.168,+1.014
1626697740,+3.17,+22.188, +8.189,+1.014
1626698340,+3.17,+22.147, +8.201,+1.013
1626698940,+3.17,+22.138, +8.208,+1.014
1626699540,+3.17,+22.113, +8.272,+1.014
1626700140,+3.17,+22.113, +8.297,+1.014
1626700740,+3.17,+22.097, +8.315,+1.014
1626701340,+3.17,+22.097, +8.310,+1.013
1626701940,+3.17,+22.047, +8.357,+1.014
1626702540,+3.17,+22.013, +8.253,+1.014
1626703140,+3.17,+21.988, +8.243,+1.013
1626703740,+3.17,+22.005, +8.245,+1.013
1626704340,+3.17,+21.971, +8.304,+1.014
1626704940,+3.17,+21.938, +8.261,+1.014
1626705540,+3.17,+21.946, +8.263,+1.014
1626706140,+3.17,+21.938, +8.278,+1.014
1626706740,+3.17,+21.938, +8.272,+1.014
1626707340,+3.17,+21.946, +8.333,+1.014
1626707940,+3.17,+21.938, +8.330,+1.014
1626708540,+3.17,+21.930, +8.346,+1.014
1626709140,+3.17,+21.930, +8.353,+1.013
1626709740,+3.17,+21.946, +8.367,+1.014
1626710340,+3.17,+21.938, +8.379,+1.013
1626710940,+3.17,+21.930, +8.363,+1.014
1626711540,+3.17,+21.930, +8.389,+1.014
1626712140,+3.17,+21.963, +8.371,+1.014
1626712740,+3.17,+21.996, +8.368,+1.014
1626713340,+3.17,+22.005, +8.367,+1.014
1626713940,+3.17,+21.996, +8.404,+1.013
1626714540,+3.17,+22.021, +8.344,+1.014
1626715140,+3.17,+22.030, +8.364,+1.014
1626715740,+3.17,+22.030, +8.347,+1.014
1626716340,+3.17,+22.030, +8.299,+1.014
1626716940,+3.17,+22.005, +8.299,+1.013
1626717540,+3.17,+22.013, +8.303,+1.014
1626718140,+3.17,+22.021, +8.261,+1.013
1626718740,+3.17,+22.030, +8.241,+1.013
1626719340,+3.17,+22.047, +8.209,+1.013
1626719940,+3.17,+22.038, +8.223,+1.014
1626720540,+3.17,+22.080, +8.188,+1.013
1626721140,+3.17,+22.047, +8.209,+1.014
1626721740,+3.17,+22.080, +8.170,+1.014
1626722340,+3.17,+22.080, +8.137,+1.013
1626722940,+3.17,+22.080, +8.134,+1.013
1626723540,+3.17,+22.105, +8.139,+1.013
1626724140,+3.17,+22.122, +8.146,+1.013
1626724740,+3.17,+22.113, +8.172,+1.013
1626725340,+3.17,+22.113, +8.154,+1.013
1626725940,+3.17,+22.088, +8.233,+1.013
1626726540,+3.17,+22.080, +8.234,+1.013
1626727140,+3.17,+22.072, +8.220,+1.013
1626727740,+3.17,+22.055, +8.212,+1.013
1626728340,+3.17,+22.063, +8.215,+1.014
1626728940,+3.17,+22.021, +8.188,+1.014
1626729540,+3.17,+22.021, +8.170,+1.014
1626730140,+3.17,+22.005, +8.165,+1.013
1626730740,+3.17,+21.988, +8.151,+1.013
1626731340,+3.17,+21.988, +8.171,+1.014
1626731940,+3.17,+21.988, +8.152,+1.013
1626732540,+3.17,+21.988, +8.119,+1.013
1626733140,+3.17,+21.955, +8.139,+1.014
1626733740,+3.17,+21.963, +8.127,+1.014
1626734340,+3.17,+21.946, +8.215,+1.014
1626734940,+3.17,+21.955, +8.194,+1.014
1626735540,+3.17,+21.955, +8.161,+1.013
1626736140,+3.17,+21.930, +8.163,+1.013
1626736740,+3.17,+21.946, +8.112,+1.013
