7450-277916
OS REV: 1.05 Sensor Cal: 1592497888
Time (sec),  BV (Volts),  T (deg C),  DO (mg/l),  Q ()
1661828400,+3.48,+16.280, +8.036,+0.974
1661829000,+3.48,+16.254, +8.001,+0.973
1661829600,+3.48,+16.305, +8.233,+0.973
1661830200,+3.48,+16.603, +8.021,+0.973
1661830800,+3.48,+16.476, +8.019,+0.973
1661831400,+3.48,+16.356, +8.002,+0.973
1661832000,+3.48,+16.314, +7.960,+0.973
1661832600,+3.48,+16.314, +8.004,+0.973
1661833200,+3.48,+16.356, +7.993,+0.973
1661833800,+3.48,+16.263, +7.990,+0.973
1661834400,+3.48,+16.237, +7.965,+0.973
1661835000,+3.48,+16.229, +7.968,+0.974
1661835600,+3.48,+16.263, +8.018,+0.973
1661836200,+3.48,+16.237, +8.024,+0.973
1661836800,+3.48,+16.177, +7.984,+0.973
1661837400,+3.48,+16.203, +8.062,+0.973
1661838000,+3.48,+16.271, +8.026,+0.974
1661838600,+3.48,+16.280, +8.049,+0.974
1661839200,+3.48,+16.263, +8.068,+0.974
1661839800,+3.48,+16.280, +8.099,+0.974
1661840400,+3.48,+16.271, +8.080,+0.973
1661841000,+3.48,+16.297, +8.055,+0.974
1661841600,+3.48,+16.288, +8.077,+0.974
1661842200,+3.48,+16.263, +8.076,+0.973
1661842800,+3.48,+16.271, +8.060,+0.974
1661843400,+3.48,+16.246, +8.060,+0.973
1661844000,+3.48,+16.280, +7.943,+0.973
1661844600,+3.48,+16.288, +7.932,+0.974
1661845200,+3.48,+16.288, +7.983,+0.973
1661845800,+3.48,+16.288, +8.017,+0.973
1661846400,+3.48,+16.263, +8.016,+0.973
1661847000,+3.48,+16.254, +8.033,+0.973
1661847600,+3.48,+16.246, +8.058,+0.973
1661848200,+3.48,+16.229, +8.047,+0.973
1661848800,+3.48,+16.246, +7.999,+0.974
1661849400,+3.48,+16.229, +8.011,+0.973
1661850000,+3.48,+16.220, +7.971,+0.973
1661850600,+3.48,+16.211, +8.000,+0.973
1661851200,+3.48,+16.203, +8.003,+0.974
1661851800,+3.48,+16.203, +7.969,+0.973
1661852400,+3.48,+16.186, +7.984,+0.974
1661853000,+3.48,+16.194, +7.978,+0.974
1661853600,+3.48,+16.169, +8.005,+0.974
1661854200,+3.48,+16.152, +7.962,+0.973
1661854800,+3.48,+16.143, +7.964,+0.974
1661855400,+3.48,+16.143, +7.948,+0.974
1661856000,+3.48,+16.126, +7.959,+0.974
1661856600,+3.48,+16.109, +7.945,+0.973
1661857200,+3.48,+16.109, +7.904,+0.974
1661857800,+3.48,+16.101, +7.912,+0.973
1661858400,+3.48,+16.101, +7.888,+0.973
1661859000,+3.48,+16.066, +7.884,+0.973
1661859600,+3.48,+16.066, +7.846,+0.973
1661860200,+3.48,+16.024, +7.889,+0.974
1661860800,+3.49,+16.049, +7.867,+0.973
1661861400,+3.49,+16.007, +7.874,+0.974
1661862000,+3.49,+16.015, +7.843,+0.973
1661862600,+3.49,+15.990, +7.906,+0.974
1661863200,+3.49,+15.998, +7.878,+0.973
1661863800,+3.49,+15.973, +7.882,+0.973
1661864400,+3.48,+15.981, +7.878,+0.974
1661865000,+3.48,+15.973, +7.865,+0.973
1661865600,+3.49,+15.981, +7.852,+0.973
1661866200,+3.49,+15.964, +7.846,+0.973
1661866800,+3.49,+15.938, +7.871,+0.973
1661867400,+3.49,+15.930, +7.866,+0.974
1661868000,+3.49,+15.947, +7.895,+0.974
1661868600,+3.49,+15.938, +7.919,+0.974
1661869200,+3.49,+15.973, +7.929,+0.973
1661869800,+3.49,+15.973, +7.950,+0.973
1661870400,+3.49,+15.956, +7.958,+0.973
1661871000,+3.49,+15.973, +7.994,+0.973
1661871600,+3.49,+15.998, +8.044,+0.974
1661872200,+3.48,+15.998, +8.062,+0.973
1661872800,+3.48,+16.024, +8.076,+0.973
1661873400,+3.48,+16.007, +8.112,+0.974
1661874000,+3.49,+16.041, +8.126,+0.974
1661874600,+3.49,+16.032, +8.140,+0.973
1661875200,+3.49,+16.041, +8.136,+0.974
1661875800,+3.48,+16.049, +8.153,+0.973
1661876400,+3.49,+16.058, +8.148,+0.974
1661877000,+3.48,+16.084, +8.126,+0.973
1661877600,+3.48,+16.084, +8.121,+0.974
1661878200,+3.48,+16.058, +8.119,+0.973
1661878800,+3.48,+16.058, +8.124,+0.974
1661879400,+3.48,+16.049, +8.137,+0.974
1661880000,+3.48,+16.041, +8.157,+0.973
1661880600,+3.49,+16.075, +8.167,+0.973
1661881200,+3.48,+16.066, +8.154,+0.974
1661881800,+3.48,+16.049, +8.153,+0.973
1661882400,+3.48,+16.109, +8.148,+0.973
1661883000,+3.48,+16.160, +8.150,+0.973
1661883600,+3.48,+16.203, +8.169,+0.974
1661884200,+3.48,+16.203, +8.146,+0.974
1661884800,+3.48,+16.280, +8.133,+0.973
1661885400,+3.48,+16.356, +8.125,+0.973
1661886000,+3.48,+16.382, +8.127,+0.973
1661886600,+3.48,+16.399, +8.132,+0.973
1661887200,+3.48,+16.441, +8.125,+0.973
1661887800,+3.48,+16.493, +8.130,+0.973
1661888400,+3.48,+16.510, +8.140,+0.973
1661889000,+3.48,+16.535, +8.135,+0.973
1661889600,+3.48,+16.561, +8.133,+0.973
1661890200,+3.48,+16.586, +8.145,+0.973
1661890800,+3.48,+16.612, +8.129,+0.973
1661891400,+3.48,+16.629, +8.135,+0.973
1661892000,+3.48,+16.612, +8.121,+0.973
1661892600,+3.48,+16.654, +8.141,+0.974
1661893200,+3.48,+16.671, +8.111,+0.973
1661893800,+3.48,+16.654, +8.109,+0.973
1661894400,+3.48,+16.731, +8.109,+0.972
1661895000,+3.48,+16.756, +8.140,+0.973
1661895600,+3.48,+16.748, +8.124,+0.973
1661896200,+3.48,+16.773, +8.149,+0.974
1661896800,+3.48,+16.849, +8.102,+0.973
1661897400,+3.49,+16.917, +8.097,+0.974
1661898000,+3.49,+16.926, +8.093,+0.973
1661898600,+3.49,+16.960, +8.084,+0.973
1661899200,+3.48,+16.977, +8.075,+0.973
1661899800,+3.48,+17.002, +8.081,+0.973
1661900400,+3.48,+17.019, +8.069,+0.972
1661901000,+3.48,+17.045, +8.065,+0.973
1661901600,+3.48,+17.078, +8.070,+0.973
1661902200,+3.48,+17.036, +8.070,+0.973
1661902800,+3.49,+16.934, +8.012,+0.973
1661903400,+3.49,+17.045, +7.983,+0.973
1661904000,+3.49,+17.019, +7.965,+0.973
1661904600,+3.48,+17.011, +7.954,+0.973
1661905200,+3.49,+17.002, +7.940,+0.973
1661905800,+3.49,+16.994, +7.915,+0.973
1661906400,+3.49,+17.002, +7.917,+0.973
1661907000,+3.49,+17.011, +7.924,+0.973
1661907600,+3.49,+17.036, +7.920,+0.973
1661908200,+3.49,+17.053, +7.928,+0.973
1661908800,+3.49,+17.053, +7.925,+0.973
1661909400,+3.49,+16.985, +7.918,+0.974
1661910000,+3.49,+16.934, +7.937,+0.973
1661910600,+3.48,+16.858, +7.974,+0.973
1661911200,+3.48,+16.866, +7.986,+0.974
1661911800,+3.49,+16.883, +7.967,+0.973
1661912400,+3.49,+16.875, +7.967,+0.973
1661913000,+3.49,+16.900, +7.947,+0.974
1661913600,+3.49,+16.917, +7.939,+0.973
1661914200,+3.49,+16.892, +7.945,+0.973
1661914800,+3.49,+16.917, +7.946,+0.973
