7450-268227
OS REV: 1.05 Sensor Cal: 1592496917
Time (sec),  BV (Volts),  T (deg C),  DO (mg/l),  Q ()
1599875940,+3.50,+13.049, +9.393,+0.998
1599876540,+3.50,+13.040, +9.393,+0.998
1599877140,+3.50,+13.119, +9.367,+0.998
1599877740,+3.50,+13.119, +9.358,+0.997
1599878340,+3.50,+13.119, +9.353,+0.997
1599878940,+3.50,+13.146, +9.348,+0.997
1599879540,+3.50,+13.119, +9.365,+0.998
1599880140,+3.50,+13.119, +9.364,+0.998
1599880740,+3.50,+13.084, +9.363,+0.998
1599881340,+3.50,+13.084, +9.350,+0.997
1599881940,+3.50,+13.058, +9.342,+0.998
1599882540,+3.50,+13.058, +9.323,+0.998
1599883140,+3.50,+13.040, +9.314,+0.998
1599883740,+3.50,+13.049, +9.319,+0.998
1599884340,+3.50,+13.032, +9.338,+0.998
1599884940,+3.50,+13.005, +9.305,+0.998
1599885540,+3.50,+13.005, +9.294,+0.997
1599886140,+3.50,+13.005, +9.279,+0.998
1599886740,+3.50,+13.005, +9.279,+0.998
1599887340,+3.50,+12.979, +9.300,+0.998
1599887940,+3.50,+12.988, +9.270,+0.998
1599888540,+3.50,+12.979, +9.281,+0.998
1599889140,+3.50,+12.988, +9.255,+0.997
1599889740,+3.50,+12.997, +9.239,+0.998
1599890340,+3.50,+12.979, +9.255,+0.998
1599890940,+3.50,+12.988, +9.252,+0.998
1599891540,+3.50,+12.961, +9.252,+0.998
1599892140,+3.50,+12.970, +9.237,+0.998
1599892740,+3.50,+12.953, +9.262,+0.998
1599893340,+3.50,+12.970, +9.272,+0.998
1599893940,+3.50,+12.944, +9.294,+0.998
1599894540,+3.50,+12.953, +9.299,+0.998
1599895140,+3.50,+12.970, +9.288,+0.998
1599895740,+3.51,+12.917, +9.295,+0.998
1599896340,+3.51,+12.953, +9.252,+0.998
1599896940,+3.51,+12.917, +9.282,+0.998
1599897540,+3.51,+12.935, +9.286,+0.998
1599898140,+3.51,+12.926, +9.286,+0.998
1599898740,+3.51,+12.909, +9.296,+0.998
1599899340,+3.51,+12.926, +9.293,+0.998
1599899940,+3.51,+12.900, +9.303,+0.998
1599900540,+3.51,+12.891, +9.297,+0.998
1599901140,+3.51,+12.882, +9.307,+0.998
1599901740,+3.51,+12.900, +9.298,+0.998
1599902340,+3.51,+12.865, +9.305,+0.998
1599902940,+3.51,+12.865, +9.316,+0.998
1599903540,+3.51,+12.856, +9.307,+0.997
1599904140,+3.51,+12.882, +9.285,+0.998
1599904740,+3.51,+12.838, +9.316,+0.998
1599905340,+3.51,+12.838, +9.308,+0.998
1599905940,+3.51,+12.838, +9.310,+0.998
1599906540,+3.51,+12.847, +9.319,+0.999
1599907140,+3.51,+12.821, +9.318,+0.998
1599907740,+3.51,+12.829, +9.322,+0.997
1599908340,+3.51,+12.794, +9.304,+0.998
1599908940,+3.51,+12.812, +9.327,+0.998
1599909540,+3.51,+12.785, +9.336,+0.998
1599910140,+3.51,+12.785, +9.327,+0.998
1599910740,+3.51,+12.750, +9.333,+0.998
1599911340,+3.51,+12.759, +9.312,+0.998
1599911940,+3.51,+12.777, +9.314,+0.997
1599912540,+3.51,+12.785, +9.320,+0.998
1599913140,+3.51,+12.759, +9.316,+0.998
1599913740,+3.51,+12.715, +9.309,+0.998
1599914340,+3.51,+12.750, +9.305,+0.998
1599914940,+3.51,+12.759, +9.302,+0.998
1599915540,+3.51,+12.750, +9.277,+0.998
1599916140,+3.51,+12.733, +9.285,+0.998
1599916740,+3.51,+12.733, +9.270,+0.998
1599917340,+3.51,+12.724, +9.294,+0.998
1599917940,+3.51,+12.706, +9.334,+0.998
1599918540,+3.51,+12.724, +9.360,+0.998
1599919140,+3.51,+12.724, +9.307,+0.998
1599919740,+3.51,+12.706, +9.332,+0.998
1599920340,+3.51,+12.706, +9.285,+0.998
1599920940,+3.51,+12.724, +9.316,+0.998
1599921540,+3.51,+12.689, +9.317,+0.998
1599922140,+3.51,+12.689, +9.304,+0.998
1599922740,+3.51,+12.715, +9.296,+0.998
1599923340,+3.51,+12.706, +9.351,+0.998
1599923940,+3.51,+12.671, +9.337,+0.998
1599924540,+3.51,+12.689, +9.331,+0.998
1599925140,+3.51,+12.697, +9.340,+0.998
1599925740,+3.51,+12.697, +9.330,+0.998
1599926340,+3.51,+12.715, +9.380,+0.998
1599926940,+3.51,+12.768, +9.433,+0.998
1599927540,+3.51,+12.777, +9.459,+0.998
1599928140,+3.51,+12.785, +9.464,+0.998
1599928740,+3.51,+12.794, +9.465,+0.998
1599929340,+3.51,+12.785, +9.462,+0.998
1599929940,+3.51,+12.803, +9.473,+0.998
1599930540,+3.51,+12.803, +9.484,+0.998
1599931140,+3.51,+12.794, +9.471,+0.997
1599931740,+3.51,+12.768, +9.487,+0.998
1599932340,+3.51,+12.829, +9.492,+0.998
1599932940,+3.51,+12.873, +9.478,+0.998
1599933540,+3.51,+12.944, +9.449,+0.998
1599934140,+3.50,+12.988, +9.464,+0.998
1599934740,+3.50,+13.084, +9.436,+0.998
1599935340,+3.50,+13.119, +9.441,+0.998
1599935940,+3.50,+13.163, +9.433,+0.997
1599936540,+3.50,+13.198, +9.418,+0.997
1599937140,+3.50,+13.084, +9.446,+0.998
1599937740,+3.50,+13.049, +9.484,+0.997
1599938340,+3.50,+13.111, +9.476,+0.998
1599938940,+3.50,+13.023, +9.480,+0.997
1599939540,+3.50,+13.128, +9.485,+0.997
1599940140,+3.50,+13.163, +9.467,+0.997
1599940740,+3.50,+13.207, +9.449,+0.997
1599941340,+3.50,+13.225, +9.441,+0.998
1599941940,+3.50,+13.233, +9.439,+0.998
1599942540,+3.50,+13.242, +9.443,+0.998
1599943140,+3.50,+13.303, +9.423,+0.998
1599943740,+3.50,+13.277, +9.396,+0.998
1599944340,+3.50,+13.181, +9.464,+0.997
1599944940,+3.50,+13.023, +9.553,+0.997
1599945540,+3.51,+12.961, +9.589,+0.998
1599946140,+3.51,+12.988, +9.641,+0.998
1599946740,+3.50,+13.076, +9.606,+0.998
1599947340,+3.50,+13.005, +9.648,+0.998
1599947940,+3.51,+12.961, +9.621,+0.998
1599948540,+3.51,+12.961, +9.603,+0.998
1599949140,+3.51,+12.944, +9.611,+0.998
1599949740,+3.51,+12.953, +9.581,+0.998
1599950340,+3.51,+12.988, +9.565,+0.998
1599950940,+3.51,+12.944, +9.530,+0.998
1599951540,+3.50,+13.040, +9.567,+0.998
1599952140,+3.50,+13.154, +9.681,+0.998
1599952740,+3.51,+13.548, +9.384,+0.998
1599953340,+3.51,+13.583, +9.344,+0.997
1599953940,+3.51,+13.566, +9.320,+0.997
1599954540,+3.51,+13.583, +9.305,+0.997
1599955140,+3.51,+13.583, +9.300,+0.997
1599955740,+3.51,+13.592, +9.309,+0.998
1599956340,+3.51,+13.574, +9.270,+0.998
1599956940,+3.51,+13.583, +9.235,+0.997
1599957540,+3.51,+13.574, +9.236,+0.997
1599958140,+3.51,+13.566, +9.249,+0.998
1599958740,+3.51,+13.557, +9.236,+0.998
1599959340,+3.51,+13.539, +9.217,+0.998
1599959940,+3.51,+13.539, +9.237,+0.997
1599960540,+3.51,+13.557, +9.233,+0.997
1599961140,+3.51,+13.478, +9.237,+0.998
1599961740,+3.50,+13.452, +9.247,+0.998
1599962340,+3.50,+13.330, +9.339,+0.997
