7450-671179
OS REV: 1.04 Sensor Cal: 1560966684
Time (sec),  BV (Volts),  T (deg C),  DO (mg/l),  Q ()
1597252140,+3.12,+20.753, +8.125,+0.978
1597252740,+3.12,+20.761, +8.121,+0.977
1597253340,+3.12,+20.736, +8.106,+0.977
1597253940,+3.12,+20.736, +8.100,+0.977
1597254540,+3.12,+20.769, +8.071,+0.977
1597255140,+3.12,+20.753, +8.082,+0.977
1597255740,+3.12,+20.761, +8.087,+0.977
1597256340,+3.12,+20.761, +8.099,+0.977
1597256940,+3.12,+20.753, +8.098,+0.977
1597257540,+3.12,+20.744, +8.093,+0.977
1597258140,+3.12,+20.753, +8.101,+0.976
1597258740,+3.12,+20.711, +8.098,+0.977
1597259340,+3.12,+20.702, +8.110,+0.977
1597259940,+3.12,+20.711, +8.110,+0.977
1597260540,+3.12,+20.686, +8.108,+0.976
1597261140,+3.12,+20.660, +8.113,+0.976
1597261740,+3.12,+20.644, +8.127,+0.977
1597262340,+3.12,+20.644, +8.125,+0.977
1597262940,+3.12,+20.644, +8.119,+0.977
1597263540,+3.12,+20.627, +8.116,+0.977
1597264140,+3.12,+20.619, +8.135,+0.977
1597264740,+3.12,+20.619, +8.163,+0.977
1597265340,+3.12,+20.610, +8.169,+0.977
1597265940,+3.12,+20.644, +8.165,+0.977
1597266540,+3.12,+20.619, +8.182,+0.977
1597267140,+3.12,+20.619, +8.182,+0.977
1597267740,+3.12,+20.594, +8.190,+0.977
1597268340,+3.12,+20.627, +8.206,+0.977
1597268940,+3.12,+20.602, +8.220,+0.977
1597269540,+3.12,+20.585, +8.206,+0.977
1597270140,+3.12,+20.577, +8.215,+0.977
1597270740,+3.12,+20.577, +8.193,+0.977
1597271340,+3.12,+20.577, +8.173,+0.977
1597271940,+3.12,+20.552, +8.179,+0.976
1597272540,+3.12,+20.568, +8.163,+0.976
1597273140,+3.12,+20.543, +8.181,+0.977
1597273740,+3.12,+20.560, +8.131,+0.977
1597274340,+3.12,+20.535, +8.080,+0.976
1597274940,+3.12,+20.560, +8.029,+0.976
1597275540,+3.12,+20.552, +8.116,+0.976
1597276140,+3.12,+20.535, +8.164,+0.977
1597276740,+3.12,+20.518, +8.175,+0.976
1597277340,+3.12,+20.501, +8.164,+0.977
1597277940,+3.12,+20.501, +8.142,+0.976
1597278540,+3.12,+20.518, +8.106,+0.977
1597279140,+3.12,+20.518, +8.078,+0.977
1597279740,+3.12,+20.510, +8.095,+0.977
1597280340,+3.12,+20.485, +8.133,+0.976
1597280940,+3.12,+20.501, +8.138,+0.977
1597281540,+3.12,+20.501, +8.143,+0.977
1597282140,+3.12,+20.493, +8.146,+0.977
1597282740,+3.12,+20.501, +8.119,+0.976
1597283340,+3.12,+20.493, +8.143,+0.977
1597283940,+3.12,+20.493, +8.165,+0.977
1597284540,+3.12,+20.501, +8.186,+0.977
1597285140,+3.12,+20.493, +8.179,+0.977
1597285740,+3.12,+20.493, +8.155,+0.977
1597286340,+3.12,+20.493, +8.156,+0.977
1597286940,+3.12,+20.476, +8.140,+0.977
1597287540,+3.12,+20.460, +8.130,+0.976
1597288140,+3.12,+20.451, +8.131,+0.976
1597288740,+3.12,+20.443, +8.131,+0.977
1597289340,+3.12,+20.418, +8.072,+0.976
1597289940,+3.12,+20.426, +8.054,+0.976
1597290540,+3.12,+20.451, +8.067,+0.976
1597291140,+3.12,+20.434, +8.045,+0.976
1597291740,+3.12,+20.443, +8.054,+0.977
1597292340,+3.12,+20.418, +8.029,+0.976
1597292940,+3.12,+20.418, +8.047,+0.977
1597293540,+3.12,+20.418, +8.052,+0.977
1597294140,+3.12,+20.409, +8.060,+0.976
1597294740,+3.12,+20.401, +8.023,+0.976
1597295340,+3.12,+20.393, +8.072,+0.977
1597295940,+3.12,+20.409, +8.044,+0.977
1597296540,+3.12,+20.384, +8.090,+0.976
1597297140,+3.12,+20.359, +8.076,+0.977
1597297740,+3.12,+20.342, +8.058,+0.977
1597298340,+3.12,+20.351, +8.046,+0.976
1597298940,+3.12,+20.359, +8.038,+0.976
1597299540,+3.12,+20.317, +8.047,+0.977
1597300140,+3.12,+20.292, +8.042,+0.976
1597300740,+3.12,+20.309, +8.050,+0.977
1597301340,+3.12,+20.301, +8.049,+0.976
1597301940,+3.12,+20.275, +8.060,+0.977
1597302540,+3.12,+20.259, +8.065,+0.977
1597303140,+3.12,+20.259, +8.049,+0.976
1597303740,+3.12,+20.267, +8.045,+0.977
1597304340,+3.12,+20.259, +8.055,+0.977
1597304940,+3.12,+20.234, +8.057,+0.977
1597305540,+3.12,+20.234, +8.055,+0.976
1597306140,+3.12,+20.225, +8.048,+0.977
1597306740,+3.12,+20.225, +8.070,+0.976
1597307340,+3.12,+20.225, +8.056,+0.977
1597307940,+3.12,+20.208, +8.067,+0.977
1597308540,+3.12,+20.200, +8.050,+0.977
1597309140,+3.12,+20.208, +8.044,+0.977
1597309740,+3.12,+20.200, +8.050,+0.977
1597310340,+3.12,+20.175, +8.042,+0.977
1597310940,+3.12,+20.141, +8.070,+0.977
1597311540,+3.12,+20.116, +8.052,+0.976
1597312140,+3.12,+20.133, +8.069,+0.977
1597312740,+3.12,+20.116, +8.073,+0.977
1597313340,+3.12,+20.133, +8.081,+0.977
1597313940,+3.12,+20.100, +8.094,+0.977
1597314540,+3.12,+20.100, +8.077,+0.977
1597315140,+3.12,+20.091, +8.090,+0.976
1597315740,+3.12,+20.083, +8.093,+0.977
1597316340,+3.12,+20.083, +8.086,+0.976
1597316940,+3.12,+20.083, +8.090,+0.977
1597317540,+3.12,+20.049, +8.097,+0.977
1597318140,+3.12,+20.058, +8.082,+0.976
1597318740,+3.12,+20.024, +8.078,+0.976
1597319340,+3.12,+20.016, +8.072,+0.976
1597319940,+3.12,+20.024, +8.068,+0.976
1597320540,+3.12,+20.007, +8.081,+0.977
1597321140,+3.12,+20.016, +8.104,+0.977
1597321740,+3.11,+20.007, +8.080,+0.977
1597322340,+3.11,+19.966, +8.065,+0.976
1597322940,+3.11,+19.974, +8.099,+0.977
1597323540,+3.11,+19.974, +8.108,+0.977
1597324140,+3.12,+19.949, +8.111,+0.976
1597324740,+3.11,+19.949, +8.161,+0.977
1597325340,+3.11,+19.940, +8.135,+0.976
1597325940,+3.11,+19.924, +8.113,+0.976
1597326540,+3.11,+19.924, +8.105,+0.976
1597327140,+3.11,+19.915, +8.086,+0.976
1597327740,+3.12,+19.907, +8.096,+0.977
1597328340,+3.11,+19.924, +8.118,+0.976
1597328940,+3.11,+19.915, +8.142,+0.977
1597329540,+3.12,+19.898, +8.173,+0.977
1597330140,+3.11,+19.915, +8.117,+0.977
1597330740,+3.12,+19.907, +8.133,+0.976
1597331340,+3.11,+19.898, +8.169,+0.977
1597331940,+3.11,+19.898, +8.175,+0.977
1597332540,+3.12,+19.915, +8.190,+0.976
1597333140,+3.12,+19.940, +8.192,+0.977
1597333740,+3.12,+19.907, +8.176,+0.976
1597334340,+3.12,+19.924, +8.197,+0.977
1597334940,+3.11,+19.957, +8.156,+0.977
1597335540,+3.11,+19.982, +8.175,+0.977
1597336140,+3.11,+19.982, +8.173,+0.977
1597336740,+3.11,+20.007, +8.151,+0.977
1597337340,+3.12,+20.016, +8.141,+0.977
1597337940,+3.12,+20.041, +8.165,+0.977
1597338540,+3.12,+20.058, +8.156,+0.977
