7450-671179
OS REV: 1.04 Sensor Cal: 1560966684
Time (sec),  BV (Volts),  T (deg C),  DO (mg/l),  Q ()
1626381540,+3.04,+18.808, +8.091,+0.979
1626382140,+3.04,+18.833, +8.071,+0.979
1626382740,+3.04,+18.850, +8.046,+0.979
1626383340,+3.04,+18.850, +8.051,+0.979
1626383940,+3.04,+18.833, +8.051,+0.978
1626384540,+3.04,+18.858, +8.055,+0.979
1626385140,+3.04,+18.875, +8.034,+0.978
1626385740,+3.04,+18.858, +8.034,+0.978
1626386340,+3.04,+18.833, +8.094,+0.979
1626386940,+3.04,+18.833, +8.101,+0.979
1626387540,+3.04,+18.833, +8.096,+0.979
1626388140,+3.04,+18.833, +8.105,+0.979
1626388740,+3.04,+18.841, +8.131,+0.979
1626389340,+3.04,+18.866, +8.071,+0.979
1626389940,+3.04,+18.858, +8.101,+0.979
1626390540,+3.04,+18.858, +8.103,+0.979
1626391140,+3.04,+18.875, +8.064,+0.979
1626391740,+3.04,+18.883, +8.092,+0.978
1626392340,+3.04,+18.875, +8.094,+0.979
1626392940,+3.04,+18.875, +8.054,+0.979
1626393540,+3.04,+18.900, +8.078,+0.979
1626394140,+3.04,+18.900, +8.102,+0.979
1626394740,+3.04,+18.917, +8.061,+0.979
1626395340,+3.04,+18.925, +8.047,+0.979
1626395940,+3.04,+18.934, +8.103,+0.979
1626396540,+3.04,+18.934, +8.108,+0.979
1626397140,+3.04,+18.908, +8.093,+0.979
1626397740,+3.04,+18.908, +8.136,+0.979
1626398340,+3.04,+18.892, +8.171,+0.979
1626398940,+3.04,+18.900, +8.150,+0.979
1626399540,+3.04,+18.900, +8.191,+0.979
1626400140,+3.04,+18.925, +8.174,+0.979
1626400740,+3.04,+18.934, +8.147,+0.979
1626401340,+3.04,+18.917, +8.135,+0.979
1626401940,+3.04,+18.917, +8.109,+0.979
1626402540,+3.04,+18.925, +8.100,+0.979
1626403140,+3.04,+18.908, +8.183,+0.979
1626403740,+3.04,+18.908, +8.198,+0.979
1626404340,+3.04,+18.900, +8.149,+0.979
1626404940,+3.04,+18.934, +8.104,+0.979
1626405540,+3.05,+18.976, +8.100,+0.979
1626406140,+3.05,+19.043, +8.070,+0.979
1626406740,+3.05,+19.102, +8.090,+0.979
1626407340,+3.05,+19.177, +8.038,+0.979
1626407940,+3.05,+19.202, +8.032,+0.978
1626408540,+3.05,+19.211, +7.806,+0.978
1626409140,+3.05,+19.160, +7.864,+0.979
1626409740,+3.05,+19.177, +7.813,+0.979
1626410340,+3.05,+19.118, +7.811,+0.978
1626410940,+3.05,+19.026, +7.978,+0.978
1626411540,+3.05,+19.034, +7.913,+0.978
1626412140,+3.05,+19.026, +7.882,+0.979
1626412740,+3.05,+19.026, +7.784,+0.978
1626413340,+3.05,+18.976, +7.814,+0.979
1626413940,+3.05,+19.051, +7.561,+0.976
1626414540,+3.05,+19.068, +7.803,+0.978
1626415140,+3.05,+19.068, +7.711,+0.978
1626415740,+3.05,+19.043, +7.470,+0.977
1626416340,+3.05,+19.076, +6.999,+0.975
1626416940,+3.05,+19.068, +7.771,+0.978
1626417540,+3.05,+19.051, +7.404,+0.977
1626418140,+3.05,+19.026, +7.906,+0.978
1626418740,+3.05,+18.967, +8.025,+0.979
1626419340,+3.04,+18.858, +8.048,+0.979
1626419940,+3.04,+18.866, +8.074,+0.979
1626420540,+3.04,+18.850, +8.088,+0.979
1626421140,+3.04,+18.866, +8.108,+0.979
1626421740,+3.04,+18.833, +8.066,+0.979
1626422340,+3.04,+18.858, +8.011,+0.979
1626422940,+3.04,+18.892, +7.993,+0.978
1626423540,+3.04,+18.892, +7.993,+0.978
1626424140,+3.04,+18.875, +7.957,+0.979
1626424740,+3.04,+18.866, +7.958,+0.979
1626425340,+3.04,+18.841, +7.979,+0.978
1626425940,+3.04,+18.808, +7.986,+0.979
1626426540,+3.04,+18.791, +7.947,+0.979
1626427140,+3.04,+18.791, +7.940,+0.978
1626427740,+3.04,+18.766, +7.956,+0.978
1626428340,+3.04,+18.749, +7.948,+0.979
1626428940,+3.04,+18.740, +7.969,+0.979
1626429540,+3.04,+18.723, +7.977,+0.978
1626430140,+3.04,+18.707, +7.959,+0.979
1626430740,+3.05,+18.698, +7.986,+0.979
1626431340,+3.04,+18.698, +7.961,+0.978
1626431940,+3.04,+18.681, +7.976,+0.979
1626432540,+3.04,+18.681, +7.962,+0.978
1626433140,+3.04,+18.656, +7.968,+0.979
1626433740,+3.05,+18.656, +7.949,+0.979
1626434340,+3.04,+18.639, +7.989,+0.979
1626434940,+3.04,+18.631, +7.963,+0.979
1626435540,+3.05,+18.606, +7.972,+0.978
1626436140,+3.05,+18.606, +8.001,+0.978
1626436740,+3.05,+18.589, +7.995,+0.979
1626437340,+3.05,+18.555, +7.973,+0.978
1626437940,+3.05,+18.564, +7.976,+0.979
1626438540,+3.05,+18.564, +7.999,+0.979
1626439140,+3.05,+18.513, +8.024,+0.979
1626439740,+3.05,+18.513, +8.000,+0.978
1626440340,+3.05,+18.505, +7.989,+0.978
1626440940,+3.05,+18.505, +7.988,+0.979
1626441540,+3.05,+18.471, +7.990,+0.978
1626442140,+3.05,+18.479, +7.996,+0.979
1626442740,+3.05,+18.471, +8.000,+0.979
1626443340,+3.05,+18.463, +7.995,+0.979
1626443940,+3.05,+18.446, +7.979,+0.979
1626444540,+3.05,+18.437, +7.994,+0.979
1626445140,+3.05,+18.437, +8.005,+0.979
1626445740,+3.05,+18.421, +8.031,+0.979
1626446340,+3.05,+18.446, +8.003,+0.978
1626446940,+3.05,+18.463, +8.000,+0.979
1626447540,+3.05,+18.446, +7.996,+0.978
1626448140,+3.05,+18.454, +8.023,+0.979
1626448740,+3.05,+18.471, +8.002,+0.978
1626449340,+3.05,+18.488, +8.009,+0.978
1626449940,+3.05,+18.496, +8.011,+0.978
1626450540,+3.05,+18.496, +7.978,+0.978
1626451140,+3.05,+18.513, +7.983,+0.979
1626451740,+3.05,+18.505, +7.986,+0.978
1626452340,+3.05,+18.513, +7.965,+0.978
1626452940,+3.05,+18.522, +7.986,+0.978
1626453540,+3.05,+18.513, +7.978,+0.979
1626454140,+3.05,+18.513, +7.970,+0.978
1626454740,+3.05,+18.530, +7.997,+0.979
1626455340,+3.05,+18.538, +7.978,+0.978
1626455940,+3.05,+18.555, +8.004,+0.979
1626456540,+3.05,+18.530, +8.034,+0.979
1626457140,+3.05,+18.555, +8.030,+0.978
1626457740,+3.05,+18.538, +8.052,+0.979
1626458340,+3.05,+18.555, +8.054,+0.979
1626458940,+3.05,+18.580, +8.068,+0.979
1626459540,+3.05,+18.564, +8.058,+0.979
1626460140,+3.05,+18.555, +8.076,+0.979
1626460740,+3.05,+18.547, +8.095,+0.979
1626461340,+3.05,+18.555, +8.099,+0.979
1626461940,+3.05,+18.572, +8.116,+0.978
1626462540,+3.05,+18.572, +8.149,+0.979
1626463140,+3.04,+18.597, +8.095,+0.979
1626463740,+3.04,+18.623, +8.040,+0.979
1626464340,+3.04,+18.681, +8.040,+0.979
1626464940,+3.04,+18.673, +8.049,+0.979
1626465540,+3.04,+18.665, +8.024,+0.979
1626466140,+3.04,+18.665, +8.025,+0.978
1626466740,+3.04,+18.673, +7.993,+0.979
1626467340,+3.04,+18.665, +8.034,+0.979
1626467940,+3.04,+18.673, +8.067,+0.978
