7450-671179
OS REV: 1.04 Sensor Cal: 1560966684
Time (sec),  BV (Volts),  T (deg C),  DO (mg/l),  Q ()
1629078540,+3.03,+19.345, +8.299,+0.978
1629079140,+3.03,+19.387, +8.287,+0.977
1629079740,+3.03,+19.412, +8.263,+0.977
1629080340,+3.03,+19.454, +8.365,+0.977
1629080940,+3.02,+19.764, +8.237,+0.977
1629081540,+3.02,+19.806, +8.220,+0.977
1629082140,+3.02,+19.781, +8.197,+0.977
1629082740,+3.02,+19.756, +8.175,+0.977
1629083340,+3.02,+19.681, +8.221,+0.977
1629083940,+3.02,+19.655, +8.282,+0.978
1629084540,+3.03,+19.622, +8.251,+0.977
1629085140,+3.03,+19.563, +8.219,+0.977
1629085740,+3.03,+19.521, +8.251,+0.977
1629086340,+3.03,+19.421, +8.250,+0.977
1629086940,+3.03,+19.362, +8.208,+0.977
1629087540,+3.03,+19.337, +8.230,+0.977
1629088140,+3.03,+19.328, +8.288,+0.977
1629088740,+3.03,+19.328, +8.300,+0.977
1629089340,+3.03,+19.320, +8.343,+0.977
1629089940,+3.03,+19.311, +8.369,+0.977
1629090540,+3.03,+19.286, +8.382,+0.978
1629091140,+3.03,+19.311, +8.297,+0.977
1629091740,+3.03,+19.311, +8.245,+0.977
1629092340,+3.03,+19.311, +8.259,+0.978
1629092940,+3.03,+19.337, +8.243,+0.977
1629093540,+3.03,+19.337, +8.217,+0.977
1629094140,+3.03,+19.353, +8.213,+0.977
1629094740,+3.03,+19.353, +8.220,+0.977
1629095340,+3.03,+19.362, +8.211,+0.977
1629095940,+3.03,+19.412, +8.196,+0.977
1629096540,+3.03,+19.446, +8.171,+0.977
1629097140,+3.03,+19.446, +8.171,+0.978
1629097740,+3.03,+19.429, +8.152,+0.977
1629098340,+3.03,+19.421, +8.185,+0.977
1629098940,+3.03,+19.412, +8.132,+0.977
1629099540,+3.03,+19.387, +8.154,+0.977
1629100140,+3.03,+19.387, +8.124,+0.977
1629100740,+3.03,+19.370, +8.142,+0.977
1629101340,+3.03,+19.362, +8.159,+0.977
1629101940,+3.03,+19.337, +8.150,+0.976
1629102540,+3.03,+19.328, +8.143,+0.977
1629103140,+3.03,+19.320, +8.147,+0.977
1629103740,+3.03,+19.295, +8.147,+0.977
1629104340,+3.03,+19.303, +8.144,+0.977
1629104940,+3.03,+19.270, +8.147,+0.977
1629105540,+3.03,+19.270, +8.161,+0.977
1629106140,+3.03,+19.261, +8.140,+0.977
1629106740,+3.03,+19.253, +8.143,+0.977
1629107340,+3.03,+19.244, +8.121,+0.977
1629107940,+3.03,+19.261, +8.135,+0.977
1629108540,+3.03,+19.228, +8.123,+0.977
1629109140,+3.03,+19.236, +8.137,+0.977
1629109740,+3.03,+19.228, +8.127,+0.977
1629110340,+3.03,+19.211, +8.117,+0.976
1629110940,+3.03,+19.219, +8.131,+0.977
1629111540,+3.03,+19.228, +8.115,+0.977
1629112140,+3.03,+19.194, +8.134,+0.977
1629112740,+3.03,+19.169, +8.136,+0.977
1629113340,+3.03,+19.194, +8.106,+0.977
1629113940,+3.03,+19.169, +8.122,+0.977
1629114540,+3.03,+19.177, +8.141,+0.977
1629115140,+3.03,+19.160, +8.135,+0.977
1629115740,+3.03,+19.160, +8.129,+0.977
1629116340,+3.03,+19.152, +8.136,+0.977
1629116940,+3.03,+19.144, +8.135,+0.977
1629117540,+3.03,+19.135, +8.137,+0.977
1629118140,+3.03,+19.127, +8.131,+0.977
1629118740,+3.03,+19.127, +8.131,+0.977
1629119340,+3.03,+19.127, +8.125,+0.977
1629119940,+3.03,+19.110, +8.135,+0.977
1629120540,+3.03,+19.110, +8.139,+0.977
1629121140,+3.03,+19.118, +8.144,+0.977
1629121740,+3.03,+19.110, +8.135,+0.977
1629122340,+3.03,+19.110, +8.130,+0.977
1629122940,+3.03,+19.110, +8.131,+0.977
1629123540,+3.03,+19.110, +8.138,+0.977
1629124140,+3.03,+19.102, +8.145,+0.977
1629124740,+3.03,+19.110, +8.148,+0.977
1629125340,+3.03,+19.110, +8.151,+0.977
1629125940,+3.03,+19.093, +8.165,+0.977
1629126540,+3.03,+19.110, +8.162,+0.977
1629127140,+3.03,+19.135, +8.147,+0.977
1629127740,+3.03,+19.127, +8.167,+0.977
1629128340,+3.03,+19.127, +8.147,+0.977
1629128940,+3.03,+19.127, +8.155,+0.977
1629129540,+3.03,+19.118, +8.150,+0.977
1629130140,+3.03,+19.127, +8.170,+0.977
1629130740,+3.03,+19.118, +8.169,+0.977
1629131340,+3.03,+19.135, +8.172,+0.977
1629131940,+3.03,+19.144, +8.166,+0.977
1629132540,+3.03,+19.135, +8.167,+0.977
1629133140,+3.03,+19.135, +8.153,+0.977
1629133740,+3.03,+19.144, +8.162,+0.977
1629134340,+3.03,+19.177, +8.158,+0.977
1629134940,+3.03,+19.186, +8.153,+0.977
1629135540,+3.03,+19.186, +8.164,+0.977
1629136140,+3.03,+19.194, +8.157,+0.977
1629136740,+3.03,+19.219, +8.168,+0.977
1629137340,+3.03,+19.236, +8.162,+0.977
1629137940,+3.03,+19.228, +8.172,+0.977
1629138540,+3.03,+19.228, +8.177,+0.977
1629139140,+3.03,+19.253, +8.178,+0.977
1629139740,+3.03,+19.253, +8.169,+0.977
1629140340,+3.03,+19.253, +8.183,+0.977
1629140940,+3.03,+19.253, +8.181,+0.977
1629141540,+3.03,+19.244, +8.189,+0.977
1629142140,+3.03,+19.261, +8.179,+0.977
1629142740,+3.03,+19.253, +8.180,+0.977
1629143340,+3.03,+19.236, +8.180,+0.977
1629143940,+3.03,+19.236, +8.180,+0.977
1629144540,+3.03,+19.253, +8.167,+0.977
1629145140,+3.03,+19.253, +8.182,+0.977
1629145740,+3.03,+19.236, +8.160,+0.977
1629146340,+3.03,+19.270, +8.184,+0.977
1629146940,+3.03,+19.270, +8.165,+0.977
1629147540,+3.03,+19.270, +8.201,+0.977
1629148140,+3.03,+19.278, +8.213,+0.977
1629148740,+3.03,+19.295, +8.216,+0.977
1629149340,+3.03,+19.311, +8.213,+0.977
1629149940,+3.03,+19.337, +8.203,+0.977
1629150540,+3.03,+19.311, +8.200,+0.977
1629151140,+3.03,+19.320, +8.205,+0.977
1629151740,+3.03,+19.320, +8.204,+0.977
1629152340,+3.03,+19.320, +8.222,+0.977
1629152940,+3.03,+19.379, +8.221,+0.977
1629153540,+3.03,+19.387, +8.211,+0.977
1629154140,+3.03,+19.437, +8.207,+0.977
1629154740,+3.03,+19.446, +8.220,+0.977
1629155340,+3.03,+19.437, +8.213,+0.977
1629155940,+3.03,+19.421, +8.229,+0.977
1629156540,+3.03,+19.437, +8.227,+0.977
1629157140,+3.03,+19.446, +8.230,+0.977
1629157740,+3.03,+19.454, +8.236,+0.978
1629158340,+3.03,+19.429, +8.229,+0.977
1629158940,+3.03,+19.521, +8.212,+0.977
1629159540,+3.03,+19.496, +8.210,+0.977
1629160140,+3.03,+19.572, +8.219,+0.977
1629160740,+3.02,+19.630, +8.184,+0.977
1629161340,+3.02,+19.655, +8.205,+0.977
1629161940,+3.02,+19.706, +8.162,+0.977
1629162540,+3.02,+19.722, +8.133,+0.977
1629163140,+3.02,+19.722, +8.129,+0.977
1629163740,+3.02,+19.689, +8.133,+0.977
1629164340,+3.02,+19.681, +8.131,+0.977
1629164940,+3.02,+19.689, +8.127,+0.977
