7450-671179
OS REV: 1.04 Sensor Cal: 1560966684
Time (sec),  BV (Volts),  T (deg C),  DO (mg/l),  Q ()
1627077540,+3.04,+19.068, +8.170,+0.978
1627078140,+3.04,+19.110, +8.176,+0.978
1627078740,+3.04,+19.177, +8.153,+0.978
1627079340,+3.04,+19.194, +8.149,+0.978
1627079940,+3.04,+19.186, +8.140,+0.978
1627080540,+3.04,+19.152, +8.147,+0.978
1627081140,+3.04,+19.177, +8.160,+0.979
1627081740,+3.04,+19.177, +8.151,+0.978
1627082340,+3.04,+19.160, +8.142,+0.978
1627082940,+3.04,+19.102, +8.154,+0.978
1627083540,+3.04,+19.102, +8.157,+0.979
1627084140,+3.04,+19.068, +8.153,+0.978
1627084740,+3.04,+19.060, +8.147,+0.978
1627085340,+3.04,+19.051, +8.123,+0.978
1627085940,+3.04,+19.043, +8.125,+0.978
1627086540,+3.04,+19.060, +8.144,+0.978
1627087140,+3.04,+19.034, +8.154,+0.978
1627087740,+3.04,+19.043, +8.161,+0.978
1627088340,+3.04,+19.043, +8.166,+0.978
1627088940,+3.04,+19.026, +8.163,+0.978
1627089540,+3.04,+19.018, +8.150,+0.978
1627090140,+3.04,+19.001, +8.157,+0.978
1627090740,+3.04,+18.942, +8.166,+0.979
1627091340,+3.04,+18.942, +8.189,+0.978
1627091940,+3.04,+19.026, +8.253,+0.978
1627092540,+3.04,+18.984, +8.220,+0.978
1627093140,+3.04,+18.976, +8.198,+0.978
1627093740,+3.04,+19.001, +8.206,+0.978
1627094340,+3.04,+19.001, +8.216,+0.978
1627094940,+3.04,+19.018, +8.216,+0.978
1627095540,+3.04,+19.018, +8.197,+0.978
1627096140,+3.04,+19.009, +8.201,+0.978
1627096740,+3.04,+19.001, +8.205,+0.979
1627097340,+3.04,+19.009, +8.188,+0.978
1627097940,+3.04,+18.992, +8.190,+0.979
1627098540,+3.04,+18.992, +8.190,+0.978
1627099140,+3.04,+18.992, +8.204,+0.979
1627099740,+3.04,+18.959, +8.222,+0.978
1627100340,+3.04,+18.984, +8.216,+0.978
1627100940,+3.04,+18.984, +8.182,+0.978
1627101540,+3.04,+18.976, +8.184,+0.979
1627102140,+3.04,+18.967, +8.206,+0.979
1627102740,+3.04,+18.950, +8.198,+0.978
1627103340,+3.04,+18.950, +8.174,+0.978
1627103940,+3.04,+18.925, +8.172,+0.978
1627104540,+3.04,+18.900, +8.156,+0.978
1627105140,+3.04,+18.934, +8.148,+0.978
1627105740,+3.04,+18.917, +8.147,+0.978
1627106340,+3.04,+18.942, +8.141,+0.978
1627106940,+3.04,+18.959, +8.143,+0.978
1627107540,+3.04,+18.959, +8.139,+0.979
1627108140,+3.04,+18.942, +8.127,+0.978
1627108740,+3.04,+18.950, +8.120,+0.978
1627109340,+3.04,+18.950, +8.129,+0.978
1627109940,+3.04,+18.925, +8.121,+0.978
1627110540,+3.04,+18.917, +8.125,+0.978
1627111140,+3.04,+18.892, +8.115,+0.978
1627111740,+3.04,+18.892, +8.123,+0.978
1627112340,+3.04,+18.875, +8.123,+0.978
1627112940,+3.04,+18.850, +8.121,+0.978
1627113540,+3.04,+18.850, +8.130,+0.978
1627114140,+3.04,+18.833, +8.124,+0.978
1627114740,+3.04,+18.824, +8.124,+0.978
1627115340,+3.04,+18.824, +8.124,+0.978
1627115940,+3.04,+18.791, +8.136,+0.978
1627116540,+3.04,+18.774, +8.131,+0.978
1627117140,+3.04,+18.799, +8.127,+0.978
1627117740,+3.04,+18.757, +8.130,+0.978
1627118340,+3.04,+18.766, +8.138,+0.978
1627118940,+3.04,+18.749, +8.145,+0.978
1627119540,+3.04,+18.723, +8.138,+0.978
1627120140,+3.04,+18.715, +8.139,+0.978
1627120740,+3.04,+18.698, +8.141,+0.978
1627121340,+3.04,+18.698, +8.131,+0.978
1627121940,+3.04,+18.690, +8.135,+0.978
1627122540,+3.04,+18.690, +8.138,+0.978
1627123140,+3.04,+18.639, +8.146,+0.978
1627123740,+3.04,+18.665, +8.136,+0.978
1627124340,+3.04,+18.639, +8.159,+0.979
1627124940,+3.04,+18.631, +8.145,+0.978
1627125540,+3.04,+18.606, +8.150,+0.978
1627126140,+3.04,+18.606, +8.153,+0.978
1627126740,+3.04,+18.564, +8.152,+0.978
1627127340,+3.04,+18.547, +8.163,+0.979
1627127940,+3.04,+18.547, +8.145,+0.978
1627128540,+3.04,+18.555, +8.156,+0.978
1627129140,+3.04,+18.538, +8.162,+0.978
1627129740,+3.04,+18.564, +8.150,+0.978
1627130340,+3.04,+18.538, +8.153,+0.978
1627130940,+3.04,+18.496, +8.156,+0.978
1627131540,+3.04,+18.513, +8.154,+0.978
1627132140,+3.04,+18.522, +8.153,+0.978
1627132740,+3.04,+18.496, +8.188,+0.978
1627133340,+3.04,+18.488, +8.172,+0.978
1627133940,+3.04,+18.479, +8.172,+0.978
1627134540,+3.04,+18.454, +8.184,+0.979
1627135140,+3.04,+18.429, +8.171,+0.978
1627135740,+3.04,+18.421, +8.161,+0.978
1627136340,+3.04,+18.437, +8.165,+0.979
1627136940,+3.04,+18.429, +8.159,+0.978
1627137540,+3.04,+18.421, +8.167,+0.978
1627138140,+3.04,+18.446, +8.172,+0.978
1627138740,+3.04,+18.446, +8.184,+0.979
1627139340,+3.04,+18.471, +8.181,+0.979
1627139940,+3.04,+18.463, +8.184,+0.979
1627140540,+3.04,+18.463, +8.171,+0.978
1627141140,+3.04,+18.471, +8.168,+0.978
1627141740,+3.04,+18.530, +8.147,+0.978
1627142340,+3.04,+18.538, +8.152,+0.978
1627142940,+3.04,+18.547, +8.170,+0.978
1627143540,+3.04,+18.564, +8.160,+0.977
1627144140,+3.04,+18.555, +8.175,+0.978
1627144740,+3.04,+18.547, +8.183,+0.978
1627145340,+3.04,+18.580, +8.183,+0.978
1627145940,+3.04,+18.606, +8.202,+0.978
1627146540,+3.04,+18.606, +8.202,+0.979
1627147140,+3.04,+18.614, +8.183,+0.978
1627147740,+3.04,+18.564, +8.172,+0.978
1627148340,+3.04,+18.606, +8.170,+0.978
1627148940,+3.04,+18.597, +8.143,+0.978
1627149540,+3.04,+18.614, +8.152,+0.979
1627150140,+3.04,+18.623, +8.145,+0.978
1627150740,+3.04,+18.631, +8.168,+0.978
1627151340,+3.04,+18.656, +8.168,+0.978
1627151940,+3.04,+18.665, +8.169,+0.978
1627152540,+3.04,+18.681, +8.187,+0.978
1627153140,+3.04,+18.698, +8.188,+0.978
1627153740,+3.04,+18.740, +8.209,+0.978
1627154340,+3.04,+18.766, +8.190,+0.978
1627154940,+3.04,+18.766, +8.189,+0.978
1627155540,+3.04,+18.774, +8.166,+0.978
1627156140,+3.04,+18.791, +8.165,+0.978
1627156740,+3.04,+18.799, +8.160,+0.978
1627157340,+3.04,+18.824, +8.169,+0.978
1627157940,+3.04,+18.850, +8.180,+0.978
1627158540,+3.04,+18.866, +8.190,+0.978
1627159140,+3.04,+18.883, +8.182,+0.978
1627159740,+3.04,+18.892, +8.188,+0.978
1627160340,+3.04,+18.917, +8.187,+0.978
1627160940,+3.04,+18.950, +8.183,+0.978
1627161540,+3.04,+18.942, +8.196,+0.979
1627162140,+3.04,+18.984, +8.196,+0.978
1627162740,+3.04,+18.992, +8.186,+0.978
1627163340,+3.04,+18.959, +8.182,+0.978
1627163940,+3.04,+18.976, +8.182,+0.978
