datetime,irr_0,irr_2,irr_4,irr_8
2020-07-21T20:30:00Z,333.7,5511.1,NA,452.1
2020-07-21T21:00:00Z,312.2,6544.5,NA,312.2
2020-07-21T21:30:00Z,419.8,3272.2,NA,107.6
2020-07-21T22:00:00Z,688.9,3961.1,NA,96.9
2020-07-21T22:30:00Z,1463.9,33066.9,NA,150.7
2020-07-21T23:00:00Z,419.8,1894.5,NA,75.3
2020-07-21T23:30:00Z,602.8,2152.8,NA,161.5
2020-07-22T00:00:00Z,936.5,3272.2,NA,118.4
2020-07-22T00:30:00Z,301.4,1377.8,NA,129.2
2020-07-22T01:00:00Z,172.2,1270.1,NA,21.5
2020-07-22T01:30:00Z,247.6,958,NA,64.6
2020-07-22T02:00:00Z,43.1,452.1,NA,0
2020-07-22T02:30:00Z,43.1,441.3,NA,0
2020-07-22T03:00:00Z,10.8,215.3,NA,0
2020-07-22T03:30:00Z,0,21.5,NA,0
2020-07-22T04:00:00Z,0,0,NA,0
2020-07-22T04:30:00Z,0,0,NA,0
2020-07-22T05:00:00Z,0,0,NA,0
2020-07-22T05:30:00Z,0,0,NA,0
2020-07-22T06:00:00Z,0,0,NA,0
2020-07-22T06:30:00Z,0,0,NA,0
2020-07-22T07:00:00Z,0,0,NA,0
2020-07-22T07:30:00Z,0,0,NA,0
2020-07-22T08:00:00Z,0,0,NA,0
2020-07-22T08:30:00Z,0,0,NA,0
2020-07-22T09:00:00Z,0,0,NA,0
2020-07-22T09:30:00Z,0,0,NA,0
2020-07-22T10:00:00Z,0,0,NA,0
2020-07-22T10:30:00Z,0,0,NA,0
2020-07-22T11:00:00Z,0,0,NA,0
2020-07-22T11:30:00Z,0,0,NA,0
2020-07-22T12:00:00Z,0,43.1,NA,0
2020-07-22T12:30:00Z,10.8,236.8,NA,0
2020-07-22T13:00:00Z,21.5,366,NA,0
2020-07-22T13:30:00Z,43.1,462.9,NA,0
2020-07-22T14:00:00Z,172.2,1054.9,NA,64.6
2020-07-22T14:30:00Z,290.6,1550,NA,96.9
2020-07-22T15:00:00Z,215.3,1894.5,NA,118.4
2020-07-22T15:30:00Z,1550,13777.9,NA,53.8
2020-07-22T16:00:00Z,3444.5,22044.6,NA,43.1
2020-07-22T16:30:00Z,3616.7,12400.1,NA,53.8
2020-07-22T17:00:00Z,3788.9,7577.8,NA,64.6
2020-07-22T17:30:00Z,7233.4,24800.2,NA,64.6
2020-07-22T18:00:00Z,785.8,12400.1,NA,75.3
2020-07-22T18:30:00Z,1722.2,15844.5,NA,75.3
2020-07-22T19:00:00Z,344.4,5511.1,NA,96.9
2020-07-22T19:30:00Z,419.8,9300.1,NA,86.1
2020-07-22T20:00:00Z,419.8,11711.2,NA,107.6
2020-07-22T20:30:00Z,473.6,18600.1,NA,204.5
2020-07-22T21:00:00Z,914.9,3961.1,NA,10.8
2020-07-22T21:30:00Z,322.9,1980.6,NA,10.8
2020-07-22T22:00:00Z,344.4,1808.3,NA,0
2020-07-22T22:30:00Z,753.5,4994.5,NA,43.1
2020-07-22T23:00:00Z,430.6,2927.8,NA,10.8
2020-07-22T23:30:00Z,129.2,1894.5,NA,0
2020-07-23T00:00:00Z,64.6,549,NA,0
2020-07-23T00:30:00Z,172.2,1054.9,NA,0
2020-07-23T01:00:00Z,150.7,904.2,NA,0
2020-07-23T01:30:00Z,139.9,753.5,NA,0
2020-07-23T02:00:00Z,150.7,850.4,NA,0
2020-07-23T02:30:00Z,86.1,462.9,NA,0
2020-07-23T03:00:00Z,21.5,118.4,NA,0
2020-07-23T03:30:00Z,0,0,NA,0
2020-07-23T04:00:00Z,0,0,NA,0
2020-07-23T04:30:00Z,0,0,NA,0
2020-07-23T05:00:00Z,0,0,NA,0
2020-07-23T05:30:00Z,0,0,NA,0
2020-07-23T06:00:00Z,0,0,NA,0
2020-07-23T06:30:00Z,0,0,NA,0
2020-07-23T07:00:00Z,0,0,NA,0
2020-07-23T07:30:00Z,0,0,NA,0
2020-07-23T08:00:00Z,0,0,NA,0
2020-07-23T08:30:00Z,0,0,NA,0
2020-07-23T09:00:00Z,0,0,NA,0
2020-07-23T09:30:00Z,0,0,NA,0
2020-07-23T10:00:00Z,0,0,NA,0
2020-07-23T10:30:00Z,0,0,NA,0
2020-07-23T11:00:00Z,0,0,NA,0
2020-07-23T11:30:00Z,0,0,NA,0
2020-07-23T12:00:00Z,0,21.5,NA,0
2020-07-23T12:30:00Z,21.5,301.4,NA,0
2020-07-23T13:00:00Z,53.8,678.1,NA,0
2020-07-23T13:30:00Z,107.6,925.7,NA,0
2020-07-23T14:00:00Z,204.5,2066.7,NA,10.8
2020-07-23T14:30:00Z,258.3,2927.8,NA,21.5
2020-07-23T15:00:00Z,355.2,12400.1,NA,32.3
2020-07-23T15:30:00Z,5166.7,4994.5,NA,75.3
2020-07-23T16:00:00Z,5166.7,7577.8,NA,96.9
2020-07-23T16:30:00Z,3616.7,3788.9,NA,75.3
2020-07-23T17:00:00Z,3100,4650,NA,107.6
2020-07-23T17:30:00Z,2066.7,4994.5,NA,53.8
2020-07-23T18:00:00Z,624.3,2927.8,NA,32.3
2020-07-23T18:30:00Z,538.2,3616.7,NA,183
2020-07-23T19:00:00Z,990.3,3272.2,NA,53.8
2020-07-23T19:30:00Z,764.2,5511.1,NA,86.1
2020-07-23T20:00:00Z,549,4133.4,NA,32.3
2020-07-23T20:30:00Z,505.9,2755.6,NA,0
2020-07-23T21:00:00Z,419.8,1463.9,NA,0
2020-07-23T21:30:00Z,183,979.5,NA,0
2020-07-23T22:00:00Z,64.6,1270.1,NA,0
2020-07-23T22:30:00Z,1184,5166.7,NA,32.3
2020-07-23T23:00:00Z,2325,4994.5,NA,64.6
2020-07-23T23:30:00Z,1313.2,5511.1,NA,64.6
2020-07-24T00:00:00Z,559.7,14466.8,NA,32.3
2020-07-24T00:30:00Z,452.1,3272.2,NA,10.8
2020-07-24T01:00:00Z,290.6,2927.8,NA,10.8
2020-07-24T01:30:00Z,409,4822.3,NA,10.8
2020-07-24T02:00:00Z,387.5,1345.5,NA,0
2020-07-24T02:30:00Z,204.5,452.1,NA,0
2020-07-24T03:00:00Z,64.6,139.9,NA,0
2020-07-24T03:30:00Z,0,0,NA,0
2020-07-24T04:00:00Z,0,0,NA,0
2020-07-24T04:30:00Z,0,0,NA,0
2020-07-24T05:00:00Z,0,0,NA,0
2020-07-24T05:30:00Z,0,0,NA,0
2020-07-24T06:00:00Z,0,0,NA,0
2020-07-24T06:30:00Z,0,0,NA,0
2020-07-24T07:00:00Z,0,0,NA,0
2020-07-24T07:30:00Z,0,0,NA,0
2020-07-24T08:00:00Z,0,0,NA,0
2020-07-24T08:30:00Z,0,0,NA,0
2020-07-24T09:00:00Z,0,0,NA,0
2020-07-24T09:30:00Z,0,0,NA,0
2020-07-24T10:00:00Z,0,0,NA,0
2020-07-24T10:30:00Z,0,0,NA,0
2020-07-24T11:00:00Z,0,0,NA,0
2020-07-24T11:30:00Z,0,0,NA,0
2020-07-24T12:00:00Z,0,53.8,NA,0
2020-07-24T12:30:00Z,32.3,376.7,NA,0
2020-07-24T13:00:00Z,43.1,516.7,NA,0
2020-07-24T13:30:00Z,96.9,721.2,NA,0
2020-07-24T14:00:00Z,193.8,8266.7,NA,0
2020-07-24T14:30:00Z,3788.9,1980.6,NA,21.5
2020-07-24T15:00:00Z,3444.5,2066.7,NA,43.1
2020-07-24T15:30:00Z,5166.7,3100,NA,75.3
2020-07-24T16:00:00Z,3616.7,2927.8,NA,32.3
2020-07-24T16:30:00Z,2583.4,2669.5,NA,129.2
2020-07-24T17:00:00Z,882.6,1722.2,NA,21.5
2020-07-24T17:30:00Z,592,3961.1,NA,53.8
2020-07-24T18:00:00Z,1636.1,4133.4,NA,53.8
2020-07-24T18:30:00Z,4650,6544.5,NA,172.2
2020-07-24T19:00:00Z,236.8,5166.7,NA,21.5
2020-07-24T19:30:00Z,484.4,24800.2,NA,75.3
2020-07-24T20:00:00Z,376.7,3961.1,NA,10.8
2020-07-24T20:30:00Z,387.5,33066.9,NA,86.1
2020-07-24T21:00:00Z,441.3,9644.5,NA,86.1
2020-07-24T21:30:00Z,441.3,27555.7,NA,86.1
2020-07-24T22:00:00Z,322.9,14466.8,NA,53.8
2020-07-24T22:30:00Z,366,16533.4,NA,21.5
2020-07-24T23:00:00Z,161.5,8266.7,NA,10.8
2020-07-24T23:30:00Z,193.8,4133.4,NA,10.8
2020-07-25T00:00:00Z,419.8,3100,NA,10.8
2020-07-25T00:30:00Z,452.1,2238.9,NA,0
2020-07-25T01:00:00Z,204.5,1722.2,NA,0
2020-07-25T01:30:00Z,86.1,602.8,NA,0
2020-07-25T02:00:00Z,10.8,247.6,NA,0
2020-07-25T02:30:00Z,10.8,139.9,NA,0
2020-07-25T03:00:00Z,0,107.6,NA,0
2020-07-25T03:30:00Z,0,0,NA,0
2020-07-25T04:00:00Z,0,0,NA,0
2020-07-25T04:30:00Z,0,0,NA,0
2020-07-25T05:00:00Z,0,0,NA,0
2020-07-25T05:30:00Z,0,0,NA,0
2020-07-25T06:00:00Z,0,0,NA,0
2020-07-25T06:30:00Z,0,0,NA,0
2020-07-25T07:00:00Z,0,0,NA,0
2020-07-25T07:30:00Z,0,0,NA,0
2020-07-25T08:00:00Z,0,0,NA,0
2020-07-25T08:30:00Z,0,0,NA,0
2020-07-25T09:00:00Z,0,0,NA,0
2020-07-25T09:30:00Z,0,0,NA,0
2020-07-25T10:00:00Z,0,0,NA,0
2020-07-25T10:30:00Z,0,0,NA,0
2020-07-25T11:00:00Z,0,0,NA,0
2020-07-25T11:30:00Z,0,0,NA,0
2020-07-25T12:00:00Z,0,32.3,NA,0
2020-07-25T12:30:00Z,21.5,258.3,NA,0
2020-07-25T13:00:00Z,53.8,430.6,NA,0
2020-07-25T13:30:00Z,75.3,592,NA,0
2020-07-25T14:00:00Z,204.5,3788.9,NA,0
2020-07-25T14:30:00Z,312.2,3444.5,NA,10.8
2020-07-25T15:00:00Z,1377.8,3100,NA,43.1
2020-07-25T15:30:00Z,656.6,4477.8,NA,53.8
2020-07-25T16:00:00Z,1324,3961.1,NA,75.3
2020-07-25T16:30:00Z,344.4,11711.2,NA,53.8
2020-07-25T17:00:00Z,279.9,5338.9,NA,64.6
2020-07-25T17:30:00Z,301.4,49600.3,NA,53.8
2020-07-25T18:00:00Z,355.2,24800.2,NA,75.3
2020-07-25T18:30:00Z,322.9,28933.5,NA,86.1
2020-07-25T19:00:00Z,409,60622.6,NA,86.1
2020-07-25T19:30:00Z,312.2,12400.1,NA,75.3
2020-07-25T20:00:00Z,301.4,34444.7,NA,75.3
2020-07-25T20:30:00Z,398.3,30311.3,NA,75.3
2020-07-25T21:00:00Z,355.2,9300.1,NA,64.6
2020-07-25T21:30:00Z,344.4,22044.6,NA,64.6
2020-07-25T22:00:00Z,441.3,37200.2,NA,64.6
2020-07-25T22:30:00Z,409,11022.3,NA,53.8
2020-07-25T23:00:00Z,925.7,5511.1,NA,43.1
2020-07-25T23:30:00Z,236.8,19289,NA,32.3
2020-07-26T00:00:00Z,1108.7,3272.2,NA,32.3
2020-07-26T00:30:00Z,678.1,3616.7,NA,21.5
2020-07-26T01:00:00Z,204.5,9644.5,NA,10.8
2020-07-26T01:30:00Z,215.3,5166.7,NA,0
2020-07-26T02:00:00Z,64.6,635.1,NA,0
2020-07-26T02:30:00Z,32.3,430.6,NA,0
2020-07-26T03:00:00Z,21.5,161.5,NA,0
2020-07-26T03:30:00Z,0,10.8,NA,0
2020-07-26T04:00:00Z,0,0,NA,0
2020-07-26T04:30:00Z,0,0,NA,0
2020-07-26T05:00:00Z,0,0,NA,0
2020-07-26T05:30:00Z,0,0,NA,0
2020-07-26T06:00:00Z,0,0,NA,0
2020-07-26T06:30:00Z,0,0,NA,0
2020-07-26T07:00:00Z,0,0,NA,0
2020-07-26T07:30:00Z,0,0,NA,0
2020-07-26T08:00:00Z,0,0,NA,0
2020-07-26T08:30:00Z,0,0,NA,0
2020-07-26T09:00:00Z,0,0,NA,0
2020-07-26T09:30:00Z,0,0,NA,0
2020-07-26T10:00:00Z,0,0,NA,0
2020-07-26T10:30:00Z,0,0,NA,0
2020-07-26T11:00:00Z,0,0,NA,0
2020-07-26T11:30:00Z,0,0,NA,0
2020-07-26T12:00:00Z,0,32.3,NA,0
2020-07-26T12:30:00Z,21.5,236.8,NA,0
2020-07-26T13:00:00Z,43.1,376.7,NA,0
2020-07-26T13:30:00Z,53.8,505.9,NA,0
2020-07-26T14:00:00Z,161.5,3961.1,NA,0
2020-07-26T14:30:00Z,215.3,4477.8,NA,10.8
2020-07-26T15:00:00Z,247.6,6200,NA,21.5
2020-07-26T15:30:00Z,1216.3,4305.6,NA,43.1
2020-07-26T16:00:00Z,1550,1636.1,NA,86.1
2020-07-26T16:30:00Z,1550,6544.5,NA,86.1
2020-07-26T17:00:00Z,721.2,26178,NA,75.3
2020-07-26T17:30:00Z,656.6,39955.8,NA,75.3
2020-07-26T18:00:00Z,290.6,49600.3,NA,75.3
2020-07-26T18:30:00Z,312.2,52355.9,NA,75.3
2020-07-26T19:00:00Z,290.6,17222.3,NA,86.1
2020-07-26T19:30:00Z,344.4,33066.9,NA,86.1
2020-07-26T20:00:00Z,333.7,49600.3,NA,75.3
2020-07-26T20:30:00Z,269.1,11711.2,NA,64.6
2020-07-26T21:00:00Z,269.1,33066.9,NA,75.3
2020-07-26T21:30:00Z,269.1,26178,NA,64.6
2020-07-26T22:00:00Z,344.4,12400.1,NA,64.6
2020-07-26T22:30:00Z,258.3,27555.7,NA,53.8
2020-07-26T23:00:00Z,258.3,16533.4,NA,43.1
2020-07-26T23:30:00Z,624.3,10333.4,NA,32.3
2020-07-27T00:00:00Z,215.3,16533.4,NA,21.5
2020-07-27T00:30:00Z,581.3,2152.8,NA,21.5
2020-07-27T01:00:00Z,968.8,3961.1,NA,10.8
2020-07-27T01:30:00Z,172.2,7577.8,NA,0
2020-07-27T02:00:00Z,53.8,656.6,NA,0
2020-07-27T02:30:00Z,53.8,312.2,NA,0
2020-07-27T03:00:00Z,21.5,139.9,NA,0
2020-07-27T03:30:00Z,0,0,NA,0
2020-07-27T04:00:00Z,0,0,NA,0
2020-07-27T04:30:00Z,0,0,NA,0
2020-07-27T05:00:00Z,0,0,NA,0
2020-07-27T05:30:00Z,0,0,NA,0
2020-07-27T06:00:00Z,0,0,NA,0
2020-07-27T06:30:00Z,0,0,NA,0
2020-07-27T07:00:00Z,0,0,NA,0
2020-07-27T07:30:00Z,0,0,NA,0
2020-07-27T08:00:00Z,0,0,NA,0
2020-07-27T08:30:00Z,0,0,NA,0
2020-07-27T09:00:00Z,0,0,NA,0
2020-07-27T09:30:00Z,0,0,NA,0
2020-07-27T10:00:00Z,0,0,NA,0
2020-07-27T10:30:00Z,0,0,NA,0
2020-07-27T11:00:00Z,0,0,NA,0
2020-07-27T11:30:00Z,0,0,NA,0
2020-07-27T12:00:00Z,0,32.3,NA,0
2020-07-27T12:30:00Z,21.5,236.8,NA,0
2020-07-27T13:00:00Z,43.1,409,NA,0
2020-07-27T13:30:00Z,64.6,559.7,NA,0
2020-07-27T14:00:00Z,150.7,6200,NA,0
2020-07-27T14:30:00Z,215.3,8266.7,NA,10.8
2020-07-27T15:00:00Z,269.1,7577.8,NA,21.5
2020-07-27T15:30:00Z,925.7,5338.9,NA,43.1
2020-07-27T16:00:00Z,742.7,7577.8,NA,43.1
2020-07-27T16:30:00Z,1808.3,5166.7,NA,75.3
2020-07-27T17:00:00Z,1980.6,5166.7,NA,86.1
2020-07-27T17:30:00Z,312.2,11022.3,NA,75.3
2020-07-27T18:00:00Z,344.4,13089,NA,64.6
2020-07-27T18:30:00Z,290.6,15844.5,NA,75.3
2020-07-27T19:00:00Z,279.9,8611.2,NA,75.3
2020-07-27T19:30:00Z,269.1,27555.7,NA,75.3
2020-07-27T20:00:00Z,333.7,49600.3,NA,75.3
2020-07-27T20:30:00Z,269.1,5511.1,NA,75.3
2020-07-27T21:00:00Z,2152.8,4650,NA,107.6
2020-07-27T21:30:00Z,344.4,22044.6,NA,64.6
2020-07-27T22:00:00Z,322.9,20666.8,NA,64.6
2020-07-27T22:30:00Z,355.2,60622.6,NA,53.8
2020-07-27T23:00:00Z,301.4,16533.4,NA,43.1
2020-07-27T23:30:00Z,3444.5,7577.8,NA,32.3
2020-07-28T00:00:00Z,505.9,2238.9,NA,32.3
2020-07-28T00:30:00Z,570.5,1550,NA,21.5
2020-07-28T01:00:00Z,484.4,1216.3,NA,10.8
2020-07-28T01:30:00Z,150.7,807.3,NA,10.8
2020-07-28T02:00:00Z,21.5,441.3,NA,0
2020-07-28T02:30:00Z,10.8,398.3,NA,0
2020-07-28T03:00:00Z,0,193.8,NA,0
2020-07-28T03:30:00Z,0,0,NA,0
2020-07-28T04:00:00Z,0,0,NA,0
2020-07-28T04:30:00Z,0,0,NA,0
2020-07-28T05:00:00Z,0,0,NA,0
2020-07-28T05:30:00Z,0,0,NA,0
2020-07-28T06:00:00Z,0,0,NA,0
2020-07-28T06:30:00Z,0,0,NA,0
2020-07-28T07:00:00Z,0,0,NA,0
2020-07-28T07:30:00Z,0,0,NA,0
2020-07-28T08:00:00Z,0,0,NA,0
2020-07-28T08:30:00Z,0,0,NA,0
2020-07-28T09:00:00Z,0,0,NA,0
2020-07-28T09:30:00Z,0,0,NA,0
2020-07-28T10:00:00Z,0,0,NA,0
2020-07-28T10:30:00Z,0,0,NA,0
2020-07-28T11:00:00Z,0,0,NA,0
2020-07-28T11:30:00Z,0,0,NA,0
2020-07-28T12:00:00Z,0,10.8,NA,0
2020-07-28T12:30:00Z,0,161.5,NA,0
2020-07-28T13:00:00Z,32.3,441.3,NA,0
2020-07-28T13:30:00Z,75.3,947.2,NA,0
2020-07-28T14:00:00Z,64.6,968.8,NA,0
2020-07-28T14:30:00Z,64.6,764.2,NA,0
2020-07-28T15:00:00Z,129.2,1550,NA,10.8
2020-07-28T15:30:00Z,333.7,1808.3,NA,43.1
2020-07-28T16:00:00Z,990.3,19289,NA,43.1
2020-07-28T16:30:00Z,333.7,7577.8,NA,150.7
2020-07-28T17:00:00Z,312.2,3272.2,NA,129.2
2020-07-28T17:30:00Z,322.9,2927.8,NA,150.7
2020-07-28T18:00:00Z,344.4,3961.1,NA,139.9
2020-07-28T18:30:00Z,430.6,8611.2,NA,139.9
2020-07-28T19:00:00Z,516.7,4994.5,NA,129.2
2020-07-28T19:30:00Z,409,5166.7,NA,107.6
2020-07-28T20:00:00Z,355.2,3788.9,NA,107.6
2020-07-28T20:30:00Z,322.9,6200,NA,86.1
2020-07-28T21:00:00Z,301.4,3100,NA,75.3
2020-07-28T21:30:00Z,333.7,6200,NA,64.6
2020-07-28T22:00:00Z,322.9,3272.2,NA,64.6
2020-07-28T22:30:00Z,290.6,3444.5,NA,53.8
2020-07-28T23:00:00Z,290.6,3100,NA,43.1
2020-07-28T23:30:00Z,936.5,4650,NA,53.8
2020-07-29T00:00:00Z,344.4,2927.8,NA,43.1
2020-07-29T00:30:00Z,290.6,3616.7,NA,10.8
2020-07-29T01:00:00Z,183,2583.4,NA,0
2020-07-29T01:30:00Z,64.6,764.2,NA,0
2020-07-29T02:00:00Z,43.1,592,NA,0
2020-07-29T02:30:00Z,118.4,549,NA,0
2020-07-29T03:00:00Z,32.3,183,NA,0
2020-07-29T03:30:00Z,0,0,NA,0
2020-07-29T04:00:00Z,0,0,NA,0
2020-07-29T04:30:00Z,0,0,NA,0
2020-07-29T05:00:00Z,0,0,NA,0
2020-07-29T05:30:00Z,0,0,NA,0
2020-07-29T06:00:00Z,0,0,NA,0
2020-07-29T06:30:00Z,0,0,NA,0
2020-07-29T07:00:00Z,0,0,NA,0
2020-07-29T07:30:00Z,0,0,NA,0
2020-07-29T08:00:00Z,0,0,NA,0
2020-07-29T08:30:00Z,0,0,NA,0
2020-07-29T09:00:00Z,0,0,NA,0
2020-07-29T09:30:00Z,0,0,NA,0
2020-07-29T10:00:00Z,0,0,NA,0
2020-07-29T10:30:00Z,0,0,NA,0
2020-07-29T11:00:00Z,0,0,NA,0
2020-07-29T11:30:00Z,0,0,NA,0
2020-07-29T12:00:00Z,0,0,NA,0
2020-07-29T12:30:00Z,0,172.2,NA,0
2020-07-29T13:00:00Z,21.5,398.3,NA,0
2020-07-29T13:30:00Z,43.1,613.5,NA,0
2020-07-29T14:00:00Z,129.2,1097.9,NA,0
2020-07-29T14:30:00Z,183,1980.6,NA,10.8
2020-07-29T15:00:00Z,172.2,2152.8,NA,21.5
2020-07-29T15:30:00Z,366,2669.5,NA,96.9
2020-07-29T16:00:00Z,279.9,4305.6,NA,118.4
2020-07-29T16:30:00Z,290.6,7577.8,NA,139.9
2020-07-29T17:00:00Z,322.9,4822.3,NA,139.9
2020-07-29T17:30:00Z,312.2,3961.1,NA,150.7
2020-07-29T18:00:00Z,376.7,7577.8,NA,139.9
2020-07-29T18:30:00Z,333.7,2755.6,NA,107.6
2020-07-29T19:00:00Z,376.7,9644.5,NA,139.9
2020-07-29T19:30:00Z,333.7,4650,NA,86.1
2020-07-29T20:00:00Z,559.7,4994.5,NA,161.5
2020-07-29T20:30:00Z,355.2,9300.1,NA,86.1
2020-07-29T21:00:00Z,409,5338.9,NA,75.3
2020-07-29T21:30:00Z,355.2,6200,NA,86.1
2020-07-29T22:00:00Z,236.8,4822.3,NA,53.8
2020-07-29T22:30:00Z,344.4,5166.7,NA,53.8
2020-07-29T23:00:00Z,387.5,4477.8,NA,53.8
2020-07-29T23:30:00Z,753.5,23422.4,NA,43.1
2020-07-30T00:00:00Z,613.5,4477.8,NA,21.5
2020-07-30T00:30:00Z,387.5,3272.2,NA,21.5
2020-07-30T01:00:00Z,290.6,1722.2,NA,10.8
2020-07-30T01:30:00Z,150.7,1636.1,NA,0
2020-07-30T02:00:00Z,32.3,559.7,NA,0
2020-07-30T02:30:00Z,64.6,473.6,NA,0
2020-07-30T03:00:00Z,21.5,150.7,NA,0
2020-07-30T03:30:00Z,0,0,NA,0
2020-07-30T04:00:00Z,0,0,NA,0
2020-07-30T04:30:00Z,0,0,NA,0
2020-07-30T05:00:00Z,0,0,NA,0
2020-07-30T05:30:00Z,0,0,NA,0
2020-07-30T06:00:00Z,0,0,NA,0
2020-07-30T06:30:00Z,0,0,NA,0
2020-07-30T07:00:00Z,0,0,NA,0
2020-07-30T07:30:00Z,0,0,NA,0
2020-07-30T08:00:00Z,0,0,NA,0
2020-07-30T08:30:00Z,0,0,NA,0
2020-07-30T09:00:00Z,0,0,NA,0
2020-07-30T09:30:00Z,0,0,NA,0
2020-07-30T10:00:00Z,0,0,NA,0
2020-07-30T10:30:00Z,0,0,NA,0
2020-07-30T11:00:00Z,0,0,NA,0
2020-07-30T11:30:00Z,0,0,NA,0
2020-07-30T12:00:00Z,0,10.8,NA,0
2020-07-30T12:30:00Z,10.8,193.8,NA,0
2020-07-30T13:00:00Z,53.8,893.4,NA,0
2020-07-30T13:30:00Z,43.1,807.3,NA,0
2020-07-30T14:00:00Z,75.3,1001,NA,0
2020-07-30T14:30:00Z,376.7,4822.3,NA,10.8
2020-07-30T15:00:00Z,333.7,3444.5,NA,21.5
2020-07-30T15:30:00Z,764.2,20666.8,NA,32.3
2020-07-30T16:00:00Z,398.3,4650,NA,129.2
2020-07-30T16:30:00Z,290.6,5166.7,NA,118.4
2020-07-30T17:00:00Z,333.7,5166.7,NA,96.9
2020-07-30T17:30:00Z,355.2,2927.8,NA,118.4
2020-07-30T18:00:00Z,333.7,10677.8,NA,129.2
2020-07-30T18:30:00Z,129.2,1808.3,NA,21.5
2020-07-30T19:00:00Z,398.3,4822.3,NA,107.6
2020-07-30T19:30:00Z,279.9,6200,NA,96.9
2020-07-30T20:00:00Z,290.6,2238.9,NA,86.1
2020-07-30T20:30:00Z,290.6,2927.8,NA,96.9
2020-07-30T21:00:00Z,398.3,3444.5,NA,75.3
2020-07-30T21:30:00Z,344.4,2669.5,NA,75.3
2020-07-30T22:00:00Z,322.9,3616.7,NA,64.6
2020-07-30T22:30:00Z,247.6,4822.3,NA,53.8
2020-07-30T23:00:00Z,452.1,5338.9,NA,43.1
2020-07-30T23:30:00Z,344.4,3444.5,NA,43.1
2020-07-31T00:00:00Z,376.7,1980.6,NA,32.3
2020-07-31T00:30:00Z,527.4,1808.3,NA,21.5
2020-07-31T01:00:00Z,430.6,2755.6,NA,10.8
2020-07-31T01:30:00Z,129.2,968.8,NA,0
2020-07-31T02:00:00Z,32.3,538.2,NA,0
2020-07-31T02:30:00Z,64.6,430.6,NA,0
2020-07-31T03:00:00Z,0,96.9,NA,0
2020-07-31T03:30:00Z,0,0,NA,0
2020-07-31T04:00:00Z,0,0,NA,0
2020-07-31T04:30:00Z,0,0,NA,0
2020-07-31T05:00:00Z,0,0,NA,0
2020-07-31T05:30:00Z,0,0,NA,0
2020-07-31T06:00:00Z,0,0,NA,0
2020-07-31T06:30:00Z,0,0,NA,0
2020-07-31T07:00:00Z,0,0,NA,0
2020-07-31T07:30:00Z,0,0,NA,0
2020-07-31T08:00:00Z,0,0,NA,0
2020-07-31T08:30:00Z,0,0,NA,0
2020-07-31T09:00:00Z,0,0,NA,0
2020-07-31T09:30:00Z,0,0,NA,0
2020-07-31T10:00:00Z,0,0,NA,0
2020-07-31T10:30:00Z,0,0,NA,0
2020-07-31T11:00:00Z,0,0,NA,0
2020-07-31T11:30:00Z,0,0,NA,0
2020-07-31T12:00:00Z,0,10.8,NA,0
2020-07-31T12:30:00Z,0,172.2,NA,0
2020-07-31T13:00:00Z,21.5,376.7,NA,0
2020-07-31T13:30:00Z,32.3,527.4,NA,0
2020-07-31T14:00:00Z,53.8,678.1,NA,0
2020-07-31T14:30:00Z,322.9,2411.1,NA,10.8
2020-07-31T15:00:00Z,495.1,3272.2,NA,21.5
2020-07-31T15:30:00Z,570.5,7233.4,NA,32.3
2020-07-31T16:00:00Z,1162.5,10333.4,NA,53.8
2020-07-31T16:30:00Z,968.8,26178,NA,53.8
2020-07-31T17:00:00Z,226,5338.9,NA,53.8
2020-07-31T17:30:00Z,226,5511.1,NA,64.6
2020-07-31T18:00:00Z,258.3,3788.9,NA,86.1
2020-07-31T18:30:00Z,258.3,3788.9,NA,86.1
2020-07-31T19:00:00Z,312.2,7577.8,NA,86.1
2020-07-31T19:30:00Z,279.9,4133.4,NA,96.9
2020-07-31T20:00:00Z,279.9,7577.8,NA,107.6
2020-07-31T20:30:00Z,344.4,3100,NA,96.9
2020-07-31T21:00:00Z,592,5166.7,NA,53.8
2020-07-31T21:30:00Z,409,6200,NA,86.1
2020-07-31T22:00:00Z,581.3,4477.8,NA,86.1
2020-07-31T22:30:00Z,6200,26178,NA,183
2020-07-31T23:00:00Z,409,6544.5,NA,43.1
2020-07-31T23:30:00Z,516.7,2583.4,NA,32.3
2020-08-01T00:00:00Z,602.8,2066.7,NA,21.5
2020-08-01T00:30:00Z,624.3,2669.5,NA,21.5
2020-08-01T01:00:00Z,236.8,1550,NA,10.8
2020-08-01T01:30:00Z,236.8,968.8,NA,10.8
2020-08-01T02:00:00Z,96.9,699.7,NA,0
2020-08-01T02:30:00Z,75.3,473.6,NA,0
2020-08-01T03:00:00Z,10.8,118.4,NA,0
2020-08-01T03:30:00Z,0,0,NA,0
2020-08-01T04:00:00Z,0,0,NA,0
2020-08-01T04:30:00Z,0,0,NA,0
2020-08-01T05:00:00Z,0,0,NA,0
2020-08-01T05:30:00Z,0,0,NA,0
2020-08-01T06:00:00Z,0,0,NA,0
2020-08-01T06:30:00Z,0,0,NA,0
2020-08-01T07:00:00Z,0,0,NA,0
2020-08-01T07:30:00Z,0,0,NA,0
2020-08-01T08:00:00Z,0,0,NA,0
2020-08-01T08:30:00Z,0,0,NA,0
2020-08-01T09:00:00Z,0,0,NA,0
2020-08-01T09:30:00Z,0,0,NA,0
2020-08-01T10:00:00Z,0,0,NA,0
2020-08-01T10:30:00Z,0,0,NA,0
2020-08-01T11:00:00Z,0,0,NA,0
2020-08-01T11:30:00Z,0,0,NA,0
2020-08-01T12:00:00Z,0,0,NA,0
2020-08-01T12:30:00Z,10.8,193.8,NA,0
2020-08-01T13:00:00Z,43.1,516.7,NA,0
2020-08-01T13:30:00Z,53.8,613.5,NA,0
2020-08-01T14:00:00Z,86.1,979.5,NA,0
2020-08-01T14:30:00Z,301.4,1894.5,NA,10.8
2020-08-01T15:00:00Z,419.8,2927.8,NA,21.5
2020-08-01T15:30:00Z,505.9,3961.1,NA,32.3
2020-08-01T16:00:00Z,10333.4,9300.1,NA,86.1
2020-08-01T16:30:00Z,3616.7,22044.6,NA,96.9
2020-08-01T17:00:00Z,2411.1,17911.2,NA,172.2
2020-08-01T17:30:00Z,473.6,10677.8,NA,129.2
2020-08-01T18:00:00Z,473.6,4305.6,NA,161.5
2020-08-01T18:30:00Z,721.2,5166.7,NA,96.9
2020-08-01T19:00:00Z,624.3,5166.7,NA,53.8
2020-08-01T19:30:00Z,452.1,5166.7,NA,53.8
2020-08-01T20:00:00Z,452.1,5166.7,NA,43.1
2020-08-01T20:30:00Z,430.6,4994.5,NA,43.1
2020-08-01T21:00:00Z,279.9,7233.4,NA,75.3
2020-08-01T21:30:00Z,312.2,5511.1,NA,53.8
2020-08-01T22:00:00Z,419.8,4822.3,NA,43.1
2020-08-01T22:30:00Z,527.4,3616.7,NA,43.1
2020-08-01T23:00:00Z,258.3,5166.7,NA,32.3
2020-08-01T23:30:00Z,699.7,4133.4,NA,32.3
2020-08-02T00:00:00Z,322.9,2411.1,NA,10.8
2020-08-02T00:30:00Z,258.3,1980.6,NA,10.8
2020-08-02T01:00:00Z,301.4,1463.9,NA,0
2020-08-02T01:30:00Z,53.8,893.4,NA,0
2020-08-02T02:00:00Z,32.3,592,NA,0
2020-08-02T02:30:00Z,43.1,1044.1,NA,0
2020-08-02T03:00:00Z,10.8,75.3,NA,0
2020-08-02T03:30:00Z,0,0,NA,0
2020-08-02T04:00:00Z,0,0,NA,0
2020-08-02T04:30:00Z,0,0,NA,0
2020-08-02T05:00:00Z,0,0,NA,0
2020-08-02T05:30:00Z,0,0,NA,0
2020-08-02T06:00:00Z,0,0,NA,0
2020-08-02T06:30:00Z,0,0,NA,0
2020-08-02T07:00:00Z,0,0,NA,0
2020-08-02T07:30:00Z,0,0,NA,0
2020-08-02T08:00:00Z,0,0,NA,0
2020-08-02T08:30:00Z,0,0,NA,0
2020-08-02T09:00:00Z,0,0,NA,0
2020-08-02T09:30:00Z,0,0,NA,0
2020-08-02T10:00:00Z,0,0,NA,0
2020-08-02T10:30:00Z,0,0,NA,0
2020-08-02T11:00:00Z,0,0,NA,0
2020-08-02T11:30:00Z,0,0,NA,0
2020-08-02T12:00:00Z,0,0,NA,0
2020-08-02T12:30:00Z,0,150.7,NA,0
2020-08-02T13:00:00Z,21.5,366,NA,0
2020-08-02T13:30:00Z,32.3,527.4,NA,0
2020-08-02T14:00:00Z,43.1,721.2,NA,0
2020-08-02T14:30:00Z,290.6,1894.5,NA,10.8
2020-08-02T15:00:00Z,204.5,1980.6,NA,21.5
2020-08-02T15:30:00Z,215.3,1550,NA,75.3
2020-08-02T16:00:00Z,1119.5,4133.4,NA,150.7
2020-08-02T16:30:00Z,742.7,7577.8,NA,150.7
2020-08-02T17:00:00Z,247.6,4994.5,NA,96.9
2020-08-02T17:30:00Z,258.3,1980.6,NA,107.6
2020-08-02T18:00:00Z,322.9,6200,NA,129.2
2020-08-02T18:30:00Z,301.4,5511.1,NA,118.4
2020-08-02T19:00:00Z,333.7,4477.8,NA,118.4
2020-08-02T19:30:00Z,279.9,2238.9,NA,96.9
2020-08-02T20:00:00Z,279.9,3100,NA,86.1
2020-08-02T20:30:00Z,366,3444.5,NA,75.3
2020-08-02T21:00:00Z,279.9,3444.5,NA,86.1
2020-08-02T21:30:00Z,269.1,4305.6,NA,75.3
2020-08-02T22:00:00Z,355.2,5338.9,NA,75.3
2020-08-02T22:30:00Z,1550,4305.6,NA,53.8
2020-08-02T23:00:00Z,215.3,2927.8,NA,43.1
2020-08-02T23:30:00Z,204.5,2411.1,NA,43.1
2020-08-03T00:00:00Z,172.2,1722.2,NA,32.3
2020-08-03T00:30:00Z,193.8,1313.2,NA,21.5
2020-08-03T01:00:00Z,172.2,1270.1,NA,10.8
2020-08-03T01:30:00Z,150.7,742.7,NA,0
2020-08-03T02:00:00Z,118.4,1345.5,NA,0
2020-08-03T02:30:00Z,86.1,635.1,NA,0
2020-08-03T03:00:00Z,21.5,150.7,NA,0
2020-08-03T03:30:00Z,0,0,NA,0
2020-08-03T04:00:00Z,0,0,NA,0
2020-08-03T04:30:00Z,0,0,NA,0
2020-08-03T05:00:00Z,0,0,NA,0
2020-08-03T05:30:00Z,0,0,NA,0
2020-08-03T06:00:00Z,0,0,NA,0
2020-08-03T06:30:00Z,0,0,NA,0
2020-08-03T07:00:00Z,0,0,NA,0
2020-08-03T07:30:00Z,0,0,NA,0
2020-08-03T08:00:00Z,0,0,NA,0
2020-08-03T08:30:00Z,0,0,NA,0
2020-08-03T09:00:00Z,0,0,NA,0
2020-08-03T09:30:00Z,0,0,NA,0
2020-08-03T10:00:00Z,0,0,NA,0
2020-08-03T10:30:00Z,0,0,NA,0
2020-08-03T11:00:00Z,0,0,NA,0
2020-08-03T11:30:00Z,0,0,NA,0
2020-08-03T12:00:00Z,0,0,NA,0
2020-08-03T12:30:00Z,0,107.6,NA,0
2020-08-03T13:00:00Z,32.3,376.7,NA,0
2020-08-03T13:30:00Z,53.8,484.4,NA,0
2020-08-03T14:00:00Z,75.3,667.4,NA,0
2020-08-03T14:30:00Z,215.3,1636.1,NA,21.5
2020-08-03T15:00:00Z,3961.1,4822.3,NA,86.1
2020-08-03T15:30:00Z,4305.6,5511.1,NA,75.3
2020-08-03T16:00:00Z,2238.9,5166.7,NA,150.7
2020-08-03T16:30:00Z,1141,3100,NA,32.3
2020-08-03T17:00:00Z,1636.1,5166.7,NA,64.6
2020-08-03T17:30:00Z,1237.9,5511.1,NA,43.1
2020-08-03T18:00:00Z,8266.7,3444.5,NA,107.6
2020-08-03T18:30:00Z,2325,6544.5,NA,96.9
2020-08-03T19:00:00Z,979.5,7233.4,NA,64.6
2020-08-03T19:30:00Z,301.4,44089.2,NA,107.6
2020-08-03T20:00:00Z,279.9,42711.4,NA,86.1
2020-08-03T20:30:00Z,279.9,8611.2,NA,107.6
2020-08-03T21:00:00Z,344.4,52355.9,NA,129.2
2020-08-03T21:30:00Z,279.9,82667.2,NA,107.6
2020-08-03T22:00:00Z,258.3,20666.8,NA,107.6
2020-08-03T22:30:00Z,366,12400.1,NA,161.5
2020-08-03T23:00:00Z,1463.9,8266.7,NA,96.9
2020-08-03T23:30:00Z,301.4,7577.8,NA,86.1
2020-08-04T00:00:00Z,247.6,6544.5,NA,10.8
2020-08-04T00:30:00Z,602.8,19289,NA,53.8
2020-08-04T01:00:00Z,538.2,6200,NA,43.1
2020-08-04T01:30:00Z,387.5,2755.6,NA,32.3
2020-08-04T02:00:00Z,43.1,904.2,NA,0
2020-08-04T02:30:00Z,21.5,484.4,NA,0
2020-08-04T03:00:00Z,0,129.2,NA,0
2020-08-04T03:30:00Z,0,0,NA,0
2020-08-04T04:00:00Z,0,0,NA,0
2020-08-04T04:30:00Z,0,0,NA,0
2020-08-04T05:00:00Z,0,0,NA,0
2020-08-04T05:30:00Z,0,0,NA,0
2020-08-04T06:00:00Z,0,0,NA,0
2020-08-04T06:30:00Z,0,0,NA,0
2020-08-04T07:00:00Z,0,0,NA,0
2020-08-04T07:30:00Z,0,0,NA,0
2020-08-04T08:00:00Z,0,0,NA,0
2020-08-04T08:30:00Z,0,0,NA,0
2020-08-04T09:00:00Z,0,0,NA,0
2020-08-04T09:30:00Z,0,0,NA,0
2020-08-04T10:00:00Z,0,0,NA,0
2020-08-04T10:30:00Z,0,0,NA,0
2020-08-04T11:00:00Z,0,0,NA,0
2020-08-04T11:30:00Z,0,0,NA,0
2020-08-04T12:00:00Z,0,0,NA,0
2020-08-04T12:30:00Z,0,172.2,NA,0
2020-08-04T13:00:00Z,21.5,419.8,NA,0
2020-08-04T13:30:00Z,32.3,635.1,NA,0
2020-08-04T14:00:00Z,43.1,796.5,NA,0
2020-08-04T14:30:00Z,226,19289,NA,53.8
2020-08-04T15:00:00Z,172.2,19289,NA,53.8
2020-08-04T15:30:00Z,193.8,23422.4,NA,53.8
2020-08-04T16:00:00Z,247.6,1377.8,NA,43.1
2020-08-04T16:30:00Z,236.8,2497.2,NA,53.8
2020-08-04T17:00:00Z,236.8,3100,NA,53.8
2020-08-04T17:30:00Z,279.9,3100,NA,64.6
2020-08-04T18:00:00Z,279.9,3100,NA,64.6
2020-08-04T18:30:00Z,290.6,8266.7,NA,86.1
2020-08-04T19:00:00Z,279.9,4650,NA,75.3
2020-08-04T19:30:00Z,279.9,9300.1,NA,75.3
2020-08-04T20:00:00Z,258.3,15844.5,NA,75.3
2020-08-04T20:30:00Z,269.1,28933.5,NA,86.1
2020-08-04T21:00:00Z,258.3,17222.3,NA,96.9
2020-08-04T21:30:00Z,279.9,55111.5,NA,118.4
2020-08-04T22:00:00Z,269.1,42711.4,NA,86.1
2020-08-04T22:30:00Z,247.6,13089,NA,86.1
2020-08-04T23:00:00Z,236.8,18600.1,NA,64.6
2020-08-04T23:30:00Z,516.7,11022.3,NA,129.2
2020-08-05T00:00:00Z,301.4,9644.5,NA,75.3
2020-08-05T00:30:00Z,279.9,14466.8,NA,53.8
2020-08-05T01:00:00Z,387.5,4822.3,NA,53.8
2020-08-05T01:30:00Z,269.1,2238.9,NA,32.3
2020-08-05T02:00:00Z,43.1,527.4,NA,0
2020-08-05T02:30:00Z,43.1,258.3,NA,0
2020-08-05T03:00:00Z,0,64.6,NA,0
2020-08-05T03:30:00Z,0,0,NA,0
2020-08-05T04:00:00Z,0,0,NA,0
2020-08-05T04:30:00Z,0,0,NA,0
2020-08-05T05:00:00Z,0,0,NA,0
2020-08-05T05:30:00Z,0,0,NA,0
2020-08-05T06:00:00Z,0,0,NA,0
2020-08-05T06:30:00Z,0,0,NA,0
2020-08-05T07:00:00Z,0,0,NA,0
2020-08-05T07:30:00Z,0,0,NA,0
2020-08-05T08:00:00Z,0,0,NA,0
2020-08-05T08:30:00Z,0,0,NA,0
2020-08-05T09:00:00Z,0,0,NA,0
2020-08-05T09:30:00Z,0,0,NA,0
2020-08-05T10:00:00Z,0,0,NA,0
2020-08-05T10:30:00Z,0,0,NA,0
2020-08-05T11:00:00Z,0,0,NA,0
2020-08-05T11:30:00Z,0,0,NA,0
2020-08-05T12:00:00Z,0,0,NA,0
2020-08-05T12:30:00Z,0,161.5,NA,0
2020-08-05T13:00:00Z,21.5,398.3,NA,0
2020-08-05T13:30:00Z,43.1,581.3,NA,0
2020-08-05T14:00:00Z,43.1,807.3,NA,0
2020-08-05T14:30:00Z,150.7,10677.8,NA,43.1
2020-08-05T15:00:00Z,161.5,12400.1,NA,53.8
2020-08-05T15:30:00Z,290.6,22044.6,NA,86.1
2020-08-05T16:00:00Z,462.9,28933.5,NA,172.2
2020-08-05T16:30:00Z,258.3,4133.4,NA,53.8
2020-08-05T17:00:00Z,333.7,1980.6,NA,64.6
2020-08-05T17:30:00Z,247.6,2325,NA,64.6
2020-08-05T18:00:00Z,279.9,1722.2,NA,64.6
2020-08-05T18:30:00Z,312.2,4133.4,NA,75.3
2020-08-05T19:00:00Z,279.9,4650,NA,86.1
2020-08-05T19:30:00Z,290.6,3272.2,NA,86.1
2020-08-05T20:00:00Z,290.6,3272.2,NA,75.3
2020-08-05T20:30:00Z,301.4,3788.9,NA,86.1
