datetime,wtr_0,wtr_2,wtr_4,wtr_8,wtr_1
2020-08-26T01:30:00Z,17.379,17.379,15.76,6.877,17.13
2020-08-26T02:00:00Z,17.284,17.379,15.187,6.978,17.147
2020-08-26T02:30:00Z,17.189,17.379,15.473,6.978,17.079
2020-08-26T03:00:00Z,17.094,17.284,15.378,7.179,17.053
2020-08-26T03:30:00Z,17.189,17.284,15.951,7.079,16.977
2020-08-26T04:00:00Z,16.999,17.284,15.76,6.978,16.994
2020-08-26T04:30:00Z,16.999,17.189,15.187,6.775,16.943
2020-08-26T05:00:00Z,17.094,17.189,15.855,6.775,16.935
2020-08-26T05:30:00Z,16.999,17.189,15.664,7.079,16.909
2020-08-26T06:00:00Z,16.999,17.189,15.282,6.674,16.884
2020-08-26T06:30:00Z,16.903,17.094,15.76,6.674,16.85
2020-08-26T07:00:00Z,16.903,17.094,15.76,6.978,16.858
2020-08-26T07:30:00Z,16.903,17.094,15.378,6.877,16.799
2020-08-26T08:00:00Z,16.808,16.999,15.664,6.978,16.765
2020-08-26T08:30:00Z,16.808,16.999,15.664,6.877,16.756
2020-08-26T09:00:00Z,16.713,16.999,15.664,6.775,16.714
2020-08-26T09:30:00Z,16.713,16.999,15.76,6.877,16.705
2020-08-26T10:00:00Z,16.713,16.903,15.951,6.877,16.654
2020-08-26T10:30:00Z,16.808,16.903,15.951,6.775,16.637
2020-08-26T11:00:00Z,16.618,16.903,15.76,6.674,16.578
2020-08-26T11:30:00Z,16.618,16.808,15.855,6.775,16.595
2020-08-26T12:00:00Z,16.523,16.808,15.569,6.978,16.561
2020-08-26T12:30:00Z,16.523,16.808,15.664,6.978,16.527
2020-08-26T13:00:00Z,16.523,16.808,16.046,6.978,16.493
2020-08-26T13:30:00Z,16.618,16.808,15.569,6.978,16.501
2020-08-26T14:00:00Z,16.618,16.808,15.76,6.877,16.501
2020-08-26T14:30:00Z,16.903,16.999,15.76,6.877,16.527
2020-08-26T15:00:00Z,17.284,17.094,15.76,6.877,16.561
2020-08-26T15:30:00Z,17.57,16.999,15.76,6.775,16.578
2020-08-26T16:00:00Z,17.665,16.999,16.237,7.079,16.756
2020-08-26T16:30:00Z,16.999,17.475,16.618,6.877,16.816
2020-08-26T17:00:00Z,18.045,17.379,16.618,6.978,16.994
2020-08-26T17:30:00Z,18.236,17.475,16.523,6.978,17.062
2020-08-26T18:00:00Z,17.284,17.665,16.427,6.978,17.07
2020-08-26T18:30:00Z,17.379,17.855,16.903,6.978,16.926
2020-08-26T19:00:00Z,17.284,18.045,17.094,6.978,17.189
2020-08-26T19:30:00Z,17.475,18.521,17.189,6.978,17.341
2020-08-26T20:00:00Z,17.475,18.521,16.618,7.179,17.401
2020-08-26T20:30:00Z,17.665,18.616,16.332,7.179,17.51
2020-08-26T21:00:00Z,17.76,18.045,16.141,7.179,17.51
2020-08-26T21:30:00Z,17.855,18.426,15.76,7.079,17.646
2020-08-26T22:00:00Z,17.855,18.426,15.855,7.079,17.705
2020-08-26T22:30:00Z,18.616,18.236,16.141,6.978,17.62
2020-08-26T23:00:00Z,19.092,18.14,16.046,6.877,17.713
2020-08-26T23:30:00Z,18.996,17.665,16.237,6.877,17.772
2020-08-27T00:00:00Z,18.426,17.57,16.618,6.978,17.815
2020-08-27T00:30:00Z,18.521,17.665,16.427,6.877,17.815
2020-08-27T01:00:00Z,18.14,17.379,16.237,6.978,17.781
2020-08-27T01:30:00Z,17.855,17.284,16.427,6.877,17.679
2020-08-27T02:00:00Z,17.855,17.189,16.046,6.877,17.629
2020-08-27T02:30:00Z,17.665,17.094,15.569,6.877,17.629
2020-08-27T03:00:00Z,17.76,17.094,16.141,7.079,17.629
2020-08-27T03:30:00Z,17.665,17.094,16.237,7.079,17.578
2020-08-27T04:00:00Z,17.57,17.094,16.237,7.179,17.485
2020-08-27T04:30:00Z,17.475,17.094,16.237,6.978,17.392
2020-08-27T05:00:00Z,17.475,17.189,16.427,6.978,17.333
2020-08-27T05:30:00Z,17.284,17.094,16.332,7.079,17.274
2020-08-27T06:00:00Z,17.189,17.189,16.237,7.179,17.18
2020-08-27T06:30:00Z,17.094,17.284,16.046,6.877,17.13
2020-08-27T07:00:00Z,17.094,17.284,16.332,6.877,17.07
2020-08-27T07:30:00Z,17.094,17.284,16.237,6.978,17.002
2020-08-27T08:00:00Z,16.999,17.189,15.664,6.877,16.969
2020-08-27T08:30:00Z,16.999,17.189,15.951,6.775,16.918
2020-08-27T09:00:00Z,16.903,17.094,16.046,6.877,16.875
2020-08-27T09:30:00Z,16.903,17.094,15.76,6.775,16.85
2020-08-27T10:00:00Z,16.808,17.094,15.664,6.978,16.782
2020-08-27T10:30:00Z,16.808,16.999,16.046,6.775,16.748
2020-08-27T11:00:00Z,16.808,16.999,16.237,6.775,16.714
2020-08-27T11:30:00Z,16.713,16.999,15.951,6.978,16.671
2020-08-27T12:00:00Z,16.713,16.903,15.951,7.079,16.663
2020-08-27T12:30:00Z,16.713,16.903,15.951,6.978,16.62
2020-08-27T13:00:00Z,16.618,16.903,16.141,6.877,16.612
2020-08-27T13:30:00Z,16.713,16.903,16.141,6.877,16.62
2020-08-27T14:00:00Z,16.713,16.903,15.664,7.079,16.586
2020-08-27T14:30:00Z,16.713,16.903,16.332,7.079,16.62
2020-08-27T15:00:00Z,16.808,16.903,16.523,7.079,16.629
2020-08-27T15:30:00Z,16.808,16.999,16.332,7.179,16.654
2020-08-27T16:00:00Z,16.903,16.999,15.951,7.079,16.603
2020-08-27T16:30:00Z,17.855,17.284,16.046,7.079,16.756
2020-08-27T17:00:00Z,17.094,17.665,16.618,6.978,16.935
2020-08-27T17:30:00Z,17.094,17.855,16.808,6.877,16.918
2020-08-27T18:00:00Z,17.189,17.95,16.618,6.674,17.282
2020-08-27T18:30:00Z,17.284,18.045,16.808,6.674,17.274
2020-08-27T19:00:00Z,17.379,18.236,16.618,6.877,17.265
2020-08-27T19:30:00Z,17.475,18.331,16.808,7.179,17.324
2020-08-27T20:00:00Z,17.57,18.236,16.237,7.079,17.426
2020-08-27T20:30:00Z,17.57,18.236,16.141,7.179,17.519
2020-08-27T21:00:00Z,17.665,18.521,16.046,7.079,17.544
2020-08-27T21:30:00Z,17.855,18.331,16.618,7.079,17.494
2020-08-27T22:00:00Z,17.95,18.331,16.332,7.179,17.544
2020-08-27T22:30:00Z,18.996,18.236,16.237,7.179,17.553
2020-08-27T23:00:00Z,18.045,18.331,16.237,6.978,17.553
2020-08-27T23:30:00Z,18.426,18.14,16.332,7.079,17.57
2020-08-28T00:00:00Z,18.901,18.045,16.141,6.978,17.536
2020-08-28T00:30:00Z,18.901,17.855,16.332,6.877,17.502
2020-08-28T01:00:00Z,18.236,17.855,16.141,6.978,17.477
2020-08-28T01:30:00Z,17.475,17.76,15.76,6.978,17.443
2020-08-28T02:00:00Z,17.475,17.665,15.76,7.079,17.367
2020-08-28T02:30:00Z,17.665,17.665,15.76,7.079,17.392
2020-08-28T03:00:00Z,17.379,17.379,16.237,6.978,17.426
2020-08-28T03:30:00Z,17.379,17.284,16.332,7.079,17.341
2020-08-28T04:00:00Z,17.284,17.094,16.237,6.978,17.274
2020-08-28T04:30:00Z,17.189,17.094,16.427,7.079,17.206
2020-08-28T05:00:00Z,17.094,17.094,16.237,6.978,17.121
2020-08-28T05:30:00Z,17.189,17.284,16.141,6.978,17.053
2020-08-28T06:00:00Z,17.094,17.189,16.427,7.179,16.977
2020-08-28T06:30:00Z,16.999,17.189,16.523,7.079,16.918
2020-08-28T07:00:00Z,16.999,17.094,16.523,6.978,16.858
2020-08-28T07:30:00Z,16.903,17.094,16.332,6.978,16.824
2020-08-28T08:00:00Z,16.903,17.094,15.951,6.978,16.756
2020-08-28T08:30:00Z,16.903,16.999,15.76,6.978,16.748
2020-08-28T09:00:00Z,16.713,16.999,16.046,6.978,16.705
2020-08-28T09:30:00Z,16.713,16.999,16.237,6.978,16.68
2020-08-28T10:00:00Z,16.713,16.903,16.141,6.877,16.646
2020-08-28T10:30:00Z,16.713,16.903,16.332,6.775,16.603
2020-08-28T11:00:00Z,16.713,16.808,16.713,6.775,16.595
2020-08-28T11:30:00Z,16.713,16.808,16.523,6.978,16.552
2020-08-28T12:00:00Z,16.618,16.808,16.713,6.978,16.535
2020-08-28T12:30:00Z,16.618,16.808,16.523,7.079,16.51
2020-08-28T13:00:00Z,16.618,16.713,16.618,6.978,16.484
2020-08-28T13:30:00Z,16.618,16.713,16.332,6.978,16.459
2020-08-28T14:00:00Z,16.618,16.713,16.332,7.079,16.399
2020-08-28T14:30:00Z,17.094,16.903,16.332,7.079,16.442
2020-08-28T15:00:00Z,17.475,16.999,16.427,7.28,16.476
2020-08-28T15:30:00Z,17.76,17.094,16.523,7.179,16.484
2020-08-28T16:00:00Z,18.236,17.189,16.523,7.179,16.578
2020-08-28T16:30:00Z,17.57,17.475,16.999,7.179,16.62
2020-08-28T17:00:00Z,17.76,17.665,16.808,7.179,16.909
2020-08-28T17:30:00Z,17.189,17.855,16.903,7.079,16.96
2020-08-28T18:00:00Z,17.189,17.95,16.808,7.079,17.011
2020-08-28T18:30:00Z,17.475,18.045,16.808,7.079,17.265
2020-08-28T19:00:00Z,17.57,18.331,16.999,7.179,17.274
2020-08-28T19:30:00Z,17.76,18.521,16.141,7.28,17.46
2020-08-28T20:00:00Z,17.665,18.426,16.332,7.28,17.51
2020-08-28T20:30:00Z,17.665,18.331,16.237,7.381,17.426
2020-08-28T21:00:00Z,17.76,18.236,16.523,7.28,17.637
2020-08-28T21:30:00Z,17.855,18.616,16.618,7.179,17.612
2020-08-28T22:00:00Z,18.331,18.426,16.713,6.877,17.646
2020-08-28T22:30:00Z,18.426,18.426,16.332,6.978,17.722
2020-08-28T23:00:00Z,19.187,18.236,16.523,7.079,17.772
2020-08-28T23:30:00Z,19.187,18.045,16.427,6.978,17.772
2020-08-29T00:00:00Z,19.092,17.665,16.332,6.978,17.713
2020-08-29T00:30:00Z,18.711,17.855,16.332,7.079,17.671
2020-08-29T01:00:00Z,18.236,17.855,16.332,7.179,17.654
2020-08-29T01:30:00Z,17.665,17.665,16.427,7.179,17.629
2020-08-29T02:00:00Z,17.665,17.665,15.951,7.179,17.553
2020-08-29T02:30:00Z,17.57,17.189,15.855,7.079,17.494
2020-08-29T03:00:00Z,17.475,17.094,16.427,7.079,17.443
2020-08-29T03:30:00Z,17.57,16.999,16.618,7.079,17.426
2020-08-29T04:00:00Z,17.475,16.999,15.951,7.179,17.392
2020-08-29T04:30:00Z,17.284,16.999,16.427,7.079,17.299
2020-08-29T05:00:00Z,17.284,17.094,16.523,7.079,17.206
2020-08-29T05:30:00Z,17.189,17.094,16.237,7.179,17.13
2020-08-29T06:00:00Z,17.094,17.094,16.427,6.978,17.036
2020-08-29T06:30:00Z,16.999,17.189,16.523,6.978,16.986
2020-08-29T07:00:00Z,16.999,17.189,16.523,7.179,16.935
2020-08-29T07:30:00Z,16.903,17.094,16.618,6.978,16.867
2020-08-29T08:00:00Z,16.808,17.094,16.523,7.28,16.816
2020-08-29T08:30:00Z,16.808,16.999,16.427,6.978,16.765
2020-08-29T09:00:00Z,16.808,16.999,16.046,7.079,16.714
2020-08-29T09:30:00Z,16.713,16.999,16.427,6.978,16.68
2020-08-29T10:00:00Z,16.713,16.903,16.427,6.978,16.637
2020-08-29T10:30:00Z,16.523,16.903,16.427,6.877,16.612
2020-08-29T11:00:00Z,16.618,16.903,16.427,6.775,16.595
2020-08-29T11:30:00Z,16.618,16.808,16.618,6.978,16.552
2020-08-29T12:00:00Z,16.618,16.808,16.523,7.079,16.544
2020-08-29T12:30:00Z,16.618,16.808,15.951,6.978,16.501
2020-08-29T13:00:00Z,16.523,16.713,16.427,6.978,16.467
2020-08-29T13:30:00Z,16.523,16.713,16.523,7.179,16.391
2020-08-29T14:00:00Z,16.523,16.713,16.427,7.28,16.433
2020-08-29T14:30:00Z,17.094,16.808,16.427,7.28,16.408
2020-08-29T15:00:00Z,17.284,16.999,16.523,7.079,16.442
2020-08-29T15:30:00Z,17.665,17.094,16.523,7.079,16.493
2020-08-29T16:00:00Z,18.236,17.094,16.523,7.179,16.518
2020-08-29T16:30:00Z,17.76,16.999,16.903,7.28,16.569
2020-08-29T17:00:00Z,18.045,17.475,16.903,7.179,16.765
2020-08-29T17:30:00Z,17.094,17.76,16.808,6.978,16.892
2020-08-29T18:00:00Z,18.236,17.379,16.999,6.978,17.002
2020-08-29T18:30:00Z,17.57,17.855,16.903,7.079,16.875
2020-08-29T19:00:00Z,17.57,17.95,16.999,7.079,17.036
2020-08-29T19:30:00Z,17.475,18.14,16.903,7.28,17.104
2020-08-29T20:00:00Z,17.379,18.236,16.332,7.381,17.172
2020-08-29T20:30:00Z,17.379,18.236,16.808,7.28,17.104
2020-08-29T21:00:00Z,17.379,18.045,16.713,7.079,17.155
2020-08-29T21:30:00Z,17.57,17.95,16.808,7.079,17.197
2020-08-29T22:00:00Z,17.57,17.855,16.808,7.079,17.147
2020-08-29T22:30:00Z,17.855,17.76,17.094,6.978,17.206
2020-08-29T23:00:00Z,17.57,17.57,16.618,6.978,17.248
2020-08-29T23:30:00Z,17.475,17.57,16.237,7.079,17.172
2020-08-30T00:00:00Z,17.57,17.57,16.046,7.179,17.155
2020-08-30T00:30:00Z,17.475,17.57,16.332,7.079,17.155
2020-08-30T01:00:00Z,17.284,17.379,16.332,6.978,17.13
2020-08-30T01:30:00Z,17.284,17.379,16.046,7.28,17.096
2020-08-30T02:00:00Z,17.189,17.284,15.951,7.079,17.053
2020-08-30T02:30:00Z,17.189,17.284,16.332,7.079,17.028
2020-08-30T03:00:00Z,16.999,17.284,15.951,6.877,16.969
2020-08-30T03:30:00Z,16.999,17.189,15.855,7.079,16.96
2020-08-30T04:00:00Z,16.999,17.189,16.141,7.28,16.935
2020-08-30T04:30:00Z,17.094,17.189,16.237,7.179,16.909
2020-08-30T05:00:00Z,16.999,17.094,16.237,6.978,16.85
2020-08-30T05:30:00Z,16.903,17.094,16.427,7.179,16.807
2020-08-30T06:00:00Z,16.903,16.999,16.523,7.179,16.765
2020-08-30T06:30:00Z,16.808,16.999,16.618,7.079,16.688
2020-08-30T07:00:00Z,16.808,16.903,16.618,7.079,16.637
2020-08-30T07:30:00Z,16.713,16.903,16.523,7.079,16.62
2020-08-30T08:00:00Z,16.713,16.903,16.523,7.179,16.586
2020-08-30T08:30:00Z,16.713,16.808,16.523,7.28,16.552
2020-08-30T09:00:00Z,16.618,16.808,16.618,7.079,16.527
2020-08-30T09:30:00Z,16.618,16.808,16.332,7.079,16.476
2020-08-30T10:00:00Z,16.523,16.713,16.523,7.079,16.459
2020-08-30T10:30:00Z,16.523,16.713,16.523,6.877,16.425
2020-08-30T11:00:00Z,16.523,16.713,16.523,6.674,16.408
2020-08-30T11:30:00Z,16.523,16.618,16.523,6.775,16.382
2020-08-30T12:00:00Z,16.427,16.618,16.427,6.978,16.34
2020-08-30T12:30:00Z,16.427,16.618,16.427,7.079,16.297
2020-08-30T13:00:00Z,16.427,16.523,16.427,7.079,16.263
2020-08-30T13:30:00Z,16.427,16.523,16.427,7.079,16.237
2020-08-30T14:00:00Z,16.427,16.523,16.332,7.28,16.237
2020-08-30T14:30:00Z,16.618,16.808,16.427,7.28,16.212
2020-08-30T15:00:00Z,16.618,16.903,16.427,7.28,16.246
2020-08-30T15:30:00Z,16.523,16.999,16.427,7.28,16.22
2020-08-30T16:00:00Z,16.427,16.903,16.427,7.28,16.237
2020-08-30T16:30:00Z,16.427,16.808,16.427,7.179,16.203
2020-08-30T17:00:00Z,16.523,17.094,16.427,6.978,16.229
2020-08-30T17:30:00Z,16.523,17.189,16.523,7.079,16.255
2020-08-30T18:00:00Z,16.523,17.284,16.427,7.179,16.331
2020-08-30T18:30:00Z,16.713,17.475,16.523,7.28,16.314
2020-08-30T19:00:00Z,16.808,17.57,16.523,7.381,16.391
2020-08-30T19:30:00Z,16.713,17.665,16.523,7.179,16.382
2020-08-30T20:00:00Z,16.713,17.379,16.618,7.179,16.425
2020-08-30T20:30:00Z,16.808,17.284,16.618,7.079,16.459
2020-08-30T21:00:00Z,16.808,17.379,16.618,7.179,16.552
2020-08-30T21:30:00Z,16.903,17.284,16.713,7.179,16.569
2020-08-30T22:00:00Z,16.808,17.189,16.808,7.079,16.578
2020-08-30T22:30:00Z,16.999,17.284,16.808,6.978,16.569
2020-08-30T23:00:00Z,16.903,17.094,16.713,7.079,16.569
2020-08-30T23:30:00Z,17.475,17.094,16.903,7.079,16.544
2020-08-31T00:00:00Z,18.045,16.999,16.523,6.978,16.544
2020-08-31T00:30:00Z,17.665,16.999,16.808,7.179,16.518
2020-08-31T01:00:00Z,16.618,16.808,16.618,7.179,16.476
2020-08-31T01:30:00Z,16.618,16.713,16.523,7.079,16.433
2020-08-31T02:00:00Z,16.427,16.713,16.427,7.179,16.399
2020-08-31T02:30:00Z,16.427,16.618,16.427,7.179,16.323
2020-08-31T03:00:00Z,16.427,16.523,16.427,7.28,16.272
2020-08-31T03:30:00Z,16.427,16.523,16.332,7.079,16.272
2020-08-31T04:00:00Z,16.332,16.523,16.427,7.381,16.22
2020-08-31T04:30:00Z,16.237,16.427,16.332,7.28,16.169
2020-08-31T05:00:00Z,16.237,16.427,16.237,7.381,16.161
2020-08-31T05:30:00Z,16.237,16.427,16.237,7.179,16.118
2020-08-31T06:00:00Z,16.237,16.332,16.237,7.28,16.11
2020-08-31T06:30:00Z,16.237,16.332,16.237,6.978,16.067
2020-08-31T07:00:00Z,16.141,16.332,16.141,7.079,16.058
2020-08-31T07:30:00Z,16.141,16.237,16.141,7.079,15.982
2020-08-31T08:00:00Z,16.046,16.237,16.141,7.079,15.982
2020-08-31T08:30:00Z,16.046,16.237,16.141,7.079,15.982
2020-08-31T09:00:00Z,16.046,16.237,16.046,7.28,15.947
2020-08-31T09:30:00Z,16.046,16.141,16.046,7.079,15.913
2020-08-31T10:00:00Z,16.046,16.141,16.046,7.179,15.888
2020-08-31T10:30:00Z,15.951,16.141,16.046,7.079,15.862
2020-08-31T11:00:00Z,15.951,16.141,16.046,7.079,15.853
2020-08-31T11:30:00Z,15.951,16.141,16.046,7.079,15.819
2020-08-31T12:00:00Z,15.951,16.046,15.951,7.079,15.836
2020-08-31T12:30:00Z,15.951,16.046,15.951,7.179,15.811
2020-08-31T13:00:00Z,15.855,16.046,15.951,6.978,15.768
2020-08-31T13:30:00Z,15.855,16.046,15.951,6.978,15.725
2020-08-31T14:00:00Z,15.76,16.046,15.855,6.978,15.751
2020-08-31T14:30:00Z,16.046,16.141,15.855,7.179,15.751
2020-08-31T15:00:00Z,15.951,16.046,15.855,7.28,15.734
2020-08-31T15:30:00Z,16.046,16.141,15.855,7.28,15.759
2020-08-31T16:00:00Z,16.046,16.046,15.855,7.381,15.708
2020-08-31T16:30:00Z,16.332,16.332,15.951,7.179,15.742
2020-08-31T17:00:00Z,16.237,16.237,15.855,7.28,15.742
2020-08-31T17:30:00Z,16.332,16.237,15.951,7.179,15.717
2020-08-31T18:00:00Z,16.427,16.523,15.951,7.28,15.785
2020-08-31T18:30:00Z,16.332,16.332,15.951,7.179,15.811
2020-08-31T19:00:00Z,16.618,17.189,16.046,7.28,15.828
2020-08-31T19:30:00Z,16.523,16.523,15.951,7.179,15.862
2020-08-31T20:00:00Z,16.427,17.284,16.046,7.28,15.922
2020-08-31T20:30:00Z,16.618,16.427,15.951,7.179,15.888
2020-08-31T21:00:00Z,16.713,16.523,16.046,7.079,15.845
2020-08-31T21:30:00Z,16.427,16.332,16.046,7.179,15.87
2020-08-31T22:00:00Z,16.141,16.237,16.046,7.179,15.819
2020-08-31T22:30:00Z,16.046,16.141,15.951,7.28,15.768
2020-08-31T23:00:00Z,15.951,16.046,15.951,7.179,15.776
2020-08-31T23:30:00Z,16.046,16.046,15.951,7.179,15.742
2020-09-01T00:00:00Z,15.855,16.046,15.855,7.179,15.717
2020-09-01T00:30:00Z,15.951,16.046,15.855,7.079,15.699
2020-09-01T01:00:00Z,15.855,15.951,15.855,7.079,15.691
2020-09-01T01:30:00Z,15.76,15.951,15.855,7.079,15.657
2020-09-01T02:00:00Z,15.76,15.951,15.76,7.179,15.648
2020-09-01T02:30:00Z,15.76,15.855,15.76,7.179,15.631
2020-09-01T03:00:00Z,15.664,15.855,15.76,7.179,15.58
2020-09-01T03:30:00Z,15.76,15.855,15.76,7.079,15.562
2020-09-01T04:00:00Z,15.664,15.855,15.664,7.28,15.554
2020-09-01T04:30:00Z,15.664,15.76,15.664,7.079,15.511
2020-09-01T05:00:00Z,15.569,15.76,15.664,7.28,15.46
2020-09-01T05:30:00Z,15.569,15.76,15.664,7.179,15.442
2020-09-01T06:00:00Z,15.569,15.664,15.569,7.28,15.46
2020-09-01T06:30:00Z,15.569,15.664,15.569,7.28,15.408
2020-09-01T07:00:00Z,15.569,15.664,15.569,7.079,15.365
2020-09-01T07:30:00Z,15.473,15.569,15.473,7.179,15.331
2020-09-01T08:00:00Z,15.378,15.569,15.473,6.978,15.322
2020-09-01T08:30:00Z,15.378,15.569,15.473,7.179,15.288
2020-09-01T09:00:00Z,15.282,15.569,15.378,6.978,15.262
2020-09-01T09:30:00Z,15.378,15.569,15.378,7.28,15.271
2020-09-01T10:00:00Z,15.378,15.473,15.378,7.179,15.219
2020-09-01T10:30:00Z,15.282,15.473,15.282,7.179,15.193
2020-09-01T11:00:00Z,15.282,15.473,15.282,7.28,15.142
2020-09-01T11:30:00Z,15.282,15.378,15.282,7.179,15.133
2020-09-01T12:00:00Z,15.282,15.378,15.282,7.179,15.116
2020-09-01T12:30:00Z,15.282,15.378,15.282,7.079,15.099
2020-09-01T13:00:00Z,15.187,15.378,15.282,7.179,15.073
2020-09-01T13:30:00Z,15.282,15.378,15.187,7.079,15.073
2020-09-01T14:00:00Z,15.282,15.378,15.187,7.079,15.082
2020-09-01T14:30:00Z,15.282,15.378,15.187,6.978,15.056
2020-09-01T15:00:00Z,15.282,15.378,15.187,7.079,15.056
2020-09-01T15:30:00Z,15.187,15.282,15.187,7.179,14.978
2020-09-01T16:00:00Z,15.187,15.378,15.091,6.978,14.944
2020-09-01T16:30:00Z,15.187,15.378,15.091,7.179,14.953
2020-09-01T17:00:00Z,15.282,16.237,15.187,7.179,14.987
2020-09-01T17:30:00Z,15.378,16.237,15.282,7.481,15.082
2020-09-01T18:00:00Z,15.473,16.427,15.282,7.481,15.125
2020-09-01T18:30:00Z,15.569,16.618,15.282,7.381,15.211
2020-09-01T19:00:00Z,15.473,16.523,15.473,7.682,15.228
2020-09-01T19:30:00Z,15.473,15.855,15.378,7.582,15.245
2020-09-01T20:00:00Z,15.664,16.141,15.473,7.582,15.254
2020-09-01T20:30:00Z,15.664,15.664,15.378,7.381,15.245
2020-09-01T21:00:00Z,15.569,15.569,15.378,7.179,15.202
2020-09-01T21:30:00Z,15.855,15.76,15.473,7.179,15.219
2020-09-01T22:00:00Z,15.664,15.664,15.378,7.28,15.262
2020-09-01T22:30:00Z,15.664,15.664,15.473,7.28,15.219
2020-09-01T23:00:00Z,15.569,15.664,15.473,6.674,15.245
2020-09-01T23:30:00Z,15.473,15.569,15.378,7.079,15.245
2020-09-02T00:00:00Z,15.664,15.76,15.569,7.079,15.288
2020-09-02T00:30:00Z,16.427,15.664,15.473,7.179,15.271
2020-09-02T01:00:00Z,15.664,15.569,15.187,7.179,15.297
2020-09-02T01:30:00Z,15.378,15.569,15.378,7.079,15.245
2020-09-02T02:00:00Z,15.378,15.473,15.282,7.179,15.219
2020-09-02T02:30:00Z,15.378,15.473,15.378,7.381,15.193
2020-09-02T03:00:00Z,15.282,15.473,15.282,7.28,15.176
2020-09-02T03:30:00Z,15.282,15.473,15.282,7.079,15.151
2020-09-02T04:00:00Z,15.282,15.378,15.282,7.179,15.133
2020-09-02T04:30:00Z,15.282,15.378,15.282,7.179,15.125
2020-09-02T05:00:00Z,15.282,15.378,15.282,7.582,15.142
2020-09-02T05:30:00Z,15.187,15.378,15.282,7.28,15.125
2020-09-02T06:00:00Z,15.091,15.378,15.282,7.381,15.09
2020-09-02T06:30:00Z,15.187,15.378,15.187,7.079,15.073
2020-09-02T07:00:00Z,15.091,15.378,15.187,7.179,15.073
2020-09-02T07:30:00Z,15.091,15.282,15.187,7.381,15.039
2020-09-02T08:00:00Z,15.091,15.282,15.187,7.179,15.047
2020-09-02T08:30:00Z,14.996,15.282,15.187,7.179,15.004
2020-09-02T09:00:00Z,14.996,15.282,15.091,6.978,14.987
2020-09-02T09:30:00Z,15.091,15.187,15.091,6.978,14.961
2020-09-02T10:00:00Z,14.996,15.187,15.091,6.978,14.927
2020-09-02T10:30:00Z,15.091,15.187,15.091,7.079,14.91
2020-09-02T11:00:00Z,14.996,15.187,14.996,6.877,14.875
2020-09-02T11:30:00Z,14.996,15.187,14.996,7.179,14.875
2020-09-02T12:00:00Z,14.9,15.187,14.996,7.179,14.866
2020-09-02T12:30:00Z,14.996,15.091,14.996,7.179,14.849
2020-09-02T13:00:00Z,14.996,15.091,14.996,7.481,14.832
2020-09-02T13:30:00Z,14.996,15.091,14.9,7.28,14.763
2020-09-02T14:00:00Z,14.996,15.091,14.9,7.079,14.763
2020-09-02T14:30:00Z,15.855,15.187,14.996,7.079,14.763
2020-09-02T15:00:00Z,15.855,15.378,14.996,7.079,14.772
2020-09-02T15:30:00Z,16.046,15.569,14.996,7.28,14.797
2020-09-02T16:00:00Z,16.046,15.76,15.091,7.179,14.823
2020-09-02T16:30:00Z,15.951,15.855,15.091,7.179,14.875
2020-09-02T17:00:00Z,15.855,15.951,15.187,7.179,14.884
2020-09-02T17:30:00Z,15.855,15.951,15.187,6.877,14.935
2020-09-02T18:00:00Z,15.473,16.141,15.282,7.481,14.944
2020-09-02T18:30:00Z,15.569,16.427,15.282,7.582,14.961
2020-09-02T19:00:00Z,15.378,16.046,15.282,7.481,15.004
2020-09-02T19:30:00Z,15.378,16.141,15.282,7.28,15.064
2020-09-02T20:00:00Z,15.378,16.237,15.282,7.381,15.099
2020-09-02T20:30:00Z,15.378,15.855,15.282,7.682,15.099
2020-09-02T21:00:00Z,15.473,15.76,15.282,7.381,15.099
2020-09-02T21:30:00Z,15.664,16.046,15.378,7.28,15.125
2020-09-02T22:00:00Z,15.76,15.664,15.378,7.682,15.176
2020-09-02T22:30:00Z,15.855,15.76,15.473,7.381,15.159
2020-09-02T23:00:00Z,15.569,15.569,15.378,7.179,15.151
2020-09-02T23:30:00Z,15.473,15.473,15.282,7.28,15.168
2020-09-03T00:00:00Z,15.378,15.473,15.282,7.079,15.133
2020-09-03T00:30:00Z,15.855,15.569,15.378,7.079,15.133
2020-09-03T01:00:00Z,15.569,15.473,15.378,7.179,15.116
2020-09-03T01:30:00Z,15.282,15.378,15.282,6.877,15.116
2020-09-03T02:00:00Z,15.282,15.378,15.282,6.978,15.082
2020-09-03T02:30:00Z,15.282,15.378,15.187,7.381,15.064
2020-09-03T03:00:00Z,15.187,15.378,15.187,7.179,15.03
2020-09-03T03:30:00Z,15.187,15.282,15.187,7.481,15.03
2020-09-03T04:00:00Z,15.187,15.282,15.187,7.179,15.039
2020-09-03T04:30:00Z,15.091,15.282,15.187,7.28,15.004
2020-09-03T05:00:00Z,15.187,15.282,15.091,7.582,14.987
2020-09-03T05:30:00Z,15.187,15.282,15.091,7.28,14.978
2020-09-03T06:00:00Z,15.091,15.187,15.091,7.28,14.944
2020-09-03T06:30:00Z,15.091,15.187,15.091,7.28,14.935
2020-09-03T07:00:00Z,15.091,15.187,15.091,7.179,14.91
2020-09-03T07:30:00Z,15.091,15.187,15.091,7.28,14.91
2020-09-03T08:00:00Z,14.996,15.187,14.996,7.179,14.91
2020-09-03T08:30:00Z,14.996,15.187,14.996,7.28,14.875
2020-09-03T09:00:00Z,14.996,15.091,14.996,6.978,14.832
2020-09-03T09:30:00Z,14.996,15.091,14.996,7.079,14.815
2020-09-03T10:00:00Z,14.996,15.091,14.996,7.28,14.815
2020-09-03T10:30:00Z,14.9,15.091,14.9,7.28,14.815
2020-09-03T11:00:00Z,14.9,15.091,14.9,7.381,14.78
2020-09-03T11:30:00Z,14.9,15.091,14.9,7.179,14.772
2020-09-03T12:00:00Z,14.9,14.996,14.9,7.381,14.763
2020-09-03T12:30:00Z,14.9,14.996,14.9,7.179,14.72
2020-09-03T13:00:00Z,14.9,14.996,14.9,7.179,14.703
2020-09-03T13:30:00Z,14.9,14.996,14.804,7.28,14.703
2020-09-03T14:00:00Z,14.804,14.996,14.804,7.179,14.659
2020-09-03T14:30:00Z,15.187,15.187,14.9,7.28,14.711
2020-09-03T15:00:00Z,14.996,15.282,14.9,7.179,14.728
2020-09-03T15:30:00Z,15.091,15.569,14.9,7.381,14.737
2020-09-03T16:00:00Z,14.996,15.473,14.9,7.28,14.754
2020-09-03T16:30:00Z,15.091,15.473,14.9,7.179,14.797
2020-09-03T17:00:00Z,15.091,15.76,14.9,7.481,14.823
2020-09-03T17:30:00Z,15.091,15.855,14.996,7.481,14.901
2020-09-03T18:00:00Z,15.187,16.046,15.091,7.481,14.935
2020-09-03T18:30:00Z,15.187,16.141,15.091,7.381,14.961
2020-09-03T19:00:00Z,15.282,16.046,15.187,7.682,15.03
2020-09-03T19:30:00Z,15.378,15.951,15.282,7.481,15.099
2020-09-03T20:00:00Z,15.473,15.855,15.378,7.381,15.193
2020-09-03T20:30:00Z,15.664,16.141,15.282,7.481,15.279
2020-09-03T21:00:00Z,15.664,16.046,15.378,7.381,15.331
2020-09-03T21:30:00Z,15.664,16.141,15.282,7.481,15.357
2020-09-03T22:00:00Z,15.76,15.951,15.187,7.582,15.348
2020-09-03T22:30:00Z,15.951,15.951,15.187,7.481,15.408
2020-09-03T23:00:00Z,15.76,15.951,15.282,7.481,15.417
2020-09-03T23:30:00Z,15.951,15.855,15.187,7.28,15.468
2020-09-04T00:00:00Z,16.237,15.855,15.378,7.28,15.451
2020-09-04T00:30:00Z,16.427,15.76,15.378,6.978,15.451
2020-09-04T01:00:00Z,15.664,15.76,15.091,6.978,15.425
2020-09-04T01:30:00Z,15.569,15.664,15.187,7.179,15.425
2020-09-04T02:00:00Z,15.569,15.664,14.996,7.179,15.417
2020-09-04T02:30:00Z,15.569,15.664,15.091,7.381,15.391
2020-09-04T03:00:00Z,15.473,15.569,14.996,7.381,15.331
2020-09-04T03:30:00Z,15.473,15.569,14.996,7.381,15.322
2020-09-04T04:00:00Z,15.473,15.569,14.996,7.381,15.262
2020-09-04T04:30:00Z,15.378,15.473,14.9,7.381,15.236
2020-09-04T05:00:00Z,15.378,15.473,14.996,7.381,15.176
2020-09-04T05:30:00Z,15.282,15.378,14.996,7.179,15.142
2020-09-04T06:00:00Z,15.282,15.378,14.996,7.381,15.108
2020-09-04T06:30:00Z,15.187,15.378,15.091,7.179,15.082
2020-09-04T07:00:00Z,15.091,15.378,15.091,7.381,15.064
2020-09-04T07:30:00Z,15.091,15.282,15.091,7.179,15.03
2020-09-04T08:00:00Z,15.091,15.282,15.091,7.179,15.004
2020-09-04T08:30:00Z,14.996,15.187,15.091,7.179,14.97
2020-09-04T09:00:00Z,14.996,15.187,15.091,7.582,14.927
2020-09-04T09:30:00Z,14.9,15.187,15.091,7.28,14.901
2020-09-04T10:00:00Z,14.9,15.187,15.091,7.28,14.918
2020-09-04T10:30:00Z,14.996,15.187,15.091,7.28,14.875
2020-09-04T11:00:00Z,14.9,15.187,14.996,7.481,14.892
2020-09-04T11:30:00Z,14.996,15.187,14.996,7.481,14.875
2020-09-04T12:00:00Z,14.9,15.187,14.996,7.179,14.849
2020-09-04T12:30:00Z,14.804,15.091,14.996,7.28,14.858
2020-09-04T13:00:00Z,14.804,15.091,14.996,6.877,14.841
2020-09-04T13:30:00Z,14.9,15.091,14.996,6.978,14.815
2020-09-04T14:00:00Z,14.9,15.091,14.996,7.079,14.78
2020-09-04T14:30:00Z,15.187,15.091,14.996,7.28,14.789
2020-09-04T15:00:00Z,15.664,15.187,15.091,7.381,14.806
2020-09-04T15:30:00Z,16.427,15.282,15.187,7.481,14.858
2020-09-04T16:00:00Z,17.189,15.282,15.282,7.481,14.875
2020-09-04T16:30:00Z,16.332,15.951,15.091,7.28,15.116
2020-09-04T17:00:00Z,15.473,15.855,14.996,7.381,15.082
2020-09-04T17:30:00Z,15.473,15.569,14.996,7.481,15.047
2020-09-04T18:00:00Z,15.569,15.76,15.091,7.381,15.211
2020-09-04T18:30:00Z,15.664,16.141,15.091,7.481,15.322
2020-09-04T19:00:00Z,16.332,15.951,15.091,7.481,15.571
2020-09-04T19:30:00Z,16.332,16.427,15.187,7.481,15.537
2020-09-04T20:00:00Z,16.618,16.618,15.187,7.481,15.674
2020-09-04T20:30:00Z,16.427,16.427,15.282,7.481,15.554
2020-09-04T21:00:00Z,16.427,16.332,15.282,7.782,15.648
2020-09-04T21:30:00Z,16.332,16.237,15.378,7.882,15.913
2020-09-04T22:00:00Z,16.332,16.141,15.473,7.481,16.092
2020-09-04T22:30:00Z,16.523,16.046,15.473,7.481,16.135
2020-09-04T23:00:00Z,16.618,16.046,15.378,7.481,16.203
2020-09-04T23:30:00Z,16.618,15.855,15.282,7.381,16.246
2020-09-05T00:00:00Z,16.618,15.951,15.187,7.381,16.289
2020-09-05T00:30:00Z,16.999,15.855,15.187,7.28,16.331
2020-09-05T01:00:00Z,17.76,15.569,15.187,7.28,16.365
2020-09-05T01:30:00Z,17.189,15.473,15.091,7.079,16.212
2020-09-05T02:00:00Z,16.808,15.473,15.091,7.28,15.947
2020-09-05T02:30:00Z,16.713,15.378,15.091,7.179,15.537
2020-09-05T03:00:00Z,16.332,15.378,14.996,7.179,15.537
2020-09-05T03:30:00Z,16.141,15.378,14.996,7.179,15.759
2020-09-05T04:00:00Z,16.141,15.378,15.091,7.179,15.922
2020-09-05T04:30:00Z,16.046,15.378,14.996,7.28,15.64
2020-09-05T05:00:00Z,15.951,15.378,15.091,7.481,15.571
2020-09-05T05:30:00Z,15.951,15.378,15.091,7.381,15.502
2020-09-05T06:00:00Z,15.76,15.473,15.091,7.381,15.52
2020-09-05T06:30:00Z,15.76,15.473,15.091,7.381,15.725
2020-09-05T07:00:00Z,15.664,15.473,15.091,7.381,15.674
2020-09-05T07:30:00Z,15.569,15.569,15.187,7.28,15.605
2020-09-05T08:00:00Z,15.569,15.664,15.091,7.28,15.554
2020-09-05T08:30:00Z,15.473,15.664,15.091,7.381,15.511
2020-09-05T09:00:00Z,15.473,15.569,15.091,7.582,15.477
2020-09-05T09:30:00Z,15.378,15.473,15.091,7.381,15.468
2020-09-05T10:00:00Z,15.378,15.473,15.091,7.28,15.434
2020-09-05T10:30:00Z,15.282,15.569,15.091,7.28,15.391
2020-09-05T11:00:00Z,15.378,15.569,15.091,7.381,15.331
2020-09-05T11:30:00Z,15.378,15.473,15.091,7.179,15.305
2020-09-05T12:00:00Z,15.282,15.378,14.996,7.079,15.288
2020-09-05T12:30:00Z,15.282,15.473,15.091,6.978,15.236
2020-09-05T13:00:00Z,15.187,15.473,15.091,7.179,15.211
2020-09-05T13:30:00Z,15.187,15.473,15.091,7.179,15.202
2020-09-05T14:00:00Z,15.282,15.473,15.091,7.179,15.168
2020-09-05T14:30:00Z,15.473,15.473,15.091,7.28,15.168
2020-09-05T15:00:00Z,15.664,15.473,15.091,7.28,15.159
2020-09-05T15:30:00Z,16.332,15.569,15.282,7.481,15.219
2020-09-05T16:00:00Z,15.951,15.569,15.187,7.381,15.245
2020-09-05T16:30:00Z,16.332,15.855,15.187,7.381,15.382
2020-09-05T17:00:00Z,16.237,15.951,15.187,7.381,15.331
2020-09-05T17:30:00Z,16.808,16.046,15.282,7.381,15.365
2020-09-05T18:00:00Z,16.903,16.141,15.282,7.582,15.485
2020-09-05T18:30:00Z,16.332,16.332,15.282,7.582,15.391
2020-09-05T19:00:00Z,16.237,16.141,15.378,7.381,15.4
2020-09-05T19:30:00Z,16.237,15.951,15.378,7.381,15.691
2020-09-05T20:00:00Z,16.237,16.141,15.473,7.481,15.699
2020-09-05T20:30:00Z,16.141,16.237,15.569,7.381,15.64
2020-09-05T21:00:00Z,16.141,16.237,15.855,7.782,15.674
2020-09-05T21:30:00Z,16.332,16.237,15.569,7.381,15.725
2020-09-05T22:00:00Z,16.427,16.141,15.282,7.381,15.802
2020-09-05T22:30:00Z,16.332,16.141,15.378,7.179,15.905
2020-09-05T23:00:00Z,16.332,16.332,15.282,7.481,15.896
2020-09-05T23:30:00Z,16.427,16.332,15.378,7.481,15.913
2020-09-06T00:00:00Z,16.332,16.237,15.282,7.381,15.982
2020-09-06T00:30:00Z,16.141,16.237,15.378,7.381,15.879
2020-09-06T01:00:00Z,16.046,16.141,15.282,7.381,15.794
2020-09-06T01:30:00Z,15.951,16.046,15.282,7.179,15.725
2020-09-06T02:00:00Z,15.855,15.951,15.282,7.179,15.759
2020-09-06T02:30:00Z,15.951,15.951,15.282,6.978,15.776
2020-09-06T03:00:00Z,15.951,15.951,15.091,7.179,15.742
2020-09-06T03:30:00Z,15.855,15.855,15.187,7.179,15.691
2020-09-06T04:00:00Z,15.76,15.855,15.187,7.481,15.648
2020-09-06T04:30:00Z,15.664,15.855,15.187,7.782,15.597
2020-09-06T05:00:00Z,15.569,15.76,15.091,7.381,15.545
2020-09-06T05:30:00Z,15.569,15.76,15.187,7.381,15.528
2020-09-06T06:00:00Z,15.473,15.76,15.091,7.481,15.477
2020-09-06T06:30:00Z,15.473,15.76,15.187,7.381,15.451
2020-09-06T07:00:00Z,15.378,15.664,15.187,7.28,15.434
2020-09-06T07:30:00Z,15.378,15.664,15.187,7.381,15.391
2020-09-06T08:00:00Z,15.378,15.664,15.187,7.381,15.365
2020-09-06T08:30:00Z,15.282,15.569,15.282,7.582,15.331
2020-09-06T09:00:00Z,15.187,15.569,15.187,7.481,15.314
2020-09-06T09:30:00Z,15.187,15.569,15.187,7.28,15.262
2020-09-06T10:00:00Z,15.282,15.569,15.187,7.481,15.245
2020-09-06T10:30:00Z,15.187,15.473,15.187,7.28,15.211
2020-09-06T11:00:00Z,15.187,15.473,15.187,7.079,15.219
2020-09-06T11:30:00Z,15.187,15.473,15.282,7.179,15.193
2020-09-06T12:00:00Z,15.187,15.473,15.282,7.179,15.159
2020-09-06T12:30:00Z,15.091,15.378,15.282,7.28,15.151
2020-09-06T13:00:00Z,15.091,15.378,15.187,7.481,15.116
2020-09-06T13:30:00Z,15.091,15.378,15.282,7.381,15.099
2020-09-06T14:00:00Z,15.091,15.378,15.282,7.28,15.082
2020-09-06T14:30:00Z,15.473,15.378,15.282,7.179,15.073
2020-09-06T15:00:00Z,15.473,15.473,15.378,7.179,15.116
2020-09-06T15:30:00Z,16.141,15.569,15.473,7.179,15.133
2020-09-06T16:00:00Z,16.427,15.569,15.473,7.481,15.185
2020-09-06T16:30:00Z,16.332,16.237,15.282,7.582,15.485
2020-09-06T17:00:00Z,15.76,16.237,15.282,7.682,15.339
2020-09-06T17:30:00Z,15.76,16.237,15.282,7.682,15.331
2020-09-06T18:00:00Z,15.76,16.237,15.378,7.682,15.314
2020-09-06T18:30:00Z,15.76,16.332,15.378,7.582,15.408
2020-09-06T19:00:00Z,15.855,16.332,15.473,7.481,15.52
2020-09-06T19:30:00Z,15.855,16.427,15.569,7.582,15.597
2020-09-06T20:00:00Z,16.141,16.618,15.569,7.582,15.734
2020-09-06T20:30:00Z,16.141,16.523,15.473,7.682,15.776
2020-09-06T21:00:00Z,16.237,16.523,15.664,7.481,15.879
2020-09-06T21:30:00Z,16.237,16.427,15.569,7.481,15.905
2020-09-06T22:00:00Z,16.237,16.523,15.76,7.481,15.947
2020-09-06T22:30:00Z,16.427,16.427,15.76,7.481,15.956
2020-09-06T23:00:00Z,16.618,16.332,15.664,7.682,15.99
2020-09-06T23:30:00Z,16.999,16.427,15.664,7.682,16.007
2020-09-07T00:00:00Z,16.808,16.427,15.569,7.381,16.05
2020-09-07T00:30:00Z,16.332,16.332,15.473,7.28,16.067
2020-09-07T01:00:00Z,16.237,16.332,15.378,7.481,16.007
2020-09-07T01:30:00Z,16.237,16.141,15.378,7.381,16.007
2020-09-07T02:00:00Z,16.141,16.237,15.282,7.481,15.982
2020-09-07T02:30:00Z,16.046,16.237,15.282,7.381,15.939
2020-09-07T03:00:00Z,16.046,16.141,15.378,7.28,15.888
2020-09-07T03:30:00Z,15.951,16.046,15.282,7.28,15.811
2020-09-07T04:00:00Z,15.951,16.046,15.282,7.381,15.751
2020-09-07T04:30:00Z,15.855,16.046,15.378,7.381,15.725
2020-09-07T05:00:00Z,15.855,15.951,15.378,7.481,15.708
2020-09-07T05:30:00Z,15.855,15.951,15.378,7.481,15.674
2020-09-07T06:00:00Z,15.76,15.855,15.664,7.582,15.631
2020-09-07T06:30:00Z,15.76,15.855,15.664,7.381,15.562
2020-09-07T07:00:00Z,15.664,15.76,15.569,7.381,15.528
2020-09-07T07:30:00Z,15.664,15.76,15.473,7.28,15.502
2020-09-07T08:00:00Z,15.664,15.76,15.473,7.179,15.485
2020-09-07T08:30:00Z,15.664,15.76,15.569,7.179,15.52
2020-09-07T09:00:00Z,15.664,15.76,15.473,7.782,15.502
2020-09-07T09:30:00Z,15.664,15.76,15.473,7.582,15.502
2020-09-07T10:00:00Z,15.664,15.76,15.569,7.782,15.468
2020-09-07T10:30:00Z,15.569,15.76,15.569,7.381,15.451
2020-09-07T11:00:00Z,15.569,15.664,15.569,7.179,15.434
2020-09-07T11:30:00Z,15.473,15.664,15.473,6.978,15.365
2020-09-07T12:00:00Z,15.473,15.569,15.473,6.978,15.322
2020-09-07T12:30:00Z,15.473,15.569,15.378,7.381,15.288
2020-09-07T13:00:00Z,15.378,15.569,15.378,7.179,15.262
2020-09-07T13:30:00Z,15.378,15.473,15.378,7.28,15.236
2020-09-07T14:00:00Z,15.378,15.473,15.282,7.481,15.193
2020-09-07T14:30:00Z,15.378,15.473,15.282,7.582,15.193
2020-09-07T15:00:00Z,15.378,15.473,15.282,7.079,15.133
2020-09-07T15:30:00Z,15.187,15.378,15.187,7.582,15.099
2020-09-07T16:00:00Z,15.187,15.282,15.187,7.682,15.013
2020-09-07T16:30:00Z,15.091,15.282,15.091,7.882,15.004
2020-09-07T17:00:00Z,15.091,15.187,15.091,7.381,14.961
2020-09-07T17:30:00Z,14.9,15.187,14.996,7.381,14.841
2020-09-07T18:00:00Z,14.9,15.091,14.996,7.481,14.815
2020-09-07T18:30:00Z,14.996,15.187,14.9,7.28,14.78
2020-09-07T19:00:00Z,14.9,15.091,14.9,7.28,14.763
2020-09-07T19:30:00Z,15.091,15.091,14.9,7.079,14.685
2020-09-07T20:00:00Z,15.091,15.091,14.9,7.179,14.659
2020-09-07T20:30:00Z,14.996,14.996,14.804,7.179,14.616
2020-09-07T21:00:00Z,14.9,14.996,14.804,7.682,14.547
2020-09-07T21:30:00Z,15.091,14.996,14.804,7.782,14.547
2020-09-07T22:00:00Z,14.996,14.9,14.613,7.782,14.521
2020-09-07T22:30:00Z,14.9,14.9,14.709,7.582,14.478
2020-09-07T23:00:00Z,14.804,14.9,14.709,7.381,14.461
2020-09-07T23:30:00Z,14.996,14.804,14.613,7.682,14.461
2020-09-08T00:00:00Z,14.996,14.804,14.613,7.582,14.452
2020-09-08T00:30:00Z,14.804,14.804,14.517,7.381,14.417
2020-09-08T01:00:00Z,14.613,14.709,14.517,7.28,14.365
2020-09-08T01:30:00Z,14.517,14.613,14.421,7.28,14.305
2020-09-08T02:00:00Z,14.325,14.517,14.421,6.978,14.244
2020-09-08T02:30:00Z,14.23,14.517,14.325,6.978,14.183
2020-09-08T03:00:00Z,14.23,14.421,14.325,7.381,14.123
2020-09-08T03:30:00Z,14.23,14.421,14.23,7.28,14.079
2020-09-08T04:00:00Z,14.038,14.325,14.23,7.582,14.027
2020-09-08T04:30:00Z,14.134,14.325,14.134,7.381,14.01
2020-09-08T05:00:00Z,14.134,14.23,14.134,7.381,13.992
2020-09-08T05:30:00Z,14.038,14.23,14.038,7.481,13.94
2020-09-08T06:00:00Z,14.038,14.23,14.038,7.481,13.905
2020-09-08T06:30:00Z,14.038,14.134,14.038,7.28,13.897
2020-09-08T07:00:00Z,13.846,14.134,14.038,7.481,13.87
2020-09-08T07:30:00Z,13.846,14.134,14.038,7.582,13.853
2020-09-08T08:00:00Z,13.75,14.134,14.038,7.381,13.844
2020-09-08T08:30:00Z,13.75,14.134,14.038,7.481,13.827
2020-09-08T09:00:00Z,13.846,14.038,13.942,7.481,13.836
2020-09-08T09:30:00Z,13.654,14.038,13.942,7.28,13.801
2020-09-08T10:00:00Z,13.654,14.038,13.942,7.28,13.749
2020-09-08T10:30:00Z,13.558,14.038,13.846,7.28,13.74
2020-09-08T11:00:00Z,13.654,14.038,13.846,7.481,13.722
2020-09-08T11:30:00Z,13.558,13.942,13.846,7.582,13.688
2020-09-08T12:00:00Z,13.558,13.942,13.846,7.381,13.661
2020-09-08T12:30:00Z,13.365,13.942,13.75,7.481,13.635
2020-09-08T13:00:00Z,13.461,13.846,13.75,7.381,13.592
2020-09-08T13:30:00Z,13.461,13.846,13.75,7.682,13.592
2020-09-08T14:00:00Z,13.654,13.846,13.75,7.481,13.548
2020-09-08T14:30:00Z,14.421,13.846,13.75,7.381,13.522
2020-09-08T15:00:00Z,14.613,13.942,13.846,7.481,13.548
2020-09-08T15:30:00Z,14.134,14.325,13.75,7.381,13.661
2020-09-08T16:00:00Z,14.134,14.421,13.75,7.582,13.722
2020-09-08T16:30:00Z,13.942,14.421,13.75,7.381,13.749
2020-09-08T17:00:00Z,13.75,14.325,13.75,7.582,13.653
2020-09-08T17:30:00Z,13.846,14.709,13.846,7.481,13.653
2020-09-08T18:00:00Z,13.846,14.804,13.846,7.582,13.731
2020-09-08T18:30:00Z,13.942,14.804,13.846,7.381,13.74
2020-09-08T19:00:00Z,13.942,14.804,13.942,7.582,13.775
2020-09-08T19:30:00Z,13.942,14.804,13.942,7.582,13.792
2020-09-08T20:00:00Z,14.038,14.709,13.942,7.682,13.81
2020-09-08T20:30:00Z,14.038,14.613,14.038,7.582,13.844
2020-09-08T21:00:00Z,14.038,14.517,14.038,7.481,13.844
2020-09-08T21:30:00Z,14.134,14.517,14.325,7.682,13.87
2020-09-08T22:00:00Z,14.134,14.517,14.134,7.682,13.879
2020-09-08T22:30:00Z,14.134,14.421,14.325,7.682,13.879
2020-09-08T23:00:00Z,14.325,14.325,14.325,7.582,13.897
2020-09-08T23:30:00Z,14.517,14.325,14.325,7.481,13.87
2020-09-09T00:00:00Z,15.091,14.23,14.23,7.381,13.87
2020-09-09T00:30:00Z,14.996,14.23,14.134,7.481,13.862
2020-09-09T01:00:00Z,14.517,14.134,14.038,7.481,13.827
2020-09-09T01:30:00Z,13.942,14.134,13.942,7.481,13.81
2020-09-09T02:00:00Z,13.75,14.038,13.942,7.481,13.792
2020-09-09T02:30:00Z,13.846,14.038,13.942,7.582,13.766
2020-09-09T03:00:00Z,13.846,14.038,13.846,7.481,13.722
2020-09-09T03:30:00Z,13.846,13.942,13.846,7.481,13.714
2020-09-09T04:00:00Z,13.75,13.942,13.846,7.28,13.688
2020-09-09T04:30:00Z,13.75,13.942,13.846,7.481,13.661
2020-09-09T05:00:00Z,13.75,13.942,13.75,7.28,13.635
2020-09-09T05:30:00Z,13.654,13.846,13.75,7.381,13.6
2020-09-09T06:00:00Z,13.654,13.846,13.75,7.381,13.592
2020-09-09T06:30:00Z,13.654,13.846,13.654,7.481,13.495
2020-09-09T07:00:00Z,13.654,13.846,13.654,7.381,13.557
2020-09-09T07:30:00Z,13.654,13.75,13.654,7.481,13.504
2020-09-09T08:00:00Z,13.558,13.75,13.654,7.481,13.495
2020-09-09T08:30:00Z,13.558,13.75,13.654,7.28,13.461
2020-09-09T09:00:00Z,13.558,13.75,13.558,7.381,13.443
2020-09-09T09:30:00Z,13.365,13.654,13.558,7.381,13.399
2020-09-09T10:00:00Z,13.461,13.654,13.558,7.481,13.408
2020-09-09T10:30:00Z,13.365,13.654,13.558,7.28,13.356
2020-09-09T11:00:00Z,13.461,13.654,13.461,7.28,13.373
2020-09-09T11:30:00Z,13.461,13.654,13.461,7.481,13.321
2020-09-09T12:00:00Z,13.461,13.558,13.461,7.782,13.303
2020-09-09T12:30:00Z,13.461,13.558,13.461,7.682,13.294
2020-09-09T13:00:00Z,13.365,13.558,13.461,7.582,13.242
2020-09-09T13:30:00Z,13.365,13.558,13.365,7.582,13.233
2020-09-09T14:00:00Z,13.365,13.558,13.365,7.481,13.224
2020-09-09T14:30:00Z,14.325,13.558,13.461,7.481,13.233
2020-09-09T15:00:00Z,15.187,13.558,13.558,7.582,13.224
2020-09-09T15:30:00Z,15.664,13.654,13.654,7.481,13.259
2020-09-09T16:00:00Z,14.421,14.038,13.461,7.481,13.321
2020-09-09T16:30:00Z,14.613,14.325,13.461,7.582,13.408
2020-09-09T17:00:00Z,14.613,14.517,13.461,7.381,13.452
2020-09-09T17:30:00Z,13.654,14.421,13.461,7.481,13.434
2020-09-09T18:00:00Z,13.75,14.517,13.461,7.682,13.452
2020-09-09T18:30:00Z,13.75,14.517,13.558,7.582,13.522
2020-09-09T19:00:00Z,13.846,14.613,13.558,7.582,13.583
2020-09-09T19:30:00Z,13.846,14.613,13.75,7.682,13.618
2020-09-09T20:00:00Z,13.942,14.613,13.846,7.682,13.653
2020-09-09T20:30:00Z,14.038,14.613,13.846,7.582,13.705
2020-09-09T21:00:00Z,14.038,14.517,13.942,7.582,13.757
2020-09-09T21:30:00Z,14.038,14.421,14.038,7.682,13.775
2020-09-09T22:00:00Z,14.038,14.421,14.23,7.682,13.775
2020-09-09T22:30:00Z,14.038,14.421,14.23,7.682,13.801
2020-09-09T23:00:00Z,14.134,14.325,14.23,7.782,13.818
2020-09-09T23:30:00Z,14.134,14.325,14.134,8.082,13.87
2020-09-10T00:00:00Z,14.23,14.23,14.038,7.882,13.862
2020-09-10T00:30:00Z,14.23,14.23,13.75,7.582,13.87
2020-09-10T01:00:00Z,14.038,14.134,13.654,7.481,13.862
2020-09-10T01:30:00Z,13.75,14.134,13.846,7.481,13.827
2020-09-10T02:00:00Z,13.846,14.134,13.461,7.481,13.827
2020-09-10T02:30:00Z,13.846,14.134,13.461,7.582,13.853
2020-09-10T03:00:00Z,13.75,14.038,13.558,7.28,13.836
2020-09-10T03:30:00Z,13.75,14.038,13.558,7.179,13.775
2020-09-10T04:00:00Z,13.654,14.038,13.461,7.381,13.731
2020-09-10T04:30:00Z,13.558,13.942,13.461,7.381,13.696
2020-09-10T05:00:00Z,13.558,13.942,13.461,7.682,13.67
2020-09-10T05:30:00Z,13.654,13.942,13.461,7.582,13.644
2020-09-10T06:00:00Z,13.654,13.846,13.461,7.381,13.583
2020-09-10T06:30:00Z,13.654,13.846,13.461,7.381,13.565
2020-09-10T07:00:00Z,13.558,13.846,13.461,7.381,13.53
2020-09-10T07:30:00Z,13.558,13.75,13.461,7.582,13.495
2020-09-10T08:00:00Z,13.461,13.75,13.461,7.481,13.469
2020-09-10T08:30:00Z,13.365,13.75,13.558,7.481,13.443
2020-09-10T09:00:00Z,13.461,13.654,13.558,7.381,13.408
2020-09-10T09:30:00Z,13.461,13.654,13.558,7.682,13.382
2020-09-10T10:00:00Z,13.461,13.654,13.461,7.582,13.356
2020-09-10T10:30:00Z,13.461,13.654,13.461,7.582,13.321
2020-09-10T11:00:00Z,13.365,13.558,13.461,7.582,13.294
2020-09-10T11:30:00Z,13.365,13.558,13.461,7.682,13.277
2020-09-10T12:00:00Z,13.365,13.558,13.461,7.682,13.242
2020-09-10T12:30:00Z,13.365,13.558,13.365,7.782,13.259
2020-09-10T13:00:00Z,13.173,13.461,13.365,7.381,13.233
2020-09-10T13:30:00Z,13.269,13.558,13.365,7.481,13.198
2020-09-10T14:00:00Z,13.173,13.558,13.365,7.582,13.207
2020-09-10T14:30:00Z,13.75,13.558,13.461,7.582,13.233
2020-09-10T15:00:00Z,14.038,13.654,13.558,7.582,13.259
2020-09-10T15:30:00Z,14.325,13.654,13.558,7.381,13.286
2020-09-10T16:00:00Z,15.378,13.75,13.654,7.481,13.312
2020-09-10T16:30:00Z,14.804,13.75,13.75,7.481,13.373
2020-09-10T17:00:00Z,13.846,13.942,13.461,7.582,13.461
2020-09-10T17:30:00Z,13.942,14.421,13.558,7.682,13.6
2020-09-10T18:00:00Z,13.942,14.517,13.558,7.682,13.565
2020-09-10T18:30:00Z,14.038,14.517,13.654,7.481,13.644
2020-09-10T19:00:00Z,14.134,14.517,13.75,7.582,13.696
2020-09-10T19:30:00Z,14.23,14.804,13.75,7.582,13.879
2020-09-10T20:00:00Z,14.23,14.804,13.75,7.582,13.966
2020-09-10T20:30:00Z,14.23,14.804,13.75,7.481,14.001
2020-09-10T21:00:00Z,14.325,14.709,13.942,7.582,14.044
2020-09-10T21:30:00Z,14.325,14.709,13.942,7.682,14.088
2020-09-10T22:00:00Z,14.421,14.613,13.942,7.882,14.131
2020-09-10T22:30:00Z,14.517,14.709,13.846,7.882,14.157
2020-09-10T23:00:00Z,14.517,14.709,13.846,7.682,14.227
2020-09-10T23:30:00Z,14.996,14.613,13.846,7.782,14.244
2020-09-11T00:00:00Z,15.282,14.613,13.75,7.782,14.27
2020-09-11T00:30:00Z,15.091,14.421,13.654,7.682,14.287
2020-09-11T01:00:00Z,14.517,14.517,13.558,7.582,14.27
2020-09-11T01:30:00Z,14.23,14.517,13.461,7.481,14.235
2020-09-11T02:00:00Z,14.23,14.421,13.461,7.481,14.218
2020-09-11T02:30:00Z,14.038,13.846,13.461,7.481,14.183
2020-09-11T03:00:00Z,14.134,13.846,13.461,7.381,14.175
2020-09-11T03:30:00Z,14.038,13.846,13.461,7.682,14.105
2020-09-11T04:00:00Z,14.038,13.942,13.461,7.582,14.044
2020-09-11T04:30:00Z,14.038,13.942,13.558,7.582,13.975
2020-09-11T05:00:00Z,13.846,14.134,13.558,7.481,13.905
2020-09-11T05:30:00Z,13.846,14.134,13.558,7.682,13.879
2020-09-11T06:00:00Z,13.75,14.134,13.558,7.481,13.853
2020-09-11T06:30:00Z,13.846,14.038,13.461,7.582,13.827
2020-09-11T07:00:00Z,13.75,14.038,13.461,7.582,13.792
2020-09-11T07:30:00Z,13.654,14.038,13.558,7.582,13.749
2020-09-11T08:00:00Z,13.558,13.942,13.558,7.582,13.705
2020-09-11T08:30:00Z,13.654,13.942,13.558,7.782,13.67
2020-09-11T09:00:00Z,13.461,13.846,13.654,7.582,13.6
2020-09-11T09:30:00Z,13.461,13.846,13.558,7.682,13.574
2020-09-11T10:00:00Z,13.461,13.846,13.558,7.381,13.548
2020-09-11T10:30:00Z,13.461,13.846,13.654,7.481,13.513
2020-09-11T11:00:00Z,13.365,13.75,13.654,7.682,13.513
2020-09-11T11:30:00Z,13.461,13.75,13.654,7.682,13.469
2020-09-11T12:00:00Z,13.365,13.75,13.558,7.381,13.434
2020-09-11T12:30:00Z,13.461,13.75,13.558,7.381,13.426
2020-09-11T13:00:00Z,13.365,13.654,13.558,7.381,13.408
2020-09-11T13:30:00Z,13.365,13.654,13.558,7.381,13.382
2020-09-11T14:00:00Z,13.269,13.654,13.461,7.28,13.373
2020-09-11T14:30:00Z,13.75,13.75,13.654,7.582,13.373
2020-09-11T15:00:00Z,14.134,13.75,13.654,7.582,13.408
2020-09-11T15:30:00Z,14.613,13.75,13.75,7.582,13.426
2020-09-11T16:00:00Z,13.75,14.038,13.558,7.782,13.522
2020-09-11T16:30:00Z,13.75,14.134,13.558,7.782,13.565
2020-09-11T17:00:00Z,13.846,14.325,13.558,7.782,13.574
2020-09-11T17:30:00Z,13.942,14.134,13.558,7.582,13.635
2020-09-11T18:00:00Z,13.942,14.709,13.654,7.582,13.679
2020-09-11T18:30:00Z,14.038,14.709,13.654,7.682,13.749
2020-09-11T19:00:00Z,14.038,14.709,13.75,7.682,13.783
2020-09-11T19:30:00Z,14.134,14.613,13.942,7.682,13.827
2020-09-11T20:00:00Z,14.134,14.613,14.038,7.682,13.862
2020-09-11T20:30:00Z,14.23,14.517,14.134,7.682,13.931
2020-09-11T21:00:00Z,14.23,14.517,14.038,7.782,13.94
2020-09-11T21:30:00Z,14.325,14.517,14.134,7.983,13.992
2020-09-11T22:00:00Z,14.517,14.517,14.23,7.782,14.036
2020-09-11T22:30:00Z,15.473,14.517,14.23,7.682,14.07
2020-09-11T23:00:00Z,14.9,14.517,14.134,7.782,14.105
2020-09-11T23:30:00Z,15.473,14.517,14.038,7.882,14.131
2020-09-12T00:00:00Z,14.996,14.517,13.942,7.782,14.14
2020-09-12T00:30:00Z,14.325,14.517,13.75,7.682,14.131
2020-09-12T01:00:00Z,14.23,14.421,13.75,7.381,14.097
2020-09-12T01:30:00Z,14.421,14.421,13.558,7.28,14.14
2020-09-12T02:00:00Z,14.421,14.325,13.558,7.28,14.097
2020-09-12T02:30:00Z,14.134,14.325,13.558,7.582,14.07
2020-09-12T03:00:00Z,14.134,14.325,13.558,7.782,14.079
2020-09-12T03:30:00Z,14.134,14.325,13.654,7.582,14.044
2020-09-12T04:00:00Z,14.134,14.325,13.654,7.481,14.018
2020-09-12T04:30:00Z,14.038,14.23,13.654,7.682,13.984
2020-09-12T05:00:00Z,13.942,14.23,13.654,7.582,13.931
2020-09-12T05:30:00Z,13.942,14.134,13.75,7.582,13.914
2020-09-12T06:00:00Z,13.942,14.134,13.654,7.582,13.853
2020-09-12T06:30:00Z,13.846,14.134,13.654,7.582,13.818
2020-09-12T07:00:00Z,13.846,14.038,13.654,7.582,13.801
2020-09-12T07:30:00Z,13.846,14.038,13.654,7.682,13.775
2020-09-12T08:00:00Z,13.75,14.038,13.654,7.682,13.766
2020-09-12T08:30:00Z,13.846,14.038,13.654,7.782,13.705
2020-09-12T09:00:00Z,13.75,13.942,13.75,7.682,13.705
2020-09-12T09:30:00Z,13.75,13.942,13.654,7.682,13.661
2020-09-12T10:00:00Z,13.654,13.942,13.75,7.682,13.644
2020-09-12T10:30:00Z,13.654,13.846,13.75,7.682,13.609
2020-09-12T11:00:00Z,13.654,13.846,13.75,7.682,13.6
2020-09-12T11:30:00Z,13.654,13.846,13.75,7.582,13.583
2020-09-12T12:00:00Z,13.558,13.846,13.75,7.682,13.557
2020-09-12T12:30:00Z,13.558,13.75,13.654,7.481,13.513
2020-09-12T13:00:00Z,13.558,13.75,13.654,7.079,13.513
2020-09-12T13:30:00Z,13.558,13.75,13.654,7.179,13.495
2020-09-12T14:00:00Z,13.558,13.75,13.654,7.28,13.487
2020-09-12T14:30:00Z,13.942,13.846,13.75,7.782,13.478
2020-09-12T15:00:00Z,14.23,13.846,13.75,7.682,13.513
2020-09-12T15:30:00Z,14.9,13.942,13.846,7.682,13.548
2020-09-12T16:00:00Z,15.282,13.942,13.942,7.682,13.592
2020-09-12T16:30:00Z,15.76,14.038,14.038,7.782,13.609
2020-09-12T17:00:00Z,15.569,14.709,13.75,7.682,13.714
2020-09-12T17:30:00Z,14.517,14.709,13.75,7.782,13.853
2020-09-12T18:00:00Z,14.709,14.804,13.75,7.582,13.931
2020-09-12T18:30:00Z,14.9,14.709,13.75,7.481,13.888
2020-09-12T19:00:00Z,14.9,14.9,13.846,7.582,13.923
2020-09-12T19:30:00Z,14.9,14.709,13.846,7.582,13.949
2020-09-12T20:00:00Z,14.709,14.804,13.942,7.582,14.044
2020-09-12T20:30:00Z,14.804,14.804,14.038,7.682,14.253
2020-09-12T21:00:00Z,14.709,14.996,14.134,7.582,14.426
2020-09-12T21:30:00Z,14.804,15.091,14.134,7.682,14.461
2020-09-12T22:00:00Z,14.804,14.996,14.134,7.983,14.487
2020-09-12T22:30:00Z,15.091,14.996,14.038,7.882,14.573
2020-09-12T23:00:00Z,15.473,14.996,13.942,7.983,14.685
2020-09-12T23:30:00Z,14.9,14.9,13.846,8.082,14.659
2020-09-13T00:00:00Z,14.9,14.9,13.846,7.882,14.582
2020-09-13T00:30:00Z,14.996,14.613,13.75,7.582,14.512
2020-09-13T01:00:00Z,14.9,14.709,13.75,7.682,14.53
2020-09-13T01:30:00Z,14.996,14.517,13.75,7.481,14.512
2020-09-13T02:00:00Z,15.187,14.23,13.75,7.682,14.564
2020-09-13T02:30:00Z,14.996,14.038,13.75,7.682,14.53
2020-09-13T03:00:00Z,14.709,14.038,13.75,7.682,14.339
2020-09-13T03:30:00Z,14.613,14.038,13.75,7.481,14.227
2020-09-13T04:00:00Z,14.421,13.942,13.75,7.582,14.201
2020-09-13T04:30:00Z,14.23,13.942,13.75,7.582,14.261
2020-09-13T05:00:00Z,14.325,14.038,13.75,7.682,14.209
2020-09-13T05:30:00Z,14.23,14.038,13.75,7.782,14.157
2020-09-13T06:00:00Z,14.134,14.038,13.75,7.782,14.088
2020-09-13T06:30:00Z,14.134,14.038,13.75,7.582,14.062
2020-09-13T07:00:00Z,14.038,14.038,13.75,7.582,14.01
2020-09-13T07:30:00Z,13.942,14.23,13.75,7.582,13.992
2020-09-13T08:00:00Z,14.038,14.134,13.75,7.582,13.984
2020-09-13T08:30:00Z,14.038,14.134,13.75,7.782,13.949
2020-09-13T09:00:00Z,13.942,14.134,13.75,7.582,13.914
2020-09-13T09:30:00Z,13.846,14.134,13.75,7.582,13.87
2020-09-13T10:00:00Z,13.846,14.134,13.846,7.882,13.827
2020-09-13T10:30:00Z,13.846,14.038,13.75,7.882,13.81
2020-09-13T11:00:00Z,13.846,14.038,13.75,7.983,13.74
2020-09-13T11:30:00Z,13.75,14.038,13.846,7.882,13.74
2020-09-13T12:00:00Z,13.75,13.942,13.846,7.481,13.696
2020-09-13T12:30:00Z,13.75,13.942,13.75,7.481,13.679
2020-09-13T13:00:00Z,13.654,13.942,13.75,7.481,13.661
2020-09-13T13:30:00Z,13.558,13.942,13.75,7.582,13.609
2020-09-13T14:00:00Z,13.654,13.942,13.75,7.481,13.609
2020-09-13T14:30:00Z,13.75,13.942,13.75,7.481,13.574
2020-09-13T15:00:00Z,13.75,13.942,13.75,7.682,13.583
2020-09-13T15:30:00Z,13.846,13.942,13.75,7.782,13.635
2020-09-13T16:00:00Z,13.942,13.942,13.75,7.682,13.618
2020-09-13T16:30:00Z,14.134,14.038,13.846,7.682,13.635
2020-09-13T17:00:00Z,14.23,14.038,13.846,7.682,13.688
2020-09-13T17:30:00Z,14.517,14.038,13.846,7.582,13.705
2020-09-13T18:00:00Z,14.421,14.134,13.846,7.481,13.679
2020-09-13T18:30:00Z,14.421,14.134,13.846,7.582,13.749
2020-09-13T19:00:00Z,14.517,14.23,13.846,7.582,13.74
2020-09-13T19:30:00Z,14.709,14.23,13.846,7.582,13.766
2020-09-13T20:00:00Z,14.517,14.23,13.846,7.682,13.757
2020-09-13T20:30:00Z,14.517,14.23,13.846,7.682,13.931
2020-09-13T21:00:00Z,14.613,14.325,13.846,7.882,13.931
2020-09-13T21:30:00Z,14.804,14.23,13.846,7.882,13.879
2020-09-13T22:00:00Z,14.709,14.421,13.846,7.882,13.992
2020-09-13T22:30:00Z,14.709,14.421,13.846,7.882,14.088
2020-09-13T23:00:00Z,14.804,14.421,13.846,7.882,14.131
2020-09-13T23:30:00Z,14.709,14.421,13.846,7.882,14.157
2020-09-14T00:00:00Z,15.091,14.038,13.846,7.882,14.201
2020-09-14T00:30:00Z,14.709,14.038,13.846,7.882,14.192
2020-09-14T01:00:00Z,14.421,14.038,13.75,7.682,14.192
2020-09-14T01:30:00Z,14.23,13.942,13.75,7.582,14.027
2020-09-14T02:00:00Z,14.23,13.942,13.75,7.381,13.905
2020-09-14T02:30:00Z,14.134,13.942,13.75,7.481,13.722
2020-09-14T03:00:00Z,13.942,14.038,13.75,7.682,13.853
2020-09-14T03:30:00Z,13.942,14.038,13.75,7.582,13.844
2020-09-14T04:00:00Z,13.846,14.038,13.75,7.481,13.836
2020-09-14T04:30:00Z,13.846,13.942,13.75,7.582,13.792
2020-09-14T05:00:00Z,13.942,13.942,13.75,7.682,13.81
2020-09-14T05:30:00Z,13.75,13.942,13.75,7.782,13.766
2020-09-14T06:00:00Z,13.75,13.942,13.75,7.481,13.688
2020-09-14T06:30:00Z,13.654,13.942,13.75,7.782,13.661
2020-09-14T07:00:00Z,13.75,13.846,13.75,7.582,13.644
2020-09-14T07:30:00Z,13.654,13.846,13.75,7.582,13.592
2020-09-14T08:00:00Z,13.654,13.846,13.75,7.582,13.592
2020-09-14T08:30:00Z,13.654,13.846,13.75,7.782,13.583
2020-09-14T09:00:00Z,13.654,13.846,13.75,7.782,13.539
2020-09-14T09:30:00Z,13.558,13.846,13.654,7.782,13.53
2020-09-14T10:00:00Z,13.558,13.75,13.654,7.782,13.522
2020-09-14T10:30:00Z,13.558,13.75,13.654,7.782,13.504
2020-09-14T11:00:00Z,13.461,13.75,13.654,7.882,13.495
2020-09-14T11:30:00Z,13.558,13.75,13.654,7.782,13.487
2020-09-14T12:00:00Z,13.461,13.75,13.654,7.582,13.469
2020-09-14T12:30:00Z,13.461,13.75,13.654,7.682,13.443
2020-09-14T13:00:00Z,13.365,13.75,13.558,7.582,13.417
2020-09-14T13:30:00Z,13.558,13.75,13.558,7.682,13.399
2020-09-14T14:00:00Z,13.461,13.75,13.558,7.682,13.417
2020-09-14T14:30:00Z,13.558,13.75,13.558,7.682,13.443
2020-09-14T15:00:00Z,13.654,13.75,13.558,7.682,13.426
2020-09-14T15:30:00Z,13.846,13.846,13.654,7.782,13.443
2020-09-14T16:00:00Z,14.325,13.846,13.654,7.782,13.487
2020-09-14T16:30:00Z,14.517,13.942,13.654,7.782,13.513
2020-09-14T17:00:00Z,14.325,14.038,13.654,7.782,13.592
2020-09-14T17:30:00Z,14.613,14.134,13.654,7.682,13.644
2020-09-14T18:00:00Z,14.421,13.942,13.654,7.682,13.6
2020-09-14T18:30:00Z,14.613,14.23,13.75,7.782,13.653
2020-09-14T19:00:00Z,14.9,14.325,13.75,7.682,13.74
2020-09-14T19:30:00Z,14.709,14.23,13.75,7.782,13.626
2020-09-14T20:00:00Z,14.9,14.134,13.75,7.782,13.67
2020-09-14T20:30:00Z,14.709,14.23,13.846,7.782,13.783
2020-09-14T21:00:00Z,14.613,14.23,13.75,7.582,13.879
2020-09-14T21:30:00Z,14.517,14.325,13.75,7.682,14.001
2020-09-14T22:00:00Z,14.613,14.421,13.75,7.582,14.001
2020-09-14T22:30:00Z,14.613,14.421,13.846,7.882,14.01
2020-09-14T23:00:00Z,14.709,14.421,13.75,7.983,14.062
2020-09-14T23:30:00Z,14.613,14.325,13.75,7.882,14.027
2020-09-15T00:00:00Z,14.804,14.134,13.75,7.782,14.079
2020-09-15T00:30:00Z,14.325,14.038,13.654,7.882,14.079
2020-09-15T01:00:00Z,14.325,14.038,13.654,7.782,14.01
2020-09-15T01:30:00Z,14.134,14.038,13.654,7.682,14.053
2020-09-15T02:00:00Z,14.038,14.038,13.654,7.582,14.036
2020-09-15T02:30:00Z,14.038,13.942,13.654,7.682,13.94
2020-09-15T03:00:00Z,13.942,13.942,13.654,7.682,13.923
2020-09-15T03:30:00Z,13.846,13.942,13.654,7.682,13.862
2020-09-15T04:00:00Z,13.75,13.942,13.654,7.682,13.818
2020-09-15T04:30:00Z,13.75,13.942,13.654,7.682,13.766
2020-09-15T05:00:00Z,13.654,13.942,13.654,7.481,13.731
2020-09-15T05:30:00Z,13.654,13.846,13.654,7.481,13.661
2020-09-15T06:00:00Z,13.558,13.846,13.654,7.682,13.618
2020-09-15T06:30:00Z,13.558,13.846,13.654,7.682,13.557
2020-09-15T07:00:00Z,13.461,13.846,13.654,7.682,13.53
2020-09-15T07:30:00Z,13.461,13.75,13.654,7.682,13.522
2020-09-15T08:00:00Z,13.461,13.75,13.654,7.582,13.487
2020-09-15T08:30:00Z,13.461,13.75,13.654,7.481,13.478
2020-09-15T09:00:00Z,13.365,13.75,13.558,7.682,13.443
2020-09-15T09:30:00Z,13.365,13.75,13.558,7.882,13.426
2020-09-15T10:00:00Z,13.269,13.654,13.558,7.882,13.382
2020-09-15T10:30:00Z,13.269,13.654,13.558,7.882,13.426
2020-09-15T11:00:00Z,13.269,13.654,13.558,7.782,13.408
2020-09-15T11:30:00Z,13.269,13.654,13.558,7.782,13.373
2020-09-15T12:00:00Z,13.365,13.654,13.558,7.782,13.373
2020-09-15T12:30:00Z,13.269,13.654,13.558,7.782,13.338
2020-09-15T13:00:00Z,13.269,13.654,13.461,7.782,13.338
2020-09-15T13:30:00Z,13.365,13.654,13.461,7.682,13.329
2020-09-15T14:00:00Z,13.269,13.654,13.461,7.682,13.329
2020-09-15T14:30:00Z,13.365,13.654,13.461,7.682,13.303
2020-09-15T15:00:00Z,13.654,13.654,13.461,7.682,13.312
2020-09-15T15:30:00Z,13.75,13.654,13.558,7.782,13.321
2020-09-15T16:00:00Z,13.846,13.75,13.558,7.682,13.356
2020-09-15T16:30:00Z,14.23,13.75,13.558,7.682,13.399
2020-09-15T17:00:00Z,14.038,14.038,13.558,7.882,13.495
2020-09-15T17:30:00Z,14.325,14.134,13.558,7.782,13.557
2020-09-15T18:00:00Z,14.134,14.134,13.558,7.682,13.539
2020-09-15T18:30:00Z,14.038,14.134,13.654,7.782,13.513
2020-09-15T19:00:00Z,14.134,14.038,13.654,7.682,13.592
2020-09-15T19:30:00Z,14.134,14.134,13.75,7.582,13.644
2020-09-15T20:00:00Z,14.134,14.23,13.75,7.782,13.67
2020-09-15T20:30:00Z,14.134,14.325,13.75,7.782,13.714
2020-09-15T21:00:00Z,14.23,14.325,14.038,7.882,13.766
2020-09-15T21:30:00Z,14.23,14.23,13.75,7.682,13.81
2020-09-15T22:00:00Z,14.23,14.23,13.75,7.582,13.844
2020-09-15T22:30:00Z,14.23,14.23,13.75,7.682,13.818
2020-09-15T23:00:00Z,14.421,14.23,13.75,7.983,13.81
2020-09-15T23:30:00Z,14.517,14.23,13.654,7.882,13.853
