datetime,wtr_0,wtr_2,wtr_4,wtr_8,wtr_1
2020-08-05T21:30:00Z,20.234,20.234,12.787,6.166,19.982
2020-08-05T22:00:00Z,20.234,20.234,12.883,5.962,19.823
2020-08-05T22:30:00Z,20.329,20.234,13.365,5.86,19.899
2020-08-05T23:00:00Z,20.519,20.234,12.883,5.86,19.957
2020-08-05T23:30:00Z,20.615,20.138,13.076,6.064,20.024
2020-08-06T00:00:00Z,20.329,19.758,12.497,6.064,20.049
2020-08-06T00:30:00Z,20.519,19.472,12.013,6.166,20.041
2020-08-06T01:00:00Z,20.329,19.567,12.11,6.166,20.074
2020-08-06T01:30:00Z,20.519,19.567,11.916,6.166,20.058
2020-08-06T02:00:00Z,20.234,19.472,11.722,5.757,20.041
2020-08-06T02:30:00Z,20.138,19.472,12.013,5.757,19.999
2020-08-06T03:00:00Z,20.138,19.472,12.497,5.86,19.957
2020-08-06T03:30:00Z,20.043,19.282,11.722,5.962,19.932
2020-08-06T04:00:00Z,20.043,19.187,12.207,5.962,19.589
2020-08-06T04:30:00Z,19.948,19.282,12.304,6.064,19.798
2020-08-06T05:00:00Z,19.853,19.282,12.013,5.962,19.739
2020-08-06T05:30:00Z,19.758,19.282,12.11,5.757,19.656
2020-08-06T06:00:00Z,19.662,19.377,12.11,5.757,19.597
2020-08-06T06:30:00Z,19.662,19.377,12.401,5.757,19.53
2020-08-06T07:00:00Z,19.472,19.282,12.11,5.757,19.438
2020-08-06T07:30:00Z,19.377,19.377,11.916,5.757,19.362
2020-08-06T08:00:00Z,19.377,19.282,12.013,5.86,19.295
2020-08-06T08:30:00Z,19.377,19.377,12.497,5.962,19.253
2020-08-06T09:00:00Z,19.187,19.377,12.304,5.962,19.169
2020-08-06T09:30:00Z,19.187,19.377,12.304,6.064,19.11
2020-08-06T10:00:00Z,19.187,19.282,11.916,6.064,19.052
2020-08-06T10:30:00Z,19.092,19.282,12.013,5.86,19.027
2020-08-06T11:00:00Z,19.092,19.187,12.207,5.86,18.968
2020-08-06T11:30:00Z,18.996,19.187,12.013,5.962,18.901
2020-08-06T12:00:00Z,18.996,19.092,11.819,5.962,18.842
2020-08-06T12:30:00Z,18.901,19.092,12.401,5.962,18.817
2020-08-06T13:00:00Z,18.901,19.092,12.304,5.962,18.766
2020-08-06T13:30:00Z,18.901,19.092,11.916,5.86,18.775
2020-08-06T14:00:00Z,18.901,18.996,12.304,5.86,18.749
2020-08-06T14:30:00Z,18.901,18.996,11.916,5.86,18.724
2020-08-06T15:00:00Z,18.901,18.996,11.916,5.962,18.724
2020-08-06T15:30:00Z,18.901,18.996,12.207,6.064,18.716
2020-08-06T16:00:00Z,18.901,18.996,12.11,5.962,18.733
2020-08-06T16:30:00Z,18.996,18.996,12.013,5.962,18.724
2020-08-06T17:00:00Z,19.092,19.092,12.304,5.86,18.724
2020-08-06T17:30:00Z,19.472,19.282,12.207,6.064,18.808
2020-08-06T18:00:00Z,19.662,19.472,12.207,6.064,18.8
2020-08-06T18:30:00Z,19.853,19.662,12.497,5.962,18.833
2020-08-06T19:00:00Z,19.758,19.853,12.207,6.064,18.892
2020-08-06T19:30:00Z,19.853,20.043,12.497,6.064,19.06
2020-08-06T20:00:00Z,19.567,19.472,12.304,5.962,19.161
2020-08-06T20:30:00Z,19.472,19.662,12.207,6.166,19.169
2020-08-06T21:00:00Z,19.472,19.567,11.722,6.064,19.211
2020-08-06T21:30:00Z,19.948,20.138,12.401,6.268,19.262
2020-08-06T22:00:00Z,20.043,19.853,12.594,6.471,19.27
2020-08-06T22:30:00Z,19.853,19.853,12.98,6.166,19.354
2020-08-06T23:00:00Z,19.853,19.853,12.497,5.86,19.463
2020-08-06T23:30:00Z,19.948,19.948,12.98,6.166,19.48
2020-08-07T00:00:00Z,19.948,19.853,12.69,5.962,19.48
2020-08-07T00:30:00Z,20.043,19.853,12.497,5.962,19.471
2020-08-07T01:00:00Z,19.758,19.758,12.98,5.86,19.429
2020-08-07T01:30:00Z,19.567,19.662,12.304,6.064,19.379
2020-08-07T02:00:00Z,19.472,19.662,12.11,5.86,19.362
2020-08-07T02:30:00Z,19.472,19.567,12.207,6.166,19.329
2020-08-07T03:00:00Z,19.472,19.567,12.401,5.962,19.329
2020-08-07T03:30:00Z,19.472,19.567,12.207,5.86,19.312
2020-08-07T04:00:00Z,19.472,19.567,12.594,5.86,19.278
2020-08-07T04:30:00Z,19.377,19.472,12.013,5.655,19.253
2020-08-07T05:00:00Z,19.282,19.472,11.334,5.86,19.194
2020-08-07T05:30:00Z,19.282,19.377,12.11,5.86,19.127
2020-08-07T06:00:00Z,19.282,19.377,12.304,5.86,19.119
2020-08-07T06:30:00Z,19.187,19.282,12.11,5.86,19.052
2020-08-07T07:00:00Z,19.187,19.282,12.304,5.962,19.001
2020-08-07T07:30:00Z,19.092,19.187,12.207,5.962,18.959
2020-08-07T08:00:00Z,18.996,19.187,12.013,5.757,18.909
2020-08-07T08:30:00Z,18.996,19.092,12.401,5.86,18.859
2020-08-07T09:00:00Z,18.996,19.092,12.11,5.962,18.783
2020-08-07T09:30:00Z,18.901,18.996,12.304,5.86,18.758
2020-08-07T10:00:00Z,18.806,18.996,12.98,5.962,18.699
2020-08-07T10:30:00Z,18.806,18.901,12.013,6.064,18.64
2020-08-07T11:00:00Z,18.806,18.901,12.207,6.064,18.623
2020-08-07T11:30:00Z,18.711,18.806,12.497,6.064,18.573
2020-08-07T12:00:00Z,18.616,18.806,12.594,6.268,18.522
2020-08-07T12:30:00Z,18.616,18.711,12.207,6.166,18.447
2020-08-07T13:00:00Z,18.521,18.711,12.69,5.86,18.388
2020-08-07T13:30:00Z,18.521,18.616,12.401,5.86,18.337
2020-08-07T14:00:00Z,18.426,18.521,11.528,5.86,18.228
2020-08-07T14:30:00Z,18.331,18.521,12.69,5.86,18.186
2020-08-07T15:00:00Z,18.331,18.521,11.916,5.962,18.169
2020-08-07T15:30:00Z,18.331,18.521,12.304,5.962,18.16
2020-08-07T16:00:00Z,18.331,18.521,12.497,6.37,18.084
2020-08-07T16:30:00Z,18.331,18.521,12.401,6.268,18.084
2020-08-07T17:00:00Z,18.236,18.426,11.819,5.962,18.042
2020-08-07T17:30:00Z,18.331,18.616,11.916,6.064,18.017
2020-08-07T18:00:00Z,18.331,18.521,12.207,5.86,18.017
2020-08-07T18:30:00Z,18.236,18.426,12.11,5.86,18.034
2020-08-07T19:00:00Z,18.331,18.521,12.401,5.86,18.042
2020-08-07T19:30:00Z,18.521,18.711,12.497,5.962,18.042
2020-08-07T20:00:00Z,18.426,18.711,12.497,6.166,18.042
2020-08-07T20:30:00Z,18.521,18.711,12.401,6.268,18.093
2020-08-07T21:00:00Z,18.616,18.711,12.594,6.573,18.127
2020-08-07T21:30:00Z,18.806,18.806,12.883,6.268,18.16
2020-08-07T22:00:00Z,18.521,18.616,12.304,6.268,18.177
2020-08-07T22:30:00Z,18.806,18.711,12.787,6.166,18.186
2020-08-07T23:00:00Z,18.901,18.711,12.401,5.962,18.211
2020-08-07T23:30:00Z,18.996,18.711,12.69,5.86,18.228
2020-08-08T00:00:00Z,18.521,18.616,12.401,6.064,18.202
2020-08-08T00:30:00Z,18.901,18.616,12.594,6.268,18.177
2020-08-08T01:00:00Z,18.711,18.521,12.883,6.064,18.127
2020-08-08T01:30:00Z,18.616,18.426,11.722,6.268,18.143
2020-08-08T02:00:00Z,18.331,18.426,12.401,6.064,18.127
2020-08-08T02:30:00Z,18.236,18.331,12.304,6.064,18.093
2020-08-08T03:00:00Z,18.236,18.331,12.497,6.064,18.059
2020-08-08T03:30:00Z,18.14,18.331,11.819,5.962,18.009
2020-08-08T04:00:00Z,18.14,18.236,12.304,5.757,17.983
2020-08-08T04:30:00Z,18.045,18.236,12.401,5.757,17.933
2020-08-08T05:00:00Z,18.045,18.14,12.883,5.86,17.882
2020-08-08T05:30:00Z,17.95,18.14,12.69,5.86,17.848
2020-08-08T06:00:00Z,17.855,18.045,12.594,5.86,17.772
2020-08-08T06:30:00Z,17.855,18.045,12.304,5.86,17.722
2020-08-08T07:00:00Z,17.855,17.95,12.401,6.166,17.688
2020-08-08T07:30:00Z,17.76,17.95,12.401,6.064,17.671
2020-08-08T08:00:00Z,17.665,17.855,12.11,6.064,17.612
2020-08-08T08:30:00Z,17.665,17.855,12.304,5.86,17.57
2020-08-08T09:00:00Z,17.665,17.76,12.401,5.757,17.519
2020-08-08T09:30:00Z,17.57,17.76,12.013,5.962,17.443
2020-08-08T10:00:00Z,17.57,17.76,12.207,6.064,17.443
2020-08-08T10:30:00Z,17.57,17.665,12.497,6.166,17.401
2020-08-08T11:00:00Z,17.475,17.57,11.819,6.166,17.333
2020-08-08T11:30:00Z,17.379,17.57,12.497,6.064,17.299
2020-08-08T12:00:00Z,17.379,17.57,12.69,5.86,17.257
2020-08-08T12:30:00Z,17.379,17.475,12.69,5.962,17.223
2020-08-08T13:00:00Z,17.284,17.475,12.304,5.86,17.214
2020-08-08T13:30:00Z,17.284,17.475,12.304,6.166,17.164
2020-08-08T14:00:00Z,17.189,17.475,12.787,5.962,17.138
2020-08-08T14:30:00Z,17.189,17.475,12.497,6.064,17.121
2020-08-08T15:00:00Z,17.189,17.475,12.207,5.757,17.121
2020-08-08T15:30:00Z,17.284,17.475,12.497,6.064,17.096
2020-08-08T16:00:00Z,17.284,17.475,12.497,5.86,17.121
2020-08-08T16:30:00Z,17.475,17.665,12.787,5.962,17.121
2020-08-08T17:00:00Z,17.475,18.14,13.365,6.268,17.155
2020-08-08T17:30:00Z,17.57,18.14,12.883,6.166,17.18
2020-08-08T18:00:00Z,17.76,18.236,12.787,6.37,17.231
2020-08-08T18:30:00Z,17.855,18.14,12.594,6.166,17.265
2020-08-08T19:00:00Z,17.95,17.95,12.883,6.37,17.248
2020-08-08T19:30:00Z,17.95,17.95,12.69,6.166,17.417
2020-08-08T20:00:00Z,17.95,17.95,12.207,6.166,17.485
2020-08-08T20:30:00Z,18.14,18.236,12.401,6.37,17.51
2020-08-08T21:00:00Z,18.045,18.045,12.98,6.471,17.587
2020-08-08T21:30:00Z,17.95,18.045,12.497,6.064,17.595
2020-08-08T22:00:00Z,17.855,17.95,12.304,6.064,17.587
2020-08-08T22:30:00Z,17.95,18.045,13.076,6.064,17.595
2020-08-08T23:00:00Z,17.855,18.045,12.787,6.064,17.587
2020-08-08T23:30:00Z,17.855,17.95,12.497,5.962,17.595
2020-08-09T00:00:00Z,17.855,17.95,12.497,5.962,17.578
2020-08-09T00:30:00Z,17.95,17.95,12.69,6.064,17.603
2020-08-09T01:00:00Z,17.855,17.95,12.98,5.86,17.595
2020-08-09T01:30:00Z,17.95,17.95,12.98,5.962,17.587
2020-08-09T02:00:00Z,17.76,17.855,12.787,5.962,17.536
2020-08-09T02:30:00Z,17.665,17.76,12.787,5.962,17.51
2020-08-09T03:00:00Z,17.665,17.76,12.883,6.064,17.468
2020-08-09T03:30:00Z,17.57,17.665,12.787,6.166,17.46
2020-08-09T04:00:00Z,17.57,17.665,12.787,6.064,17.392
2020-08-09T04:30:00Z,17.57,17.665,12.11,6.064,17.401
2020-08-09T05:00:00Z,17.57,17.665,12.594,6.064,17.401
2020-08-09T05:30:00Z,17.57,17.665,12.98,6.064,17.392
2020-08-09T06:00:00Z,17.475,17.57,12.69,6.064,17.324
2020-08-09T06:30:00Z,17.475,17.57,12.98,6.064,17.282
2020-08-09T07:00:00Z,17.379,17.475,12.401,6.166,17.197
2020-08-09T07:30:00Z,17.284,17.475,12.013,6.064,17.172
2020-08-09T08:00:00Z,17.284,17.379,12.883,5.962,17.113
2020-08-09T08:30:00Z,17.284,17.379,12.207,5.962,17.096
2020-08-09T09:00:00Z,17.189,17.379,12.304,5.86,17.062
2020-08-09T09:30:00Z,17.189,17.284,12.497,5.962,17.045
2020-08-09T10:00:00Z,17.189,17.284,12.787,5.962,17.011
2020-08-09T10:30:00Z,17.094,17.284,12.401,5.86,16.96
2020-08-09T11:00:00Z,17.094,17.189,12.497,5.962,16.926
2020-08-09T11:30:00Z,17.094,17.189,12.787,5.962,16.926
2020-08-09T12:00:00Z,16.999,17.189,12.883,5.86,16.884
2020-08-09T12:30:00Z,16.999,17.094,12.401,5.86,16.85
2020-08-09T13:00:00Z,16.999,17.094,12.207,6.166,16.85
2020-08-09T13:30:00Z,16.999,17.094,12.497,6.064,16.841
2020-08-09T14:00:00Z,16.999,17.189,12.497,6.064,16.824
2020-08-09T14:30:00Z,16.999,17.189,13.365,6.166,16.833
2020-08-09T15:00:00Z,16.999,17.189,12.787,6.166,16.858
2020-08-09T15:30:00Z,16.999,17.189,12.497,6.064,16.824
2020-08-09T16:00:00Z,16.999,17.284,13.173,6.166,16.799
2020-08-09T16:30:00Z,16.999,17.094,13.173,6.064,16.79
2020-08-09T17:00:00Z,17.094,17.379,12.594,6.166,16.824
2020-08-09T17:30:00Z,17.475,17.76,13.173,6.37,16.816
2020-08-09T18:00:00Z,17.189,17.284,12.98,6.166,16.875
2020-08-09T18:30:00Z,17.475,17.76,12.69,6.166,16.926
2020-08-09T19:00:00Z,17.284,17.284,12.401,6.064,16.994
2020-08-09T19:30:00Z,17.379,17.475,12.98,6.166,16.986
2020-08-09T20:00:00Z,17.665,17.76,12.69,6.37,17.028
2020-08-09T20:30:00Z,17.665,17.665,12.594,6.166,17.079
2020-08-09T21:00:00Z,17.76,17.76,12.883,6.268,17.113
2020-08-09T21:30:00Z,17.57,17.57,12.69,6.064,17.164
2020-08-09T22:00:00Z,17.57,17.57,12.69,5.86,17.18
2020-08-09T22:30:00Z,17.57,17.57,12.594,6.064,17.257
2020-08-09T23:00:00Z,17.57,17.665,12.787,6.166,17.299
2020-08-09T23:30:00Z,17.475,17.57,12.69,5.962,17.265
2020-08-10T00:00:00Z,17.475,17.57,12.594,6.166,17.248
2020-08-10T00:30:00Z,17.475,17.57,12.883,6.166,17.248
2020-08-10T01:00:00Z,17.57,17.57,12.401,6.166,17.214
2020-08-10T01:30:00Z,17.379,17.475,12.594,6.166,17.206
2020-08-10T02:00:00Z,17.284,17.379,13.173,6.166,17.13
2020-08-10T02:30:00Z,17.284,17.379,12.883,6.064,17.121
2020-08-10T03:00:00Z,17.189,17.379,12.594,6.064,17.079
2020-08-10T03:30:00Z,17.189,17.284,12.883,6.064,17.028
2020-08-10T04:00:00Z,17.094,17.284,12.98,6.166,16.994
2020-08-10T04:30:00Z,17.094,17.284,12.401,6.166,16.977
2020-08-10T05:00:00Z,17.094,17.189,12.883,6.166,16.943
2020-08-10T05:30:00Z,17.094,17.189,12.69,6.064,16.935
2020-08-10T06:00:00Z,16.999,17.189,13.076,5.962,16.875
2020-08-10T06:30:00Z,16.999,17.094,12.883,5.962,16.85
2020-08-10T07:00:00Z,16.903,17.094,12.883,5.962,16.799
2020-08-10T07:30:00Z,16.903,16.999,12.594,6.064,16.756
2020-08-10T08:00:00Z,16.808,16.999,13.076,6.064,16.739
2020-08-10T08:30:00Z,16.808,16.999,12.883,6.166,16.697
2020-08-10T09:00:00Z,16.808,16.999,12.69,5.962,16.68
2020-08-10T09:30:00Z,16.713,16.903,12.304,5.86,16.629
2020-08-10T10:00:00Z,16.713,16.903,12.594,5.962,16.586
2020-08-10T10:30:00Z,16.713,16.808,12.883,6.064,16.578
2020-08-10T11:00:00Z,16.713,16.808,12.787,6.166,16.535
2020-08-10T11:30:00Z,16.713,16.808,12.98,6.064,16.501
2020-08-10T12:00:00Z,16.618,16.808,12.69,6.064,16.484
2020-08-10T12:30:00Z,16.523,16.713,12.401,6.166,16.425
2020-08-10T13:00:00Z,16.523,16.713,12.497,5.962,16.399
2020-08-10T13:30:00Z,16.427,16.713,13.076,6.064,16.382
2020-08-10T14:00:00Z,16.427,16.618,12.594,6.064,16.348
2020-08-10T14:30:00Z,16.523,16.808,12.69,6.166,16.331
2020-08-10T15:00:00Z,16.618,16.999,13.942,6.166,16.331
2020-08-10T15:30:00Z,16.713,17.094,13.942,6.166,16.34
2020-08-10T16:00:00Z,16.713,17.189,13.076,6.064,16.374
2020-08-10T16:30:00Z,16.808,17.284,13.558,6.268,16.399
2020-08-10T17:00:00Z,16.999,17.284,14.134,6.268,16.425
2020-08-10T17:30:00Z,16.999,17.189,12.98,6.268,16.425
2020-08-10T18:00:00Z,17.094,17.284,12.497,6.268,16.518
2020-08-10T18:30:00Z,17.284,17.189,13.461,6.37,16.569
2020-08-10T19:00:00Z,17.284,17.284,12.69,6.573,16.612
2020-08-10T19:30:00Z,17.379,17.284,12.013,6.37,16.756
2020-08-10T20:00:00Z,17.475,17.379,12.883,6.674,16.816
2020-08-10T20:30:00Z,17.475,17.475,13.076,6.37,16.918
2020-08-10T21:00:00Z,17.665,17.665,12.883,6.37,16.977
2020-08-10T21:30:00Z,17.665,17.57,13.173,6.166,17.079
2020-08-10T22:00:00Z,17.76,17.57,13.75,6.268,17.189
2020-08-10T22:30:00Z,17.76,17.665,12.69,6.166,17.257
2020-08-10T23:00:00Z,17.95,17.76,13.173,6.37,17.282
2020-08-10T23:30:00Z,17.95,17.76,13.365,6.166,17.35
2020-08-11T00:00:00Z,18.045,17.76,13.173,6.166,17.384
2020-08-11T00:30:00Z,17.855,17.665,13.173,6.064,17.392
2020-08-11T01:00:00Z,18.045,17.665,13.654,6.37,17.367
2020-08-11T01:30:00Z,17.855,17.665,13.461,6.166,17.333
2020-08-11T02:00:00Z,17.665,17.57,13.173,6.471,17.358
2020-08-11T02:30:00Z,17.475,17.57,13.558,6.268,17.341
2020-08-11T03:00:00Z,17.475,17.57,13.654,6.268,17.299
2020-08-11T03:30:00Z,17.475,17.379,12.787,6.166,17.291
2020-08-11T04:00:00Z,17.379,17.379,12.594,6.268,17.274
2020-08-11T04:30:00Z,17.379,17.475,12.787,6.166,17.231
2020-08-11T05:00:00Z,17.284,17.189,13.461,6.166,17.121
2020-08-11T05:30:00Z,17.189,17.189,13.173,6.166,17.062
2020-08-11T06:00:00Z,17.094,17.284,13.75,6.064,17.011
2020-08-11T06:30:00Z,16.999,17.189,13.173,6.268,16.935
2020-08-11T07:00:00Z,16.999,17.189,12.98,6.064,16.935
2020-08-11T07:30:00Z,16.999,17.094,12.883,6.064,16.875
2020-08-11T08:00:00Z,16.903,17.094,13.173,5.962,16.824
2020-08-11T08:30:00Z,16.903,17.094,12.69,5.86,16.782
2020-08-11T09:00:00Z,16.808,16.999,13.076,5.962,16.748
2020-08-11T09:30:00Z,16.808,16.999,13.076,5.86,16.705
2020-08-11T10:00:00Z,16.713,16.903,12.98,6.166,16.62
2020-08-11T10:30:00Z,16.713,16.903,12.69,6.064,16.654
2020-08-11T11:00:00Z,16.713,16.903,13.173,6.268,16.578
2020-08-11T11:30:00Z,16.523,16.808,13.365,6.268,16.578
2020-08-11T12:00:00Z,16.523,16.808,13.173,6.166,16.518
2020-08-11T12:30:00Z,16.523,16.808,13.365,6.064,16.493
2020-08-11T13:00:00Z,16.523,16.713,12.594,6.268,16.45
2020-08-11T13:30:00Z,16.523,16.713,12.787,6.064,16.433
2020-08-11T14:00:00Z,16.523,16.713,12.98,6.166,16.425
2020-08-11T14:30:00Z,16.999,16.808,13.942,6.166,16.433
2020-08-11T15:00:00Z,16.999,16.808,13.558,6.166,16.476
2020-08-11T15:30:00Z,16.713,16.903,13.558,6.166,16.518
2020-08-11T16:00:00Z,16.808,17.379,13.558,6.166,16.518
2020-08-11T16:30:00Z,16.999,17.379,13.846,6.268,16.518
2020-08-11T17:00:00Z,17.284,17.475,13.846,6.471,16.535
2020-08-11T17:30:00Z,17.379,17.379,14.038,6.471,16.544
2020-08-11T18:00:00Z,17.284,17.475,13.846,6.471,16.705
2020-08-11T18:30:00Z,17.57,17.475,12.883,6.471,16.799
2020-08-11T19:00:00Z,17.665,17.57,12.497,6.37,16.926
2020-08-11T19:30:00Z,17.379,17.475,13.173,6.064,16.994
2020-08-11T20:00:00Z,17.189,17.379,13.365,6.37,17.011
2020-08-11T20:30:00Z,17.475,17.57,12.304,6.37,17.002
2020-08-11T21:00:00Z,17.57,17.57,13.173,6.674,17.045
2020-08-11T21:30:00Z,17.665,17.57,13.173,6.471,17.104
2020-08-11T22:00:00Z,17.855,17.665,13.365,6.268,17.147
2020-08-11T22:30:00Z,17.95,17.665,14.038,6.166,17.206
2020-08-11T23:00:00Z,17.855,17.665,13.558,6.064,17.223
2020-08-11T23:30:00Z,17.855,17.665,13.365,6.268,17.231
2020-08-12T00:00:00Z,17.665,17.57,13.365,6.166,17.206
2020-08-12T00:30:00Z,17.76,17.665,13.846,6.268,17.265
2020-08-12T01:00:00Z,17.76,17.665,13.461,6.166,17.274
2020-08-12T01:30:00Z,17.57,17.57,13.461,6.37,17.265
2020-08-12T02:00:00Z,17.475,17.57,13.654,6.064,17.257
2020-08-12T02:30:00Z,17.379,17.475,13.365,6.166,17.223
2020-08-12T03:00:00Z,17.284,17.475,13.076,6.268,17.189
2020-08-12T03:30:00Z,17.284,17.379,13.076,6.268,17.18
2020-08-12T04:00:00Z,17.189,17.379,13.75,6.166,17.13
2020-08-12T04:30:00Z,17.189,17.379,14.517,6.166,17.07
2020-08-12T05:00:00Z,17.094,17.284,14.421,6.37,17.028
2020-08-12T05:30:00Z,17.094,17.284,14.038,6.37,17.002
2020-08-12T06:00:00Z,17.094,17.284,13.076,6.37,17.011
2020-08-12T06:30:00Z,16.999,17.189,13.365,6.37,16.943
2020-08-12T07:00:00Z,16.999,17.189,12.98,6.268,16.909
2020-08-12T07:30:00Z,16.999,17.094,12.98,6.166,16.833
2020-08-12T08:00:00Z,16.903,17.094,13.461,6.166,16.79
2020-08-12T08:30:00Z,16.903,16.999,13.942,6.166,16.748
2020-08-12T09:00:00Z,16.903,16.999,13.076,5.962,16.714
2020-08-12T09:30:00Z,16.903,16.999,13.269,5.86,16.697
2020-08-12T10:00:00Z,16.808,16.903,13.461,6.166,16.663
2020-08-12T10:30:00Z,16.808,16.903,13.558,6.268,16.654
2020-08-12T11:00:00Z,16.713,16.903,13.173,6.166,16.637
2020-08-12T11:30:00Z,16.713,16.903,13.076,6.166,16.595
2020-08-12T12:00:00Z,16.713,16.808,12.883,6.166,16.569
2020-08-12T12:30:00Z,16.713,16.808,12.883,6.166,16.544
2020-08-12T13:00:00Z,16.713,16.808,13.461,6.064,16.527
2020-08-12T13:30:00Z,16.713,16.808,13.173,6.166,16.493
2020-08-12T14:00:00Z,16.618,16.808,13.365,6.268,16.459
2020-08-12T14:30:00Z,16.713,16.903,13.846,6.268,16.467
2020-08-12T15:00:00Z,16.808,17.094,14.038,6.37,16.476
2020-08-12T15:30:00Z,16.808,17.094,13.75,6.268,16.527
2020-08-12T16:00:00Z,16.713,16.903,13.654,6.268,16.501
2020-08-12T16:30:00Z,16.713,16.903,14.23,6.37,16.476
2020-08-12T17:00:00Z,17.094,17.094,13.846,6.37,16.501
2020-08-12T17:30:00Z,16.903,17.094,13.75,6.471,16.501
2020-08-12T18:00:00Z,17.094,17.284,13.461,6.573,16.544
2020-08-12T18:30:00Z,17.189,17.284,13.75,6.471,16.544
2020-08-12T19:00:00Z,16.808,16.999,13.076,6.37,16.603
2020-08-12T19:30:00Z,16.808,16.999,13.269,6.37,16.595
2020-08-12T20:00:00Z,16.808,16.999,13.846,6.37,16.586
2020-08-12T20:30:00Z,16.903,17.094,14.421,6.268,16.561
2020-08-12T21:00:00Z,16.808,16.999,13.461,6.064,16.586
2020-08-12T21:30:00Z,16.903,17.094,13.076,6.166,16.569
2020-08-12T22:00:00Z,16.713,16.903,13.942,6.268,16.552
2020-08-12T22:30:00Z,16.713,16.903,13.75,6.37,16.527
2020-08-12T23:00:00Z,16.713,16.903,13.269,6.166,16.527
2020-08-12T23:30:00Z,16.713,16.903,13.269,6.064,16.518
2020-08-13T00:00:00Z,16.713,16.808,13.173,6.268,16.501
2020-08-13T00:30:00Z,16.618,16.808,13.846,6.268,16.484
2020-08-13T01:00:00Z,16.618,16.808,13.75,6.166,16.45
2020-08-13T01:30:00Z,16.618,16.713,13.365,6.166,16.425
2020-08-13T02:00:00Z,16.523,16.713,13.942,6.166,16.416
2020-08-13T02:30:00Z,16.523,16.713,13.942,6.064,16.382
2020-08-13T03:00:00Z,16.523,16.618,13.558,6.166,16.357
2020-08-13T03:30:00Z,16.427,16.618,13.461,6.268,16.297
2020-08-13T04:00:00Z,16.427,16.523,13.558,6.37,16.272
2020-08-13T04:30:00Z,16.427,16.523,13.75,6.268,16.263
2020-08-13T05:00:00Z,16.332,16.523,13.173,6.268,16.212
2020-08-13T05:30:00Z,16.332,16.427,13.365,6.268,16.178
2020-08-13T06:00:00Z,16.141,16.427,13.75,6.166,16.152
2020-08-13T06:30:00Z,16.237,16.427,13.846,6.268,16.144
2020-08-13T07:00:00Z,16.237,16.332,13.75,6.166,16.101
2020-08-13T07:30:00Z,16.141,16.332,13.365,6.166,16.058
2020-08-13T08:00:00Z,16.046,16.237,13.654,6.166,16.007
2020-08-13T08:30:00Z,16.141,16.237,13.846,6.166,15.964
2020-08-13T09:00:00Z,16.046,16.237,13.558,6.166,15.939
2020-08-13T09:30:00Z,15.951,16.141,13.75,5.962,15.879
2020-08-13T10:00:00Z,15.951,16.141,13.558,6.268,15.862
2020-08-13T10:30:00Z,15.855,16.046,13.942,6.166,15.794
2020-08-13T11:00:00Z,15.76,16.046,13.558,6.064,15.768
2020-08-13T11:30:00Z,15.855,15.951,13.846,6.268,15.734
2020-08-13T12:00:00Z,15.76,15.951,13.942,6.268,15.717
2020-08-13T12:30:00Z,15.76,15.951,13.654,6.37,15.648
2020-08-13T13:00:00Z,15.76,15.951,13.846,6.268,15.64
2020-08-13T13:30:00Z,15.569,15.951,13.846,6.268,15.614
2020-08-13T14:00:00Z,15.664,15.951,13.942,6.268,15.588
2020-08-13T14:30:00Z,15.664,15.951,13.269,6.37,15.588
2020-08-13T15:00:00Z,15.76,15.951,13.942,6.268,15.597
2020-08-13T15:30:00Z,15.855,16.141,14.134,6.268,15.64
2020-08-13T16:00:00Z,15.951,16.141,14.134,6.268,15.665
2020-08-13T16:30:00Z,16.046,16.427,14.325,6.268,15.708
2020-08-13T17:00:00Z,16.046,16.523,14.421,6.268,15.759
2020-08-13T17:30:00Z,16.141,16.427,14.996,6.37,15.768
2020-08-13T18:00:00Z,16.237,16.237,15.282,6.37,15.734
2020-08-13T18:30:00Z,16.237,16.332,15.091,6.268,15.785
2020-08-13T19:00:00Z,16.332,16.427,14.9,6.37,15.828
2020-08-13T19:30:00Z,16.141,16.332,14.325,6.37,15.845
2020-08-13T20:00:00Z,16.332,16.427,14.325,6.37,15.87
2020-08-13T20:30:00Z,16.332,16.427,13.846,6.37,15.93
2020-08-13T21:00:00Z,16.237,16.427,13.846,6.37,15.947
2020-08-13T21:30:00Z,16.237,16.427,13.654,6.573,15.964
2020-08-13T22:00:00Z,16.237,16.427,13.75,6.471,15.973
2020-08-13T22:30:00Z,16.332,16.427,14.325,6.37,15.99
2020-08-13T23:00:00Z,16.237,16.427,14.23,6.37,15.964
2020-08-13T23:30:00Z,16.237,16.332,13.846,6.268,15.973
2020-08-14T00:00:00Z,16.141,16.332,13.942,6.268,15.956
2020-08-14T00:30:00Z,16.141,16.332,13.846,6.268,15.939
2020-08-14T01:00:00Z,16.332,16.332,13.942,6.268,15.947
2020-08-14T01:30:00Z,16.141,16.237,13.558,6.268,15.947
2020-08-14T02:00:00Z,15.951,16.141,13.846,6.268,15.879
2020-08-14T02:30:00Z,15.951,16.141,13.846,6.166,15.862
2020-08-14T03:00:00Z,15.951,16.046,13.461,6.166,15.811
2020-08-14T03:30:00Z,15.951,16.046,13.846,6.166,15.785
2020-08-14T04:00:00Z,15.855,16.046,13.461,6.166,15.768
2020-08-14T04:30:00Z,15.76,16.046,13.846,6.268,15.751
2020-08-14T05:00:00Z,15.76,15.951,14.23,6.268,15.699
2020-08-14T05:30:00Z,15.76,15.951,14.23,6.268,15.674
2020-08-14T06:00:00Z,15.76,15.951,14.134,6.166,15.665
2020-08-14T06:30:00Z,15.76,15.855,14.038,6.268,15.614
2020-08-14T07:00:00Z,15.664,15.855,14.23,6.268,15.58
2020-08-14T07:30:00Z,15.664,15.855,14.23,6.268,15.562
2020-08-14T08:00:00Z,15.569,15.76,13.942,6.268,15.502
2020-08-14T08:30:00Z,15.473,15.76,14.134,6.268,15.494
2020-08-14T09:00:00Z,15.569,15.76,14.038,6.268,15.451
2020-08-14T09:30:00Z,15.569,15.664,14.038,6.166,15.442
2020-08-14T10:00:00Z,15.473,15.664,13.942,6.166,15.408
2020-08-14T10:30:00Z,15.473,15.664,13.942,6.166,15.348
2020-08-14T11:00:00Z,15.473,15.569,13.846,6.166,15.331
2020-08-14T11:30:00Z,15.473,15.569,13.846,6.166,15.322
2020-08-14T12:00:00Z,15.282,15.569,14.23,6.166,15.288
2020-08-14T12:30:00Z,15.378,15.569,14.038,6.268,15.245
2020-08-14T13:00:00Z,15.187,15.473,13.846,6.166,15.219
2020-08-14T13:30:00Z,15.282,15.473,14.038,6.268,15.168
2020-08-14T14:00:00Z,15.282,15.473,14.325,6.166,15.159
2020-08-14T14:30:00Z,15.76,15.569,14.613,6.268,15.159
2020-08-14T15:00:00Z,15.378,15.569,14.517,6.37,15.159
2020-08-14T15:30:00Z,15.569,15.855,14.9,6.37,15.176
2020-08-14T16:00:00Z,15.569,15.951,14.709,6.37,15.176
2020-08-14T16:30:00Z,15.664,15.855,15.378,6.573,15.185
2020-08-14T17:00:00Z,15.855,15.855,15.187,6.573,15.245
2020-08-14T17:30:00Z,15.951,15.855,15.091,6.573,15.262
2020-08-14T18:00:00Z,16.046,15.951,15.091,6.573,15.339
2020-08-14T18:30:00Z,16.046,15.951,15.187,6.573,15.382
2020-08-14T19:00:00Z,16.046,16.046,15.378,6.573,15.442
2020-08-14T19:30:00Z,16.141,16.141,14.996,6.674,15.494
2020-08-14T20:00:00Z,16.141,16.141,14.421,6.573,15.562
2020-08-14T20:30:00Z,16.141,16.141,14.325,6.674,15.665
2020-08-14T21:00:00Z,16.237,16.237,13.846,6.674,15.708
2020-08-14T21:30:00Z,16.332,16.237,13.654,6.573,15.811
2020-08-14T22:00:00Z,16.427,16.332,14.23,6.268,15.845
2020-08-14T22:30:00Z,16.332,16.332,14.517,6.471,15.913
2020-08-14T23:00:00Z,16.523,16.427,15.091,6.166,15.947
2020-08-14T23:30:00Z,16.713,16.427,14.613,6.268,15.99
2020-08-15T00:00:00Z,16.427,16.427,15.187,6.166,16.016
2020-08-15T00:30:00Z,16.713,16.332,15.091,6.37,16.007
2020-08-15T01:00:00Z,16.523,16.332,13.75,6.37,15.999
2020-08-15T01:30:00Z,16.141,16.237,14.134,6.37,15.973
2020-08-15T02:00:00Z,16.046,16.237,14.038,6.37,15.913
2020-08-15T02:30:00Z,16.141,16.141,14.325,6.268,15.964
2020-08-15T03:00:00Z,16.046,16.141,14.325,6.268,15.922
2020-08-15T03:30:00Z,16.046,16.141,14.038,6.268,15.879
2020-08-15T04:00:00Z,15.951,16.141,14.134,6.37,15.828
2020-08-15T04:30:00Z,15.951,16.046,14.325,6.471,15.802
2020-08-15T05:00:00Z,15.855,16.046,14.613,6.37,15.751
2020-08-15T05:30:00Z,15.855,15.951,14.996,6.166,15.682
2020-08-15T06:00:00Z,15.76,15.951,14.517,6.268,15.657
2020-08-15T06:30:00Z,15.76,15.855,14.804,6.268,15.614
2020-08-15T07:00:00Z,15.664,15.855,14.709,6.37,15.58
2020-08-15T07:30:00Z,15.664,15.855,14.804,6.37,15.562
2020-08-15T08:00:00Z,15.664,15.76,14.613,6.268,15.502
2020-08-15T08:30:00Z,15.569,15.76,14.421,6.37,15.485
2020-08-15T09:00:00Z,15.569,15.76,14.804,6.268,15.46
2020-08-15T09:30:00Z,15.473,15.664,14.709,6.37,15.434
2020-08-15T10:00:00Z,15.473,15.664,14.804,6.166,15.408
2020-08-15T10:30:00Z,15.378,15.664,14.517,6.37,15.357
2020-08-15T11:00:00Z,15.378,15.569,14.517,6.268,15.339
2020-08-15T11:30:00Z,15.378,15.569,14.517,6.166,15.314
2020-08-15T12:00:00Z,15.378,15.569,14.613,6.166,15.297
2020-08-15T12:30:00Z,15.378,15.569,14.709,6.268,15.262
2020-08-15T13:00:00Z,15.378,15.569,14.804,6.268,15.236
2020-08-15T13:30:00Z,15.187,15.473,15.187,6.37,15.202
2020-08-15T14:00:00Z,15.187,15.473,14.9,6.37,15.168
2020-08-15T14:30:00Z,15.473,15.569,15.091,6.37,15.211
2020-08-15T15:00:00Z,15.76,15.569,15.091,6.37,15.254
2020-08-15T15:30:00Z,15.76,15.664,14.709,6.37,15.279
2020-08-15T16:00:00Z,15.664,16.046,14.996,6.471,15.262
2020-08-15T16:30:00Z,15.76,16.046,15.378,6.573,15.279
2020-08-15T17:00:00Z,15.951,15.951,15.473,6.573,15.314
2020-08-15T17:30:00Z,15.951,15.951,15.473,6.573,15.365
2020-08-15T18:00:00Z,16.237,16.046,15.473,6.573,15.477
2020-08-15T18:30:00Z,16.237,16.141,15.569,6.674,15.545
2020-08-15T19:00:00Z,16.332,16.141,15.378,6.573,15.614
2020-08-15T19:30:00Z,16.523,16.332,14.613,6.573,15.717
2020-08-15T20:00:00Z,16.523,16.332,14.421,6.775,15.776
2020-08-15T20:30:00Z,16.618,16.427,14.613,6.978,15.896
2020-08-15T21:00:00Z,16.618,16.523,14.421,6.775,15.982
2020-08-15T21:30:00Z,16.713,16.618,14.613,6.674,16.084
2020-08-15T22:00:00Z,16.808,16.713,15.473,6.573,16.178
2020-08-15T22:30:00Z,16.618,16.808,13.846,6.471,16.297
2020-08-15T23:00:00Z,16.808,16.808,14.517,6.573,16.399
2020-08-15T23:30:00Z,16.903,16.903,14.421,6.471,16.442
2020-08-16T00:00:00Z,16.999,16.713,14.325,6.37,16.493
2020-08-16T00:30:00Z,16.903,16.523,14.709,6.268,16.535
2020-08-16T01:00:00Z,17.284,16.523,15.091,6.268,16.484
2020-08-16T01:30:00Z,16.618,16.618,14.613,6.268,16.433
2020-08-16T02:00:00Z,16.808,16.237,14.709,6.471,16.408
2020-08-16T02:30:00Z,16.713,16.237,14.996,6.573,16.408
2020-08-16T03:00:00Z,16.808,15.951,15.091,6.471,16.408
2020-08-16T03:30:00Z,16.618,15.951,14.517,6.37,16.425
2020-08-16T04:00:00Z,16.523,16.046,14.421,6.37,16.399
2020-08-16T04:30:00Z,16.427,16.046,14.9,6.37,16.314
2020-08-16T05:00:00Z,16.332,16.046,15.091,6.37,16.075
2020-08-16T05:30:00Z,16.237,16.046,15.187,6.471,16.169
2020-08-16T06:00:00Z,16.332,16.141,15.187,6.471,16.144
2020-08-16T06:30:00Z,16.141,16.141,15.187,6.674,16.118
2020-08-16T07:00:00Z,16.141,16.141,15.187,6.37,16.075
2020-08-16T07:30:00Z,16.046,16.237,14.996,6.573,15.999
2020-08-16T08:00:00Z,16.046,16.141,15.282,6.573,15.973
2020-08-16T08:30:00Z,15.951,16.141,14.421,6.268,15.913
2020-08-16T09:00:00Z,15.951,16.141,14.325,6.268,15.879
2020-08-16T09:30:00Z,15.855,16.141,14.325,6.268,15.845
2020-08-16T10:00:00Z,15.951,16.046,14.517,6.268,15.811
2020-08-16T10:30:00Z,15.76,16.046,14.421,6.471,15.768
2020-08-16T11:00:00Z,15.76,15.951,14.23,6.268,15.725
2020-08-16T11:30:00Z,15.664,15.951,14.325,6.166,15.708
2020-08-16T12:00:00Z,15.664,15.951,14.325,6.268,15.674
2020-08-16T12:30:00Z,15.664,15.855,14.613,6.268,15.631
2020-08-16T13:00:00Z,15.664,15.855,14.613,6.471,15.588
2020-08-16T13:30:00Z,15.664,15.855,14.804,6.471,15.554
2020-08-16T14:00:00Z,15.664,15.855,14.709,6.573,15.537
2020-08-16T14:30:00Z,15.951,15.951,14.709,6.471,15.562
2020-08-16T15:00:00Z,15.951,15.951,14.421,6.37,15.58
2020-08-16T15:30:00Z,15.855,16.046,14.613,6.573,15.631
2020-08-16T16:00:00Z,16.046,16.332,15.187,6.37,15.648
2020-08-16T16:30:00Z,17.094,16.046,14.9,6.674,15.605
2020-08-16T17:00:00Z,16.903,16.332,15.473,6.674,15.657
2020-08-16T17:30:00Z,17.665,16.141,15.473,6.877,15.631
2020-08-16T18:00:00Z,17.57,16.141,15.473,6.775,15.708
2020-08-16T18:30:00Z,17.284,16.237,15.282,6.877,15.776
2020-08-16T19:00:00Z,17.189,16.332,15.091,6.775,15.879
2020-08-16T19:30:00Z,18.236,16.332,15.091,6.674,15.982
2020-08-16T20:00:00Z,17.95,16.332,14.709,6.573,16.45
2020-08-16T20:30:00Z,17.57,16.427,15.187,6.674,16.578
2020-08-16T21:00:00Z,17.665,16.427,14.517,6.674,16.867
2020-08-16T21:30:00Z,17.57,16.332,14.804,6.471,16.943
2020-08-16T22:00:00Z,17.475,16.808,14.9,6.573,17.028
2020-08-16T22:30:00Z,17.76,17.475,14.996,6.674,17.062
2020-08-16T23:00:00Z,17.95,16.999,14.709,6.573,17.13
2020-08-16T23:30:00Z,18.045,16.523,14.421,6.37,17.291
2020-08-17T00:00:00Z,17.95,16.523,14.613,6.37,17.257
2020-08-17T00:30:00Z,17.95,16.237,14.325,6.268,17.206
2020-08-17T01:00:00Z,19.092,16.237,14.804,6.573,16.714
2020-08-17T01:30:00Z,19.187,16.237,14.804,6.573,16.391
2020-08-17T02:00:00Z,18.806,16.237,14.804,6.573,16.493
2020-08-17T02:30:00Z,18.236,16.237,14.613,6.471,16.45
2020-08-17T03:00:00Z,17.95,16.141,14.804,6.268,16.34
2020-08-17T03:30:00Z,17.665,16.141,14.517,6.37,16.34
2020-08-17T04:00:00Z,17.379,16.141,14.709,6.268,16.041
2020-08-17T04:30:00Z,17.284,16.141,14.996,6.37,16.152
2020-08-17T05:00:00Z,17.189,16.237,15.187,6.471,16.306
2020-08-17T05:30:00Z,17.094,16.332,15.187,6.775,16.637
2020-08-17T06:00:00Z,16.999,16.141,14.804,6.674,16.433
2020-08-17T06:30:00Z,16.903,16.237,14.517,6.775,16.527
2020-08-17T07:00:00Z,16.903,16.237,14.709,6.573,16.782
2020-08-17T07:30:00Z,16.808,16.237,14.9,6.471,16.731
2020-08-17T08:00:00Z,16.713,16.237,14.996,6.573,16.663
2020-08-17T08:30:00Z,16.808,16.332,14.709,6.573,16.552
2020-08-17T09:00:00Z,16.713,16.237,13.942,6.37,16.365
2020-08-17T09:30:00Z,16.618,16.237,14.517,6.471,16.399
2020-08-17T10:00:00Z,16.713,16.237,14.421,6.268,16.442
2020-08-17T10:30:00Z,16.523,16.237,14.613,6.166,16.45
2020-08-17T11:00:00Z,16.618,16.141,14.996,6.268,16.348
2020-08-17T11:30:00Z,16.618,16.141,14.517,6.37,16.399
2020-08-17T12:00:00Z,16.523,16.237,14.517,6.37,16.391
2020-08-17T12:30:00Z,16.523,16.141,14.134,6.37,16.323
2020-08-17T13:00:00Z,16.523,16.141,14.996,6.471,16.297
2020-08-17T13:30:00Z,16.523,16.141,14.9,6.471,16.118
2020-08-17T14:00:00Z,16.427,16.237,14.9,6.573,16.263
2020-08-17T14:30:00Z,16.523,16.332,14.613,6.573,16.178
2020-08-17T15:00:00Z,16.523,16.237,14.996,6.573,16.161
2020-08-17T15:30:00Z,16.713,16.427,15.187,6.674,16.186
2020-08-17T16:00:00Z,16.903,16.523,15.187,6.674,16.212
2020-08-17T16:30:00Z,17.379,16.618,15.473,6.674,16.246
2020-08-17T17:00:00Z,17.284,16.903,15.473,6.573,16.229
2020-08-17T17:30:00Z,17.475,16.808,14.9,6.775,16.237
2020-08-17T18:00:00Z,17.76,16.808,14.996,6.775,16.289
2020-08-17T18:30:00Z,17.855,16.903,15.473,6.775,16.357
2020-08-17T19:00:00Z,17.95,16.903,15.187,6.775,16.442
2020-08-17T19:30:00Z,17.855,17.094,13.942,6.573,16.909
2020-08-17T20:00:00Z,17.76,16.999,14.421,6.674,17.172
2020-08-17T20:30:00Z,17.95,16.999,14.709,6.573,17.274
2020-08-17T21:00:00Z,18.14,16.999,15.091,6.573,17.384
2020-08-17T21:30:00Z,18.045,16.903,14.421,6.674,17.451
2020-08-17T22:00:00Z,18.045,17.094,14.613,6.471,17.494
2020-08-17T22:30:00Z,18.331,17.189,14.613,6.775,17.595
2020-08-17T23:00:00Z,18.521,17.57,15.091,6.877,17.663
2020-08-17T23:30:00Z,18.14,17.189,14.996,6.775,17.612
2020-08-18T00:00:00Z,18.236,17.189,14.709,6.674,17.764
2020-08-18T00:30:00Z,18.521,17.094,14.709,6.37,17.815
2020-08-18T01:00:00Z,18.331,17.475,14.517,6.674,17.815
2020-08-18T01:30:00Z,18.236,16.713,15.187,6.573,17.84
2020-08-18T02:00:00Z,18.14,16.713,14.996,6.775,17.874
2020-08-18T02:30:00Z,18.331,16.427,15.187,6.573,17.384
2020-08-18T03:00:00Z,18.331,16.523,14.996,6.674,17.13
2020-08-18T03:30:00Z,18.14,16.618,15.282,6.471,16.705
2020-08-18T04:00:00Z,17.855,16.713,15.378,6.674,17.104
2020-08-18T04:30:00Z,17.76,16.713,15.569,6.166,17.113
2020-08-18T05:00:00Z,17.57,16.618,15.282,6.268,17.307
2020-08-18T05:30:00Z,17.475,16.713,15.664,6.268,17.164
2020-08-18T06:00:00Z,17.379,16.713,15.378,6.37,17.299
2020-08-18T06:30:00Z,17.379,16.713,14.709,6.573,17.248
2020-08-18T07:00:00Z,17.379,16.808,14.9,6.674,17.223
2020-08-18T07:30:00Z,17.284,16.999,13.846,6.573,17.18
2020-08-18T08:00:00Z,17.284,16.903,14.038,6.471,17.172
2020-08-18T08:30:00Z,17.284,16.808,14.613,6.471,17.138
2020-08-18T09:00:00Z,17.189,16.903,14.038,6.37,17.079
2020-08-18T09:30:00Z,17.189,16.808,14.421,6.37,17.002
2020-08-18T10:00:00Z,17.189,16.903,14.804,6.37,17.036
2020-08-18T10:30:00Z,17.189,16.808,14.517,6.37,17.028
2020-08-18T11:00:00Z,17.094,16.713,14.804,6.471,17.011
2020-08-18T11:30:00Z,17.094,16.618,14.996,6.471,16.986
2020-08-18T12:00:00Z,17.094,16.713,14.9,6.573,16.96
2020-08-18T12:30:00Z,17.094,16.808,14.804,6.573,16.969
2020-08-18T13:00:00Z,17.094,16.618,15.187,6.471,16.926
2020-08-18T13:30:00Z,17.094,16.808,14.9,6.775,16.926
2020-08-18T14:00:00Z,17.094,16.808,14.9,6.573,16.926
2020-08-18T14:30:00Z,17.094,16.808,14.996,6.775,16.926
2020-08-18T15:00:00Z,17.189,16.808,15.091,6.775,16.901
2020-08-18T15:30:00Z,17.284,16.999,15.282,6.674,16.935
2020-08-18T16:00:00Z,17.379,17.284,15.187,6.775,16.943
2020-08-18T16:30:00Z,17.665,17.284,15.187,6.978,16.816
2020-08-18T17:00:00Z,17.379,17.094,15.187,6.674,16.909
2020-08-18T17:30:00Z,17.665,17.475,14.996,6.674,17.036
2020-08-18T18:00:00Z,17.76,17.665,14.804,6.573,17.147
2020-08-18T18:30:00Z,17.665,17.665,15.282,6.37,17.172
2020-08-18T19:00:00Z,17.95,17.855,15.282,6.573,17.248
2020-08-18T19:30:00Z,17.855,17.855,14.709,6.674,17.316
2020-08-18T20:00:00Z,17.855,17.76,14.9,6.573,17.358
2020-08-18T20:30:00Z,18.331,18.045,14.421,6.775,17.409
2020-08-18T21:00:00Z,18.236,17.95,14.9,6.674,17.51
2020-08-18T21:30:00Z,18.236,17.95,15.282,6.775,17.696
2020-08-18T22:00:00Z,18.521,17.57,14.9,6.674,17.806
2020-08-18T22:30:00Z,18.236,17.665,15.187,6.674,17.882
2020-08-18T23:00:00Z,18.616,17.57,15.282,6.775,17.966
2020-08-18T23:30:00Z,18.616,17.76,15.569,6.674,18.009
2020-08-19T00:00:00Z,18.236,17.284,15.569,6.775,18.009
2020-08-19T00:30:00Z,18.236,17.475,15.091,6.877,18.017
2020-08-19T01:00:00Z,18.331,17.855,14.9,6.674,18.025
2020-08-19T01:30:00Z,18.806,17.189,15.473,6.674,18.194
2020-08-19T02:00:00Z,18.806,16.999,15.473,6.877,18.076
2020-08-19T02:30:00Z,18.806,17.094,14.996,6.674,17.772
2020-08-19T03:00:00Z,18.616,17.189,14.804,6.573,17.587
2020-08-19T03:30:00Z,18.331,17.379,14.996,6.37,17.637
2020-08-19T04:00:00Z,18.236,17.284,14.709,6.471,17.57
2020-08-19T04:30:00Z,18.14,17.189,14.9,6.573,17.553
2020-08-19T05:00:00Z,18.14,17.189,14.996,6.37,17.637
2020-08-19T05:30:00Z,18.045,17.189,14.709,6.37,17.654
2020-08-19T06:00:00Z,17.95,17.189,14.517,6.471,17.663
2020-08-19T06:30:00Z,17.95,17.284,14.517,6.573,17.696
2020-08-19T07:00:00Z,17.855,17.284,14.325,6.573,17.713
2020-08-19T07:30:00Z,17.855,17.189,14.517,6.471,17.629
2020-08-19T08:00:00Z,17.76,17.189,14.421,6.573,17.587
2020-08-19T08:30:00Z,17.76,17.475,14.517,6.471,17.587
2020-08-19T09:00:00Z,17.665,17.57,14.709,6.573,17.536
2020-08-19T09:30:00Z,17.665,17.094,14.9,6.573,17.502
2020-08-19T10:00:00Z,17.57,17.094,14.9,6.573,17.46
2020-08-19T10:30:00Z,17.57,17.189,14.9,6.573,17.443
2020-08-19T11:00:00Z,17.57,17.189,15.187,6.775,17.426
2020-08-19T11:30:00Z,17.475,17.094,14.9,6.573,17.392
2020-08-19T12:00:00Z,17.475,17.189,14.804,6.877,17.375
2020-08-19T12:30:00Z,17.475,17.284,14.996,6.775,17.341
2020-08-19T13:00:00Z,17.475,17.094,15.282,6.674,17.291
2020-08-19T13:30:00Z,17.475,17.475,15.282,6.471,17.257
2020-08-19T14:00:00Z,17.284,17.475,15.187,6.573,17.223
2020-08-19T14:30:00Z,17.379,17.475,14.996,6.573,17.189
2020-08-19T15:00:00Z,17.284,17.379,14.996,6.573,17.147
2020-08-19T15:30:00Z,17.284,17.475,14.996,6.573,17.13
2020-08-19T16:00:00Z,17.284,17.475,14.9,6.573,17.138
2020-08-19T16:30:00Z,17.379,17.475,14.613,6.471,17.155
2020-08-19T17:00:00Z,17.379,17.665,15.187,6.674,17.155
2020-08-19T17:30:00Z,17.95,18.14,15.091,6.573,17.282
2020-08-19T18:00:00Z,17.855,17.57,14.613,6.471,17.257
2020-08-19T18:30:00Z,17.855,17.475,15.282,6.573,17.24
2020-08-19T19:00:00Z,17.95,17.475,15.378,6.775,17.265
2020-08-19T19:30:00Z,18.236,18.045,15.473,6.674,17.333
2020-08-19T20:00:00Z,18.996,17.76,15.664,6.978,17.324
2020-08-19T20:30:00Z,18.616,17.76,15.664,6.877,17.375
2020-08-19T21:00:00Z,18.711,17.855,15.664,6.877,17.46
2020-08-19T21:30:00Z,19.187,17.95,14.9,6.877,17.485
2020-08-19T22:00:00Z,19.187,17.95,15.282,7.079,18.068
2020-08-19T22:30:00Z,19.282,17.95,15.187,6.978,18.295
2020-08-19T23:00:00Z,19.472,17.855,15.187,6.978,18.388
2020-08-19T23:30:00Z,19.187,17.95,14.709,6.978,18.556
2020-08-20T00:00:00Z,19.282,17.855,14.613,6.775,18.497
2020-08-20T00:30:00Z,19.377,17.76,14.804,6.573,18.548
2020-08-20T01:00:00Z,19.853,17.76,15.091,6.37,17.789
2020-08-20T01:30:00Z,19.758,17.57,15.378,6.573,17.637
2020-08-20T02:00:00Z,19.662,17.57,15.473,6.573,17.603
2020-08-20T02:30:00Z,19.282,17.665,15.187,6.573,17.747
2020-08-20T03:00:00Z,19.187,17.76,15.187,6.573,17.789
2020-08-20T03:30:00Z,18.901,17.284,15.282,6.471,18.009
2020-08-20T04:00:00Z,18.806,17.379,15.378,6.573,17.755
2020-08-20T04:30:00Z,18.711,17.284,15.091,6.775,17.764
2020-08-20T05:00:00Z,18.616,17.57,14.9,6.877,17.815
2020-08-20T05:30:00Z,18.521,17.57,15.187,6.877,17.755
2020-08-20T06:00:00Z,18.426,17.57,15.282,6.978,17.924
2020-08-20T06:30:00Z,18.331,17.57,14.804,6.775,17.671
2020-08-20T07:00:00Z,18.236,17.665,14.709,6.674,17.798
2020-08-20T07:30:00Z,18.236,17.665,14.709,6.674,17.789
2020-08-20T08:00:00Z,18.045,17.665,14.23,6.674,17.73
2020-08-20T08:30:00Z,17.95,17.665,14.804,6.573,17.815
2020-08-20T09:00:00Z,17.95,17.665,15.091,6.573,17.857
2020-08-20T09:30:00Z,17.95,17.665,14.804,6.573,17.781
2020-08-20T10:00:00Z,17.855,17.665,14.517,6.37,17.671
2020-08-20T10:30:00Z,17.855,17.665,14.804,6.471,17.739
2020-08-20T11:00:00Z,17.855,17.665,15.282,6.268,17.713
2020-08-20T11:30:00Z,17.76,17.76,14.9,6.674,17.688
2020-08-20T12:00:00Z,17.665,17.76,14.9,6.674,17.62
2020-08-20T12:30:00Z,17.76,17.76,14.996,6.573,17.587
2020-08-20T13:00:00Z,17.665,17.76,15.091,6.674,17.57
2020-08-20T13:30:00Z,17.665,17.665,15.378,6.877,17.519
2020-08-20T14:00:00Z,17.665,17.57,15.091,6.877,17.527
2020-08-20T14:30:00Z,17.665,17.76,14.996,6.877,17.527
2020-08-20T15:00:00Z,17.76,17.76,15.282,6.775,17.553
2020-08-20T15:30:00Z,17.855,17.855,15.473,6.775,17.603
2020-08-20T16:00:00Z,18.14,18.045,15.473,6.674,17.561
2020-08-20T16:30:00Z,18.14,17.855,15.282,6.674,17.544
2020-08-20T17:00:00Z,18.331,18.045,15.378,6.877,17.494
2020-08-20T17:30:00Z,18.426,18.045,14.804,6.775,17.544
2020-08-20T18:00:00Z,18.426,17.95,15.282,6.674,17.713
2020-08-20T18:30:00Z,18.426,18.331,15.473,6.775,17.874
2020-08-20T19:00:00Z,18.045,18.236,14.613,6.573,17.882
2020-08-20T19:30:00Z,18.045,18.14,14.613,6.674,17.831
2020-08-20T20:00:00Z,18.045,18.236,14.804,6.573,17.798
2020-08-20T20:30:00Z,18.331,18.426,14.613,6.775,17.857
2020-08-20T21:00:00Z,18.14,18.331,15.282,6.775,17.874
2020-08-20T21:30:00Z,18.045,18.14,14.9,6.674,17.882
2020-08-20T22:00:00Z,18.236,18.331,14.517,6.877,17.916
2020-08-20T22:30:00Z,18.521,18.426,14.9,7.179,17.958
2020-08-20T23:00:00Z,18.711,18.426,15.282,6.877,18.051
2020-08-20T23:30:00Z,18.901,18.331,15.091,6.775,17.958
2020-08-21T00:00:00Z,18.616,18.331,15.378,6.573,17.958
2020-08-21T00:30:00Z,18.331,18.331,15.569,6.573,18.059
2020-08-21T01:00:00Z,18.236,18.426,15.282,6.877,18.084
2020-08-21T01:30:00Z,18.236,18.331,15.378,6.775,18.042
2020-08-21T02:00:00Z,18.14,18.236,15.378,6.877,17.966
2020-08-21T02:30:00Z,18.045,18.236,15.091,6.978,17.941
2020-08-21T03:00:00Z,18.045,18.14,15.091,6.775,17.907
2020-08-21T03:30:00Z,17.855,18.045,15.664,6.775,17.84
2020-08-21T04:00:00Z,17.95,18.045,14.613,6.877,17.798
2020-08-21T04:30:00Z,17.855,18.045,14.9,6.37,17.73
2020-08-21T05:00:00Z,17.855,17.95,15.282,6.573,17.705
2020-08-21T05:30:00Z,17.855,17.95,15.378,6.775,17.671
2020-08-21T06:00:00Z,17.76,17.855,14.996,6.573,17.62
2020-08-21T06:30:00Z,17.665,17.855,14.9,6.573,17.587
2020-08-21T07:00:00Z,17.665,17.76,14.804,6.573,17.544
2020-08-21T07:30:00Z,17.57,17.76,14.038,6.471,17.51
2020-08-21T08:00:00Z,17.57,17.76,14.996,6.471,17.443
2020-08-21T08:30:00Z,17.475,17.665,15.473,6.674,17.401
2020-08-21T09:00:00Z,17.475,17.665,14.709,6.573,17.358
2020-08-21T09:30:00Z,17.475,17.57,14.996,6.877,17.316
2020-08-21T10:00:00Z,17.379,17.57,15.091,6.877,17.291
2020-08-21T10:30:00Z,17.189,17.475,14.613,6.674,17.248
2020-08-21T11:00:00Z,17.284,17.475,14.709,6.877,17.206
2020-08-21T11:30:00Z,17.284,17.379,14.9,6.775,17.164
2020-08-21T12:00:00Z,17.189,17.379,15.091,6.775,17.13
2020-08-21T12:30:00Z,17.189,17.379,15.091,6.674,17.104
2020-08-21T13:00:00Z,17.189,17.379,15.187,6.877,17.079
2020-08-21T13:30:00Z,17.189,17.379,15.187,6.471,17.045
2020-08-21T14:00:00Z,17.189,17.284,15.378,6.471,17.002
2020-08-21T14:30:00Z,17.189,17.379,15.473,6.674,17.019
2020-08-21T15:00:00Z,17.189,17.379,14.996,6.877,17.045
2020-08-21T15:30:00Z,17.284,17.475,15.091,6.674,17.113
2020-08-21T16:00:00Z,17.379,17.57,15.282,6.775,17.13
2020-08-21T16:30:00Z,17.855,17.475,15.187,6.775,17.07
2020-08-21T17:00:00Z,17.855,17.57,15.282,6.877,17.036
2020-08-21T17:30:00Z,17.95,17.57,15.569,6.877,17.062
2020-08-21T18:00:00Z,18.14,17.665,14.996,6.877,17.138
2020-08-21T18:30:00Z,18.14,17.665,15.091,6.877,17.341
2020-08-21T19:00:00Z,18.426,17.95,15.378,6.978,17.434
2020-08-21T19:30:00Z,18.901,18.14,15.282,6.978,17.527
2020-08-21T20:00:00Z,18.521,18.14,15.282,6.877,17.57
2020-08-21T20:30:00Z,18.426,18.236,15.473,6.877,17.755
2020-08-21T21:00:00Z,18.521,18.331,14.709,6.978,17.806
2020-08-21T21:30:00Z,18.616,18.331,14.613,6.775,17.857
2020-08-21T22:00:00Z,18.711,18.426,15.282,6.775,17.966
2020-08-21T22:30:00Z,18.806,18.521,15.282,6.775,18.127
2020-08-21T23:00:00Z,18.806,18.236,15.187,6.877,18.186
2020-08-21T23:30:00Z,18.806,18.331,15.378,6.674,18.245
2020-08-22T00:00:00Z,18.996,18.616,15.091,6.674,18.236
2020-08-22T00:30:00Z,18.806,18.521,15.282,6.674,18.219
2020-08-22T01:00:00Z,18.616,18.426,15.282,6.978,18.236
2020-08-22T01:30:00Z,18.521,18.426,15.664,6.877,18.194
2020-08-22T02:00:00Z,18.616,17.95,15.282,6.877,18.362
2020-08-22T02:30:00Z,18.616,17.76,15.473,6.877,18.202
2020-08-22T03:00:00Z,18.521,17.76,15.76,6.775,18.118
2020-08-22T03:30:00Z,18.331,17.665,15.569,6.471,18.16
2020-08-22T04:00:00Z,18.236,17.57,15.664,6.775,18.042
2020-08-22T04:30:00Z,18.14,17.57,15.473,6.877,17.882
2020-08-22T05:00:00Z,18.045,17.57,15.664,6.573,17.916
2020-08-22T05:30:00Z,18.045,17.57,15.187,6.775,17.89
2020-08-22T06:00:00Z,17.95,17.665,14.709,6.573,17.823
2020-08-22T06:30:00Z,17.855,17.57,15.187,6.268,17.781
2020-08-22T07:00:00Z,17.76,17.665,15.473,6.674,17.705
2020-08-22T07:30:00Z,17.76,17.76,14.613,6.674,17.646
2020-08-22T08:00:00Z,17.665,17.855,14.038,6.877,17.603
2020-08-22T08:30:00Z,17.665,17.76,14.9,6.674,17.553
2020-08-22T09:00:00Z,17.57,17.76,14.613,6.674,17.536
2020-08-22T09:30:00Z,17.57,17.76,14.9,6.573,17.502
2020-08-22T10:00:00Z,17.57,17.76,14.709,6.674,17.451
2020-08-22T10:30:00Z,17.57,17.665,14.804,6.674,17.434
2020-08-22T11:00:00Z,17.57,17.665,14.996,6.775,17.401
2020-08-22T11:30:00Z,17.57,17.57,15.473,6.877,17.384
2020-08-22T12:00:00Z,17.475,17.57,15.282,6.775,17.333
2020-08-22T12:30:00Z,17.475,17.57,14.996,6.674,17.307
2020-08-22T13:00:00Z,17.475,17.57,15.378,6.674,17.274
2020-08-22T13:30:00Z,17.379,17.475,15.569,6.877,17.24
2020-08-22T14:00:00Z,17.379,17.57,15.282,7.079,17.206
2020-08-22T14:30:00Z,17.379,17.665,15.664,6.978,17.197
2020-08-22T15:00:00Z,17.57,17.665,15.569,6.877,17.197
2020-08-22T15:30:00Z,17.855,17.665,15.378,6.877,17.206
2020-08-22T16:00:00Z,17.855,17.76,15.091,6.877,17.24
2020-08-22T16:30:00Z,18.236,17.855,15.569,6.978,17.282
2020-08-22T17:00:00Z,18.045,17.855,15.282,6.775,17.333
2020-08-22T17:30:00Z,18.331,17.95,15.569,6.775,17.35
2020-08-22T18:00:00Z,18.14,17.95,15.664,6.573,17.426
2020-08-22T18:30:00Z,18.236,18.045,15.091,6.573,17.51
2020-08-22T19:00:00Z,17.95,17.95,14.996,6.37,17.494
2020-08-22T19:30:00Z,18.236,18.14,15.282,6.775,17.578
2020-08-22T20:00:00Z,18.236,18.14,15.091,6.877,17.646
2020-08-22T20:30:00Z,18.236,18.236,15.378,6.978,17.713
2020-08-22T21:00:00Z,18.14,18.331,15.187,6.877,17.755
2020-08-22T21:30:00Z,18.331,18.331,15.473,6.978,17.84
2020-08-22T22:00:00Z,18.14,18.426,15.282,6.978,17.907
2020-08-22T22:30:00Z,18.331,18.426,15.473,7.079,17.975
2020-08-22T23:00:00Z,18.331,18.426,15.187,6.978,18
2020-08-22T23:30:00Z,18.236,18.426,15.473,6.978,18.051
2020-08-23T00:00:00Z,18.806,18.426,15.569,7.079,18.059
2020-08-23T00:30:00Z,18.806,18.426,15.76,6.674,18.051
2020-08-23T01:00:00Z,18.236,18.426,16.141,7.079,18.051
2020-08-23T01:30:00Z,18.236,18.331,15.76,6.877,17.983
2020-08-23T02:00:00Z,18.236,18.236,16.046,6.674,17.958
2020-08-23T02:30:00Z,18.236,18.236,16.141,6.674,17.966
2020-08-23T03:00:00Z,18.14,18.236,15.473,6.775,17.992
2020-08-23T03:30:00Z,18.14,18.236,15.282,6.674,17.958
2020-08-23T04:00:00Z,18.045,18.14,15.187,6.775,17.899
2020-08-23T04:30:00Z,17.95,18.14,15.282,6.674,17.84
2020-08-23T05:00:00Z,17.855,18.045,15.091,6.674,17.789
2020-08-23T05:30:00Z,17.855,18.045,15.187,6.573,17.747
2020-08-23T06:00:00Z,17.855,17.95,15.187,6.471,17.705
2020-08-23T06:30:00Z,17.76,17.95,15.282,6.674,17.654
2020-08-23T07:00:00Z,17.76,17.855,15.664,6.775,17.629
2020-08-23T07:30:00Z,17.665,17.855,15.378,6.978,17.553
2020-08-23T08:00:00Z,17.57,17.76,15.569,6.775,17.519
2020-08-23T08:30:00Z,17.57,17.76,15.091,6.775,17.477
2020-08-23T09:00:00Z,17.475,17.665,15.091,6.775,17.443
2020-08-23T09:30:00Z,17.57,17.665,14.996,6.674,17.401
2020-08-23T10:00:00Z,17.475,17.665,15.473,6.775,17.375
2020-08-23T10:30:00Z,17.379,17.57,15.282,6.775,17.316
2020-08-23T11:00:00Z,17.379,17.57,15.473,6.674,17.274
2020-08-23T11:30:00Z,17.284,17.475,15.282,6.775,17.24
2020-08-23T12:00:00Z,17.379,17.475,15.187,6.775,17.197
2020-08-23T12:30:00Z,17.284,17.475,14.996,6.775,17.189
2020-08-23T13:00:00Z,17.284,17.379,15.091,6.775,17.147
2020-08-23T13:30:00Z,17.284,17.379,15.569,6.978,17.096
2020-08-23T14:00:00Z,17.189,17.379,15.473,6.674,17.087
2020-08-23T14:30:00Z,17.284,17.379,15.378,6.877,17.079
2020-08-23T15:00:00Z,17.284,17.475,15.473,6.978,17.087
2020-08-23T15:30:00Z,17.284,17.57,15.664,6.877,17.138
2020-08-23T16:00:00Z,17.475,17.665,15.664,6.775,17.189
2020-08-23T16:30:00Z,17.76,17.665,16.046,6.877,17.138
2020-08-23T17:00:00Z,17.76,17.665,16.141,6.775,17.155
2020-08-23T17:30:00Z,17.95,17.665,15.76,6.877,17.257
2020-08-23T18:00:00Z,18.14,17.76,15.664,6.978,17.324
2020-08-23T18:30:00Z,18.426,17.855,15.282,7.079,17.367
2020-08-23T19:00:00Z,18.426,17.95,15.378,6.978,17.426
2020-08-23T19:30:00Z,18.426,18.045,15.569,7.079,17.536
2020-08-23T20:00:00Z,18.426,18.045,15.664,7.079,17.646
2020-08-23T20:30:00Z,18.426,18.236,14.996,7.079,17.789
2020-08-23T21:00:00Z,18.426,18.331,15.187,6.978,17.848
2020-08-23T21:30:00Z,18.616,18.426,15.282,6.775,17.966
2020-08-23T22:00:00Z,18.616,18.426,14.9,6.978,18.017
2020-08-23T22:30:00Z,18.711,18.521,15.378,6.978,18.051
2020-08-23T23:00:00Z,18.806,18.521,15.282,6.978,18.118
2020-08-23T23:30:00Z,18.806,18.521,15.473,6.978,18.143
2020-08-24T00:00:00Z,18.521,18.521,15.473,6.978,18.16
2020-08-24T00:30:00Z,18.806,18.521,15.473,6.978,18.211
2020-08-24T01:00:00Z,18.711,18.521,15.664,6.775,18.169
2020-08-24T01:30:00Z,18.616,18.236,15.664,6.978,18.245
2020-08-24T02:00:00Z,18.806,17.76,15.76,6.978,18.295
2020-08-24T02:30:00Z,18.521,17.665,15.951,6.775,18.194
2020-08-24T03:00:00Z,18.426,17.76,15.951,6.877,18.051
2020-08-24T03:30:00Z,18.236,17.76,15.664,6.877,17.983
2020-08-24T04:00:00Z,18.14,17.665,15.951,6.978,18.017
2020-08-24T04:30:00Z,18.045,17.76,16.046,6.877,18
2020-08-24T05:00:00Z,18.045,17.76,15.855,6.775,17.907
2020-08-24T05:30:00Z,17.95,17.855,15.664,6.674,17.882
2020-08-24T06:00:00Z,17.855,17.76,15.76,6.775,17.806
2020-08-24T06:30:00Z,17.855,17.76,15.378,6.674,17.747
2020-08-24T07:00:00Z,17.76,17.95,15.569,6.775,17.688
2020-08-24T07:30:00Z,17.76,17.95,15.76,6.877,17.646
2020-08-24T08:00:00Z,17.76,17.855,15.76,6.674,17.612
2020-08-24T08:30:00Z,17.665,17.855,15.378,6.674,17.561
2020-08-24T09:00:00Z,17.57,17.76,15.378,6.674,17.536
2020-08-24T09:30:00Z,17.57,17.76,14.9,6.674,17.51
2020-08-24T10:00:00Z,17.57,17.76,14.9,6.674,17.46
2020-08-24T10:30:00Z,17.57,17.665,15.091,6.877,17.417
2020-08-24T11:00:00Z,17.57,17.665,15.282,6.877,17.409
2020-08-24T11:30:00Z,17.475,17.665,15.569,6.877,17.367
2020-08-24T12:00:00Z,17.475,17.665,15.473,6.674,17.367
2020-08-24T12:30:00Z,17.475,17.57,15.473,6.877,17.333
2020-08-24T13:00:00Z,17.475,17.57,15.378,6.978,17.299
2020-08-24T13:30:00Z,17.379,17.57,15.664,7.079,17.257
2020-08-24T14:00:00Z,17.475,17.57,15.855,6.978,17.248
2020-08-24T14:30:00Z,17.475,17.57,15.76,6.877,17.265
2020-08-24T15:00:00Z,17.475,17.665,15.76,6.877,17.265
2020-08-24T15:30:00Z,17.57,17.665,15.76,6.877,17.341
2020-08-24T16:00:00Z,17.665,17.76,16.141,6.978,17.384
2020-08-24T16:30:00Z,17.95,17.76,16.046,6.978,17.375
2020-08-24T17:00:00Z,18.521,17.76,15.951,6.775,17.358
2020-08-24T17:30:00Z,18.236,17.855,15.855,6.674,17.333
2020-08-24T18:00:00Z,18.236,17.855,15.855,6.674,17.451
2020-08-24T18:30:00Z,18.236,17.855,15.76,6.775,17.519
2020-08-24T19:00:00Z,18.236,17.855,15.378,6.775,17.536
2020-08-24T19:30:00Z,18.045,18.045,15.378,6.674,17.654
2020-08-24T20:00:00Z,18.045,18.14,15.664,6.877,17.73
2020-08-24T20:30:00Z,18.045,18.14,15.378,7.179,17.739
2020-08-24T21:00:00Z,18.236,18.14,15.664,6.978,17.755
2020-08-24T21:30:00Z,18.045,18.14,15.569,6.877,17.755
2020-08-24T22:00:00Z,17.95,18.14,15.569,6.775,17.739
2020-08-24T22:30:00Z,17.855,18.045,15.187,6.775,17.722
2020-08-24T23:00:00Z,17.855,17.95,15.378,6.877,17.679
2020-08-24T23:30:00Z,17.95,17.95,14.9,6.775,17.696
2020-08-25T00:00:00Z,17.95,17.95,15.187,6.978,17.739
2020-08-25T00:30:00Z,17.855,17.855,15.187,6.978,17.722
2020-08-25T01:00:00Z,17.855,17.76,15.282,6.877,17.679
2020-08-25T01:30:00Z,17.855,17.855,15.091,6.877,17.654
2020-08-25T02:00:00Z,17.665,17.95,15.569,6.978,17.62
2020-08-25T02:30:00Z,17.76,17.855,15.855,6.978,17.595
2020-08-25T03:00:00Z,17.76,17.855,15.855,6.775,17.57
2020-08-25T03:30:00Z,17.665,17.855,15.951,6.877,17.553
2020-08-25T04:00:00Z,17.665,17.76,15.664,6.775,17.519
2020-08-25T04:30:00Z,17.57,17.76,15.664,6.877,17.494
2020-08-25T05:00:00Z,17.57,17.665,15.951,6.775,17.443
2020-08-25T05:30:00Z,17.57,17.665,15.664,6.978,17.443
2020-08-25T06:00:00Z,17.475,17.665,15.664,6.978,17.375
2020-08-25T06:30:00Z,17.475,17.665,15.282,6.978,17.341
2020-08-25T07:00:00Z,17.379,17.57,15.473,6.674,17.316
2020-08-25T07:30:00Z,17.379,17.57,15.091,6.978,17.274
2020-08-25T08:00:00Z,17.379,17.57,15.187,6.877,17.248
2020-08-25T08:30:00Z,17.284,17.475,15.473,6.775,17.206
2020-08-25T09:00:00Z,17.284,17.475,15.569,6.674,17.197
2020-08-25T09:30:00Z,17.284,17.475,15.951,6.674,17.164
2020-08-25T10:00:00Z,17.189,17.379,15.569,6.674,17.147
2020-08-25T10:30:00Z,17.284,17.379,15.569,6.674,17.096
2020-08-25T11:00:00Z,17.189,17.379,15.473,6.775,17.079
2020-08-25T11:30:00Z,17.189,17.284,15.473,6.674,17.053
2020-08-25T12:00:00Z,17.094,17.284,15.378,6.877,17.019
2020-08-25T12:30:00Z,17.094,17.284,15.473,6.775,16.986
2020-08-25T13:00:00Z,17.094,17.189,15.76,6.877,16.96
2020-08-25T13:30:00Z,16.999,17.189,15.855,6.978,16.935
2020-08-25T14:00:00Z,17.094,17.189,15.664,7.179,16.935
2020-08-25T14:30:00Z,17.094,17.284,15.855,6.978,16.918
2020-08-25T15:00:00Z,17.094,17.284,15.76,6.978,16.926
2020-08-25T15:30:00Z,17.094,17.379,15.569,6.978,16.943
2020-08-25T16:00:00Z,17.094,17.379,15.951,7.079,16.969
2020-08-25T16:30:00Z,17.284,17.57,15.951,7.079,16.952
2020-08-25T17:00:00Z,17.475,17.57,15.951,7.179,16.986
2020-08-25T17:30:00Z,17.665,17.57,15.951,6.978,16.952
2020-08-25T18:00:00Z,18.045,17.57,16.237,6.775,17.011
2020-08-25T18:30:00Z,17.665,17.379,16.332,6.775,16.994
2020-08-25T19:00:00Z,17.665,17.379,16.332,6.877,17.019
2020-08-25T19:30:00Z,17.57,17.475,16.046,6.877,17.045
2020-08-25T20:00:00Z,17.57,17.475,15.951,6.877,17.197
2020-08-25T20:30:00Z,17.57,17.379,15.378,6.877,17.274
2020-08-25T21:00:00Z,17.475,17.379,15.664,6.877,17.291
2020-08-25T21:30:00Z,17.475,17.284,15.378,6.978,17.307
2020-08-25T22:00:00Z,17.665,17.475,15.378,6.775,17.299
2020-08-25T22:30:00Z,17.57,17.475,15.76,6.775,17.341
2020-08-25T23:00:00Z,17.475,17.379,15.76,6.775,17.333
2020-08-25T23:30:00Z,17.57,17.379,15.569,6.877,17.291
2020-08-26T00:00:00Z,17.475,17.379,15.855,6.877,17.274
2020-08-26T00:30:00Z,17.475,17.379,16.332,6.877,17.248
2020-08-26T01:00:00Z,17.475,17.379,15.855,6.877,17.231
