7450-585180
OS REV: 1.04 Sensor Cal: 1557947487
Time (sec),  BV (Volts),  T (deg C),  DO (mg/l),  Q ()
1599449100,+3.50,+15.811, +7.516,+0.909
1599449700,+3.50,+15.828, +7.502,+0.909
1599450300,+3.50,+15.776, +7.505,+0.909
1599450900,+3.50,+15.751, +7.510,+0.909
1599451500,+3.50,+15.768, +7.511,+0.909
1599452100,+3.50,+15.768, +7.505,+0.909
1599452700,+3.50,+15.725, +7.505,+0.909
1599453300,+3.50,+15.699, +7.513,+0.909
1599453900,+3.50,+15.708, +7.509,+0.909
1599454500,+3.50,+15.708, +7.501,+0.909
1599455100,+3.50,+15.699, +7.505,+0.909
1599455700,+3.49,+15.674, +7.514,+0.910
1599456300,+3.49,+15.674, +7.499,+0.909
1599456900,+3.49,+15.657, +7.504,+0.909
1599457500,+3.49,+15.648, +7.507,+0.909
1599458100,+3.49,+15.631, +7.501,+0.909
1599458700,+3.49,+15.614, +7.502,+0.909
1599459300,+3.49,+15.605, +7.505,+0.909
1599459900,+3.49,+15.562, +7.493,+0.909
1599460500,+3.49,+15.537, +7.506,+0.909
1599461100,+3.49,+15.537, +7.497,+0.909
1599461700,+3.49,+15.528, +7.493,+0.909
1599462300,+3.49,+15.520, +7.492,+0.909
1599462900,+3.49,+15.502, +7.503,+0.909
1599463500,+3.49,+15.502, +7.497,+0.909
1599464100,+3.49,+15.511, +7.497,+0.909
1599464700,+3.49,+15.520, +7.495,+0.909
1599465300,+3.49,+15.485, +7.498,+0.909
1599465900,+3.49,+15.502, +7.493,+0.909
1599466500,+3.49,+15.520, +7.495,+0.909
1599467100,+3.49,+15.520, +7.487,+0.909
1599467700,+3.50,+15.502, +7.499,+0.909
1599468300,+3.49,+15.511, +7.485,+0.909
1599468900,+3.49,+15.502, +7.489,+0.909
1599469500,+3.49,+15.520, +7.488,+0.909
1599470100,+3.49,+15.511, +7.484,+0.909
1599470700,+3.49,+15.502, +7.477,+0.909
1599471300,+3.49,+15.485, +7.489,+0.909
1599471900,+3.49,+15.477, +7.487,+0.909
1599472500,+3.49,+15.468, +7.486,+0.909
1599473100,+3.49,+15.460, +7.485,+0.909
1599473700,+3.49,+15.451, +7.481,+0.909
1599474300,+3.49,+15.451, +7.485,+0.909
1599474900,+3.49,+15.425, +7.483,+0.909
1599475500,+3.50,+15.434, +7.482,+0.909
1599476100,+3.49,+15.434, +7.479,+0.909
1599476700,+3.50,+15.408, +7.480,+0.909
1599477300,+3.50,+15.408, +7.473,+0.909
1599477900,+3.49,+15.365, +7.484,+0.909
1599478500,+3.49,+15.382, +7.482,+0.909
1599479100,+3.50,+15.357, +7.483,+0.909
1599479700,+3.50,+15.322, +7.491,+0.909
1599480300,+3.50,+15.305, +7.487,+0.909
1599480900,+3.50,+15.297, +7.487,+0.909
1599481500,+3.50,+15.288, +7.492,+0.909
1599482100,+3.50,+15.271, +7.488,+0.909
1599482700,+3.50,+15.288, +7.479,+0.909
1599483300,+3.50,+15.262, +7.484,+0.909
1599483900,+3.50,+15.254, +7.485,+0.909
1599484500,+3.50,+15.236, +7.481,+0.909
1599485100,+3.50,+15.236, +7.493,+0.909
1599485700,+3.50,+15.228, +7.480,+0.908
1599486300,+3.50,+15.219, +7.488,+0.909
1599486900,+3.50,+15.193, +7.489,+0.909
1599487500,+3.50,+15.202, +7.480,+0.909
1599488100,+3.50,+15.193, +7.491,+0.910
1599488700,+3.50,+15.193, +7.491,+0.910
1599489300,+3.50,+15.176, +7.489,+0.909
1599489900,+3.50,+15.168, +7.485,+0.909
1599490500,+3.50,+15.133, +7.487,+0.909
1599491100,+3.50,+15.125, +7.485,+0.909
1599491700,+3.50,+15.090, +7.488,+0.909
1599492300,+3.50,+15.099, +7.493,+0.909
1599492900,+3.50,+15.082, +7.491,+0.909
1599493500,+3.50,+15.047, +7.486,+0.909
1599494100,+3.50,+15.013, +7.502,+0.909
1599494700,+3.50,+14.987, +7.504,+0.909
1599495300,+3.50,+14.996, +7.510,+0.909
1599495900,+3.50,+15.004, +7.505,+0.909
1599496500,+3.50,+14.970, +7.496,+0.909
1599497100,+3.50,+14.935, +7.517,+0.910
1599497700,+3.50,+14.961, +7.508,+0.909
1599498300,+3.50,+14.901, +7.506,+0.909
1599498900,+3.50,+14.892, +7.510,+0.909
1599499500,+3.50,+14.841, +7.505,+0.909
1599500100,+3.50,+14.858, +7.499,+0.909
1599500700,+3.50,+14.832, +7.499,+0.909
1599501300,+3.50,+14.815, +7.508,+0.909
1599501900,+3.50,+14.823, +7.505,+0.909
1599502500,+3.50,+14.806, +7.510,+0.909
1599503100,+3.50,+14.780, +7.515,+0.909
1599503700,+3.50,+14.789, +7.522,+0.909
1599504300,+3.50,+14.780, +7.519,+0.909
1599504900,+3.50,+14.763, +7.515,+0.909
1599505500,+3.50,+14.754, +7.522,+0.909
1599506100,+3.50,+14.720, +7.516,+0.909
1599506700,+3.50,+14.685, +7.516,+0.909
1599507300,+3.50,+14.694, +7.500,+0.908
1599507900,+3.50,+14.685, +7.512,+0.909
1599508500,+3.50,+14.659, +7.515,+0.909
1599509100,+3.50,+14.625, +7.525,+0.909
1599509700,+3.50,+14.633, +7.531,+0.909
1599510300,+3.50,+14.616, +7.536,+0.909
1599510900,+3.50,+14.608, +7.541,+0.909
1599511500,+3.50,+14.599, +7.545,+0.909
1599512100,+3.49,+14.547, +7.544,+0.909
1599512700,+3.49,+14.564, +7.545,+0.909
1599513300,+3.49,+14.573, +7.542,+0.909
1599513900,+3.49,+14.547, +7.555,+0.909
1599514500,+3.49,+14.530, +7.563,+0.909
1599515100,+3.49,+14.504, +7.548,+0.908
1599515700,+3.49,+14.521, +7.553,+0.909
1599516300,+3.49,+14.504, +7.559,+0.909
1599516900,+3.49,+14.478, +7.558,+0.909
1599517500,+3.49,+14.478, +7.548,+0.908
1599518100,+3.49,+14.478, +7.569,+0.909
1599518700,+3.49,+14.469, +7.564,+0.908
1599519300,+3.49,+14.461, +7.568,+0.909
1599519900,+3.49,+14.461, +7.572,+0.909
1599520500,+3.49,+14.461, +7.569,+0.909
1599521100,+3.49,+14.461, +7.569,+0.909
1599521700,+3.49,+14.469, +7.568,+0.909
1599522300,+3.49,+14.435, +7.567,+0.909
1599522900,+3.49,+14.452, +7.563,+0.909
1599523500,+3.49,+14.417, +7.573,+0.909
1599524100,+3.49,+14.461, +7.563,+0.909
1599524700,+3.49,+14.417, +7.577,+0.909
1599525300,+3.49,+14.409, +7.580,+0.909
1599525900,+3.49,+14.374, +7.582,+0.909
1599526500,+3.49,+14.365, +7.583,+0.909
1599527100,+3.49,+14.357, +7.579,+0.909
1599527700,+3.49,+14.322, +7.595,+0.909
1599528300,+3.49,+14.305, +7.608,+0.909
1599528900,+3.50,+14.313, +7.618,+0.909
1599529500,+3.50,+14.296, +7.605,+0.909
1599530100,+3.50,+14.244, +7.614,+0.909
1599530700,+3.50,+14.209, +7.612,+0.909
1599531300,+3.50,+14.201, +7.647,+0.909
1599531900,+3.50,+14.183, +7.619,+0.909
1599532500,+3.50,+14.131, +7.608,+0.909
1599533100,+3.50,+14.149, +7.602,+0.909
1599533700,+3.50,+14.123, +7.612,+0.909
1599534300,+3.50,+14.131, +7.619,+0.909
1599534900,+3.50,+14.105, +7.613,+0.909
1599535500,+3.50,+14.079, +7.604,+0.909
