7450-585180
OS REV: 1.04 Sensor Cal: 1557947487
Time (sec),  BV (Volts),  T (deg C),  DO (mg/l),  Q ()
1598927100,+3.50,+15.631, +7.415,+0.909
1598927700,+3.50,+15.622, +7.424,+0.909
1598928300,+3.50,+15.597, +7.419,+0.909
1598928900,+3.50,+15.580, +7.434,+0.909
1598929500,+3.50,+15.580, +7.423,+0.909
1598930100,+3.50,+15.554, +7.418,+0.909
1598930700,+3.50,+15.562, +7.425,+0.909
1598931300,+3.50,+15.554, +7.413,+0.909
1598931900,+3.50,+15.545, +7.417,+0.909
1598932500,+3.50,+15.554, +7.415,+0.909
1598933100,+3.50,+15.545, +7.427,+0.909
1598933700,+3.50,+15.528, +7.424,+0.909
1598934300,+3.50,+15.511, +7.412,+0.909
1598934900,+3.50,+15.485, +7.421,+0.909
1598935500,+3.50,+15.468, +7.420,+0.909
1598936100,+3.50,+15.460, +7.424,+0.909
1598936700,+3.50,+15.468, +7.427,+0.909
1598937300,+3.50,+15.460, +7.428,+0.909
1598937900,+3.50,+15.442, +7.428,+0.909
1598938500,+3.50,+15.434, +7.427,+0.908
1598939100,+3.50,+15.451, +7.429,+0.909
1598939700,+3.50,+15.460, +7.417,+0.909
1598940300,+3.50,+15.434, +7.432,+0.909
1598940900,+3.50,+15.417, +7.430,+0.909
1598941500,+3.50,+15.408, +7.431,+0.909
1598942100,+3.50,+15.408, +7.423,+0.909
1598942700,+3.50,+15.391, +7.435,+0.909
1598943300,+3.50,+15.365, +7.449,+0.909
1598943900,+3.50,+15.391, +7.442,+0.909
1598944500,+3.50,+15.339, +7.447,+0.909
1598945100,+3.50,+15.331, +7.449,+0.909
1598945700,+3.50,+15.322, +7.449,+0.909
1598946300,+3.50,+15.331, +7.453,+0.909
1598946900,+3.50,+15.322, +7.445,+0.908
1598947500,+3.50,+15.314, +7.454,+0.909
1598948100,+3.50,+15.297, +7.456,+0.909
1598948700,+3.50,+15.288, +7.462,+0.909
1598949300,+3.50,+15.297, +7.452,+0.909
1598949900,+3.50,+15.262, +7.455,+0.909
1598950500,+3.50,+15.262, +7.462,+0.909
1598951100,+3.50,+15.245, +7.452,+0.909
1598951700,+3.50,+15.245, +7.462,+0.909
1598952300,+3.50,+15.271, +7.452,+0.909
1598952900,+3.50,+15.219, +7.468,+0.909
1598953500,+3.50,+15.211, +7.471,+0.909
1598954100,+3.50,+15.219, +7.471,+0.909
1598954700,+3.50,+15.211, +7.472,+0.909
1598955300,+3.50,+15.185, +7.457,+0.908
1598955900,+3.50,+15.193, +7.466,+0.909
1598956500,+3.50,+15.151, +7.468,+0.909
1598957100,+3.50,+15.151, +7.473,+0.909
1598957700,+3.50,+15.142, +7.465,+0.909
1598958300,+3.50,+15.159, +7.481,+0.909
1598958900,+3.50,+15.142, +7.466,+0.909
1598959500,+3.50,+15.133, +7.472,+0.909
1598960100,+3.50,+15.151, +7.458,+0.909
1598960700,+3.50,+15.133, +7.459,+0.909
1598961300,+3.50,+15.116, +7.463,+0.909
1598961900,+3.50,+15.116, +7.465,+0.909
1598962500,+3.50,+15.116, +7.462,+0.909
1598963100,+3.50,+15.099, +7.463,+0.909
1598963700,+3.50,+15.125, +7.461,+0.909
1598964300,+3.50,+15.116, +7.457,+0.909
1598964900,+3.50,+15.073, +7.469,+0.909
1598965500,+3.50,+15.082, +7.464,+0.909
1598966100,+3.50,+15.108, +7.461,+0.909
1598966700,+3.50,+15.073, +7.464,+0.909
1598967300,+3.50,+15.099, +7.460,+0.909
1598967900,+3.50,+15.073, +7.472,+0.909
1598968500,+3.50,+15.082, +7.468,+0.909
1598969100,+3.50,+15.064, +7.463,+0.909
1598969700,+3.50,+15.082, +7.459,+0.909
1598970300,+3.50,+15.056, +7.461,+0.908
1598970900,+3.50,+15.039, +7.462,+0.909
1598971500,+3.50,+15.013, +7.473,+0.909
1598972100,+3.50,+15.056, +7.462,+0.909
1598972700,+3.50,+15.021, +7.463,+0.909
1598973300,+3.50,+14.978, +7.466,+0.909
1598973900,+3.50,+14.978, +7.461,+0.908
1598974500,+3.50,+14.961, +7.469,+0.909
1598975100,+3.50,+14.961, +7.465,+0.909
1598975700,+3.50,+14.944, +7.476,+0.909
1598976300,+3.50,+14.961, +7.476,+0.909
1598976900,+3.50,+14.961, +7.475,+0.909
1598977500,+3.50,+14.953, +7.464,+0.909
1598978100,+3.50,+14.935, +7.473,+0.909
1598978700,+3.50,+14.978, +7.463,+0.909
1598979300,+3.50,+14.987, +7.463,+0.908
1598979900,+3.50,+15.030, +7.465,+0.909
1598980500,+3.50,+15.056, +7.464,+0.908
1598981100,+3.50,+15.082, +7.459,+0.908
1598981700,+3.50,+15.090, +7.458,+0.908
1598982300,+3.50,+15.142, +7.465,+0.909
1598982900,+3.50,+15.125, +7.479,+0.908
1598983500,+3.50,+15.151, +7.479,+0.908
1598984100,+3.50,+15.185, +7.478,+0.908
1598984700,+3.50,+15.211, +7.487,+0.908
1598985300,+3.50,+15.211, +7.494,+0.908
1598985900,+3.50,+15.228, +7.474,+0.908
1598986500,+3.50,+15.228, +7.466,+0.908
1598987100,+3.50,+15.202, +7.481,+0.908
1598987700,+3.50,+15.211, +7.467,+0.908
1598988300,+3.50,+15.245, +7.465,+0.908
1598988900,+3.50,+15.211, +7.479,+0.908
1598989500,+3.50,+15.202, +7.483,+0.908
1598990100,+3.50,+15.254, +7.470,+0.908
1598990700,+3.50,+15.236, +7.481,+0.908
1598991300,+3.50,+15.254, +7.479,+0.908
1598991900,+3.50,+15.245, +7.479,+0.908
1598992500,+3.50,+15.211, +7.494,+0.909
1598993100,+3.50,+15.202, +7.486,+0.909
1598993700,+3.50,+15.202, +7.506,+0.909
1598994300,+3.50,+15.228, +7.486,+0.908
1598994900,+3.50,+15.254, +7.485,+0.909
1598995500,+3.50,+15.219, +7.494,+0.909
1598996100,+3.50,+15.262, +7.477,+0.908
1598996700,+3.50,+15.254, +7.480,+0.908
1598997300,+3.50,+15.262, +7.488,+0.909
1598997900,+3.50,+15.236, +7.488,+0.909
1598998500,+3.50,+15.228, +7.492,+0.909
1598999100,+3.50,+15.219, +7.494,+0.909
1598999700,+3.50,+15.236, +7.488,+0.909
1599000300,+3.50,+15.254, +7.486,+0.909
1599000900,+3.50,+15.245, +7.491,+0.909
1599001500,+3.50,+15.245, +7.493,+0.909
1599002100,+3.50,+15.271, +7.489,+0.909
1599002700,+3.50,+15.245, +7.494,+0.909
1599003300,+3.50,+15.254, +7.487,+0.909
1599003900,+3.50,+15.245, +7.501,+0.909
1599004500,+3.50,+15.288, +7.487,+0.909
1599005100,+3.50,+15.297, +7.488,+0.909
1599005700,+3.50,+15.305, +7.492,+0.909
1599006300,+3.50,+15.271, +7.502,+0.909
1599006900,+3.50,+15.279, +7.497,+0.908
1599007500,+3.50,+15.279, +7.501,+0.909
1599008100,+3.50,+15.297, +7.493,+0.909
1599008700,+3.50,+15.279, +7.495,+0.909
1599009300,+3.50,+15.254, +7.502,+0.909
1599009900,+3.50,+15.245, +7.501,+0.909
1599010500,+3.50,+15.228, +7.495,+0.909
1599011100,+3.50,+15.219, +7.507,+0.909
1599011700,+3.50,+15.219, +7.505,+0.909
1599012300,+3.50,+15.211, +7.496,+0.909
1599012900,+3.50,+15.211, +7.502,+0.909
1599013500,+3.50,+15.193, +7.503,+0.909
