7450-585180
OS REV: 1.04 Sensor Cal: 1557947487
Time (sec),  BV (Volts),  T (deg C),  DO (mg/l),  Q ()
1595203380,+3.50,+16.220, +7.666,+0.913
1595203980,+3.50,+16.255, +7.672,+0.913
1595204580,+3.49,+16.272, +7.669,+0.913
1595205180,+3.49,+16.297, +7.657,+0.913
1595205780,+3.49,+16.323, +7.658,+0.913
1595206380,+3.49,+16.314, +7.669,+0.913
1595206980,+3.49,+16.306, +7.669,+0.913
1595207580,+3.50,+16.323, +7.664,+0.913
1595208180,+3.50,+16.297, +7.669,+0.913
1595208780,+3.50,+16.331, +7.668,+0.913
1595209380,+3.49,+16.323, +7.665,+0.913
1595209980,+3.49,+16.297, +7.661,+0.913
1595210580,+3.50,+16.280, +7.657,+0.913
1595211180,+3.50,+16.289, +7.656,+0.913
1595211780,+3.50,+16.289, +7.664,+0.913
1595212380,+3.50,+16.272, +7.674,+0.913
1595212980,+3.50,+16.289, +7.666,+0.913
1595213580,+3.50,+16.263, +7.675,+0.913
1595214180,+3.50,+16.280, +7.655,+0.913
1595214780,+3.50,+16.263, +7.654,+0.913
1595215380,+3.50,+16.237, +7.666,+0.913
1595215980,+3.50,+16.255, +7.652,+0.913
1595216580,+3.50,+16.263, +7.651,+0.913
1595217180,+3.50,+16.255, +7.642,+0.913
1595217780,+3.50,+16.255, +7.635,+0.913
1595218380,+3.50,+16.246, +7.630,+0.912
1595218980,+3.50,+16.237, +7.638,+0.913
1595219580,+3.50,+16.229, +7.630,+0.913
1595220180,+3.50,+16.203, +7.637,+0.913
1595220780,+3.50,+16.212, +7.636,+0.913
1595221380,+3.50,+16.178, +7.646,+0.913
1595221980,+3.50,+16.186, +7.635,+0.913
1595222580,+3.50,+16.144, +7.647,+0.913
1595223180,+3.50,+16.135, +7.637,+0.913
1595223780,+3.50,+16.101, +7.638,+0.913
1595224380,+3.50,+16.118, +7.640,+0.913
1595224980,+3.50,+16.092, +7.636,+0.913
1595225580,+3.50,+16.075, +7.638,+0.913
1595226180,+3.50,+16.050, +7.639,+0.913
1595226780,+3.50,+16.041, +7.632,+0.913
1595227380,+3.50,+15.990, +7.654,+0.913
1595227980,+3.50,+15.999, +7.646,+0.913
1595228580,+3.50,+15.964, +7.643,+0.913
1595229180,+3.50,+15.930, +7.656,+0.913
1595229780,+3.50,+15.913, +7.642,+0.913
1595230380,+3.50,+15.913, +7.639,+0.913
1595230980,+3.50,+15.888, +7.642,+0.913
1595231580,+3.50,+15.888, +7.638,+0.913
1595232180,+3.50,+15.845, +7.639,+0.913
1595232780,+3.50,+15.836, +7.642,+0.913
1595233380,+3.50,+15.811, +7.650,+0.913
1595233980,+3.50,+15.794, +7.648,+0.913
1595234580,+3.50,+15.794, +7.649,+0.914
1595235180,+3.50,+15.759, +7.637,+0.913
1595235780,+3.50,+15.725, +7.654,+0.913
1595236380,+3.50,+15.725, +7.646,+0.913
1595236980,+3.50,+15.708, +7.661,+0.913
1595237580,+3.49,+15.699, +7.661,+0.913
1595238180,+3.49,+15.682, +7.658,+0.913
1595238780,+3.49,+15.674, +7.639,+0.913
1595239380,+3.49,+15.665, +7.628,+0.912
1595239980,+3.49,+15.631, +7.639,+0.913
1595240580,+3.49,+15.631, +7.648,+0.913
1595241180,+3.49,+15.605, +7.645,+0.913
1595241780,+3.49,+15.614, +7.635,+0.913
1595242380,+3.49,+15.597, +7.638,+0.913
1595242980,+3.49,+15.571, +7.636,+0.913
1595243580,+3.49,+15.571, +7.643,+0.913
1595244180,+3.49,+15.511, +7.655,+0.913
1595244780,+3.49,+15.528, +7.646,+0.913
1595245380,+3.49,+15.520, +7.654,+0.913
1595245980,+3.50,+15.494, +7.663,+0.913
1595246580,+3.49,+15.468, +7.658,+0.913
1595247180,+3.49,+15.477, +7.666,+0.913
1595247780,+3.49,+15.451, +7.655,+0.913
1595248380,+3.50,+15.451, +7.653,+0.913
1595248980,+3.49,+15.460, +7.641,+0.912
1595249580,+3.50,+15.408, +7.651,+0.913
1595250180,+3.50,+15.434, +7.643,+0.913
1595250780,+3.50,+15.374, +7.656,+0.913
1595251380,+3.50,+15.357, +7.665,+0.913
1595251980,+3.50,+15.348, +7.667,+0.913
1595252580,+3.50,+15.348, +7.666,+0.913
1595253180,+3.50,+15.322, +7.669,+0.913
1595253780,+3.50,+15.322, +7.661,+0.913
1595254380,+3.50,+15.322, +7.670,+0.913
1595254980,+3.50,+15.331, +7.667,+0.913
1595255580,+3.50,+15.339, +7.668,+0.913
1595256180,+3.50,+15.357, +7.667,+0.913
1595256780,+3.50,+15.357, +7.674,+0.913
1595257380,+3.50,+15.374, +7.667,+0.913
1595257980,+3.50,+15.400, +7.658,+0.913
1595258580,+3.50,+15.425, +7.659,+0.913
1595259180,+3.49,+15.417, +7.656,+0.913
1595259780,+3.49,+15.434, +7.657,+0.913
1595260380,+3.49,+15.460, +7.657,+0.913
1595260980,+3.49,+15.425, +7.658,+0.912
1595261580,+3.49,+15.442, +7.669,+0.913
1595262180,+3.49,+15.442, +7.674,+0.913
1595262780,+3.50,+15.468, +7.670,+0.913
1595263380,+3.49,+15.485, +7.665,+0.912
1595263980,+3.50,+15.468, +7.675,+0.912
1595264580,+3.49,+15.468, +7.672,+0.912
1595265180,+3.50,+15.417, +7.738,+0.912
1595265780,+3.50,+15.425, +7.780,+0.912
1595266380,+3.50,+15.468, +7.754,+0.913
1595266980,+3.49,+15.494, +7.679,+0.913
1595267580,+3.49,+15.545, +7.679,+0.912
1595268180,+3.49,+15.674, +7.651,+0.913
1595268780,+3.50,+15.776, +7.634,+0.912
1595269380,+3.50,+15.913, +7.630,+0.912
1595269980,+3.50,+15.999, +7.623,+0.913
1595270580,+3.50,+16.041, +7.617,+0.912
1595271180,+3.50,+16.084, +7.622,+0.913
1595271780,+3.50,+16.161, +7.614,+0.913
1595272380,+3.50,+16.237, +7.610,+0.912
1595272980,+3.50,+16.280, +7.618,+0.913
1595273580,+3.50,+16.365, +7.614,+0.912
1595274180,+3.50,+16.425, +7.614,+0.913
1595274780,+3.49,+16.493, +7.603,+0.912
1595275380,+3.49,+16.535, +7.617,+0.913
1595275980,+3.49,+16.586, +7.609,+0.913
1595276580,+3.49,+16.595, +7.610,+0.913
1595277180,+3.49,+16.637, +7.608,+0.912
1595277780,+3.49,+16.705, +7.609,+0.913
1595278380,+3.49,+16.569, +7.614,+0.913
1595278980,+3.49,+16.603, +7.613,+0.913
1595279580,+3.49,+16.552, +7.622,+0.912
1595280180,+3.49,+16.620, +7.630,+0.913
1595280780,+3.49,+16.705, +7.627,+0.913
1595281380,+3.49,+16.765, +7.621,+0.913
1595281980,+3.50,+16.790, +7.623,+0.913
1595282580,+3.50,+16.790, +7.625,+0.913
1595283180,+3.50,+16.884, +7.626,+0.914
1595283780,+3.50,+17.002, +7.599,+0.913
1595284380,+3.50,+17.028, +7.620,+0.913
1595284980,+3.50,+17.189, +7.568,+0.913
1595285580,+3.50,+17.282, +7.579,+0.913
1595286180,+3.50,+17.341, +7.574,+0.913
1595286780,+3.50,+17.324, +7.589,+0.913
1595287380,+3.50,+17.333, +7.577,+0.913
1595287980,+3.50,+17.358, +7.572,+0.913
1595288580,+3.50,+17.324, +7.580,+0.913
1595289180,+3.50,+17.384, +7.565,+0.912
1595289780,+3.50,+17.384, +7.575,+0.913
