7450-585180
OS REV: 1.04 Sensor Cal: 1557947487
Time (sec),  BV (Volts),  T (deg C),  DO (mg/l),  Q ()
1599101100,+3.50,+15.064, +7.553,+0.909
1599101700,+3.50,+15.030, +7.559,+0.909
1599102300,+3.50,+15.047, +7.550,+0.909
1599102900,+3.50,+15.021, +7.544,+0.909
1599103500,+3.50,+15.030, +7.554,+0.909
1599104100,+3.50,+15.039, +7.541,+0.909
1599104700,+3.50,+15.030, +7.547,+0.909
1599105300,+3.50,+15.039, +7.542,+0.909
1599105900,+3.50,+15.013, +7.547,+0.909
1599106500,+3.50,+15.013, +7.539,+0.909
1599107100,+3.50,+15.004, +7.542,+0.909
1599107700,+3.50,+14.996, +7.549,+0.909
1599108300,+3.50,+15.013, +7.542,+0.909
1599108900,+3.50,+14.987, +7.551,+0.909
1599109500,+3.50,+14.987, +7.555,+0.909
1599110100,+3.50,+14.996, +7.548,+0.909
1599110700,+3.50,+14.978, +7.552,+0.909
1599111300,+3.50,+14.970, +7.551,+0.909
1599111900,+3.50,+14.935, +7.553,+0.909
1599112500,+3.50,+14.944, +7.544,+0.909
1599113100,+3.50,+14.953, +7.555,+0.909
1599113700,+3.50,+14.944, +7.551,+0.909
1599114300,+3.50,+14.935, +7.546,+0.909
1599114900,+3.50,+14.918, +7.552,+0.909
1599115500,+3.50,+14.918, +7.553,+0.909
1599116100,+3.50,+14.910, +7.546,+0.909
1599116700,+3.50,+14.910, +7.545,+0.909
1599117300,+3.50,+14.901, +7.549,+0.909
1599117900,+3.50,+14.910, +7.546,+0.909
1599118500,+3.50,+14.884, +7.551,+0.909
1599119100,+3.50,+14.892, +7.540,+0.909
1599119700,+3.50,+14.910, +7.531,+0.909
1599120300,+3.50,+14.875, +7.543,+0.909
1599120900,+3.50,+14.884, +7.532,+0.908
1599121500,+3.50,+14.875, +7.545,+0.909
1599122100,+3.50,+14.875, +7.553,+0.909
1599122700,+3.50,+14.849, +7.554,+0.909
1599123300,+3.50,+14.832, +7.560,+0.909
1599123900,+3.50,+14.849, +7.545,+0.909
1599124500,+3.50,+14.815, +7.548,+0.909
1599125100,+3.50,+14.815, +7.544,+0.909
1599125700,+3.50,+14.806, +7.551,+0.909
1599126300,+3.50,+14.823, +7.543,+0.909
1599126900,+3.50,+14.815, +7.545,+0.909
1599127500,+3.50,+14.806, +7.549,+0.909
1599128100,+3.50,+14.806, +7.553,+0.909
1599128700,+3.50,+14.815, +7.556,+0.909
1599129300,+3.50,+14.772, +7.555,+0.909
1599129900,+3.50,+14.797, +7.550,+0.909
1599130500,+3.50,+14.780, +7.547,+0.909
1599131100,+3.50,+14.789, +7.549,+0.909
1599131700,+3.50,+14.763, +7.554,+0.909
1599132300,+3.50,+14.772, +7.550,+0.909
1599132900,+3.50,+14.754, +7.551,+0.909
1599133500,+3.50,+14.772, +7.544,+0.909
1599134100,+3.50,+14.763, +7.553,+0.909
1599134700,+3.50,+14.763, +7.553,+0.909
1599135300,+3.50,+14.737, +7.564,+0.909
1599135900,+3.50,+14.720, +7.558,+0.909
1599136500,+3.50,+14.737, +7.552,+0.909
1599137100,+3.50,+14.711, +7.560,+0.909
1599137700,+3.50,+14.703, +7.568,+0.909
1599138300,+3.50,+14.694, +7.561,+0.909
1599138900,+3.50,+14.694, +7.569,+0.909
1599139500,+3.50,+14.703, +7.562,+0.909
1599140100,+3.50,+14.694, +7.553,+0.908
1599140700,+3.50,+14.694, +7.562,+0.909
1599141300,+3.50,+14.659, +7.569,+0.909
1599141900,+3.50,+14.677, +7.558,+0.909
1599142500,+3.50,+14.685, +7.568,+0.908
1599143100,+3.50,+14.711, +7.576,+0.909
1599143700,+3.50,+14.728, +7.569,+0.909
1599144300,+3.50,+14.720, +7.554,+0.909
1599144900,+3.50,+14.728, +7.554,+0.909
1599145500,+3.50,+14.711, +7.549,+0.909
1599146100,+3.50,+14.737, +7.543,+0.908
1599146700,+3.50,+14.737, +7.546,+0.909
1599147300,+3.50,+14.737, +7.545,+0.908
1599147900,+3.50,+14.746, +7.542,+0.909
1599148500,+3.50,+14.754, +7.542,+0.909
1599149100,+3.50,+14.789, +7.537,+0.908
1599149700,+3.50,+14.815, +7.523,+0.908
1599150300,+3.50,+14.797, +7.537,+0.909
1599150900,+3.50,+14.815, +7.533,+0.909
1599151500,+3.50,+14.823, +7.534,+0.908
1599152100,+3.50,+14.823, +7.537,+0.908
1599152700,+3.50,+14.892, +7.520,+0.908
1599153300,+3.50,+14.892, +7.538,+0.909
1599153900,+3.50,+14.901, +7.528,+0.908
1599154500,+3.50,+14.892, +7.532,+0.908
1599155100,+3.50,+14.901, +7.537,+0.908
1599155700,+3.50,+14.935, +7.531,+0.908
1599156300,+3.50,+14.935, +7.522,+0.908
1599156900,+3.50,+14.961, +7.526,+0.908
1599157500,+3.50,+14.961, +7.536,+0.908
1599158100,+3.50,+14.970, +7.529,+0.908
1599158700,+3.50,+14.996, +7.530,+0.908
1599159300,+3.50,+15.030, +7.522,+0.908
1599159900,+3.50,+15.039, +7.527,+0.908
1599160500,+3.50,+15.056, +7.533,+0.908
1599161100,+3.50,+15.099, +7.528,+0.908
1599161700,+3.50,+15.133, +7.528,+0.908
1599162300,+3.50,+15.168, +7.529,+0.908
1599162900,+3.50,+15.193, +7.528,+0.908
1599163500,+3.50,+15.211, +7.517,+0.908
1599164100,+3.50,+15.245, +7.518,+0.908
1599164700,+3.50,+15.279, +7.527,+0.909
1599165300,+3.49,+15.331, +7.520,+0.908
1599165900,+3.50,+15.331, +7.524,+0.908
1599166500,+3.49,+15.331, +7.532,+0.909
1599167100,+3.50,+15.331, +7.535,+0.909
1599167700,+3.49,+15.348, +7.524,+0.908
1599168300,+3.49,+15.357, +7.529,+0.908
1599168900,+3.49,+15.357, +7.527,+0.908
1599169500,+3.49,+15.365, +7.529,+0.908
1599170100,+3.49,+15.348, +7.534,+0.908
1599170700,+3.49,+15.374, +7.530,+0.908
1599171300,+3.49,+15.400, +7.542,+0.909
1599171900,+3.49,+15.408, +7.542,+0.909
1599172500,+3.49,+15.425, +7.540,+0.909
1599173100,+3.49,+15.400, +7.538,+0.908
1599173700,+3.49,+15.417, +7.539,+0.908
1599174300,+3.49,+15.434, +7.540,+0.909
1599174900,+3.49,+15.451, +7.544,+0.909
1599175500,+3.49,+15.468, +7.537,+0.909
1599176100,+3.49,+15.460, +7.540,+0.909
1599176700,+3.49,+15.477, +7.544,+0.909
1599177300,+3.49,+15.451, +7.554,+0.909
1599177900,+3.49,+15.468, +7.545,+0.909
1599178500,+3.49,+15.451, +7.550,+0.909
1599179100,+3.49,+15.451, +7.542,+0.908
1599179700,+3.49,+15.442, +7.552,+0.909
1599180300,+3.49,+15.451, +7.546,+0.909
1599180900,+3.49,+15.425, +7.560,+0.909
1599181500,+3.49,+15.460, +7.551,+0.909
1599182100,+3.49,+15.434, +7.546,+0.909
1599182700,+3.49,+15.425, +7.552,+0.909
1599183300,+3.49,+15.408, +7.560,+0.910
1599183900,+3.49,+15.400, +7.567,+0.909
1599184500,+3.49,+15.417, +7.548,+0.909
1599185100,+3.49,+15.400, +7.557,+0.909
1599185700,+3.49,+15.408, +7.550,+0.909
1599186300,+3.49,+15.391, +7.564,+0.910
1599186900,+3.49,+15.357, +7.558,+0.909
1599187500,+3.49,+15.357, +7.558,+0.909
