7450-027328
OS REV: 1.05 Sensor Cal: 1592497139
Time (sec),  BV (Volts),  T (deg C),  DO (mg/l),  Q ()
1661909220,+3.05,+17.074, +8.230,+0.963
1661909820,+3.05,+17.057, +8.203,+0.962
1661910420,+3.05,+17.108, +8.294,+0.962
1661911020,+3.05,+17.151, +8.298,+0.962
1661911620,+3.05,+17.100, +8.295,+0.963
1661912220,+3.05,+17.074, +8.275,+0.962
1661912820,+3.06,+17.023, +8.257,+0.962
1661913420,+3.06,+17.032, +8.229,+0.961
1661914020,+3.05,+17.015, +8.180,+0.961
1661914620,+3.05,+17.083, +8.133,+0.962
1661915220,+3.05,+17.117, +8.072,+0.961
1661915820,+3.05,+17.049, +8.007,+0.962
1661916420,+3.06,+17.032, +8.004,+0.963
1661917020,+3.06,+17.015, +8.022,+0.962
1661917620,+3.06,+16.981, +8.026,+0.962
1661918220,+3.06,+16.973, +7.998,+0.962
1661918820,+3.06,+16.981, +8.018,+0.962
1661919420,+3.06,+16.973, +8.003,+0.962
1661920020,+3.06,+16.981, +8.048,+0.963
1661920620,+3.06,+16.964, +8.066,+0.962
1661921220,+3.06,+16.981, +8.073,+0.962
1661921820,+3.06,+16.990, +8.121,+0.962
1661922420,+3.06,+16.998, +8.204,+0.962
1661923020,+3.06,+16.947, +8.227,+0.962
1661923620,+3.06,+16.981, +8.216,+0.962
1661924220,+3.06,+16.964, +8.200,+0.962
1661924820,+3.06,+16.956, +8.189,+0.962
1661925420,+3.06,+16.990, +8.197,+0.962
1661926020,+3.06,+16.964, +8.183,+0.962
1661926620,+3.06,+17.006, +8.195,+0.962
1661927220,+3.06,+17.006, +8.179,+0.962
1661927820,+3.06,+16.981, +8.173,+0.962
1661928420,+3.06,+16.973, +8.111,+0.962
1661929020,+3.06,+16.964, +8.161,+0.962
1661929620,+3.06,+16.939, +8.252,+0.962
1661930220,+3.06,+16.947, +8.227,+0.962
1661930820,+3.06,+16.930, +8.153,+0.962
1661931420,+3.06,+16.905, +8.090,+0.962
1661932020,+3.06,+16.905, +8.061,+0.962
1661932620,+3.06,+16.905, +8.024,+0.962
1661933220,+3.06,+16.905, +8.018,+0.962
1661933820,+3.06,+16.879, +8.021,+0.962
1661934420,+3.06,+16.879, +8.010,+0.962
1661935020,+3.06,+16.888, +7.983,+0.962
1661935620,+3.06,+16.854, +8.005,+0.963
1661936220,+3.06,+16.845, +7.998,+0.962
1661936820,+3.06,+16.837, +7.961,+0.962
1661937420,+3.05,+16.837, +7.924,+0.962
1661938020,+3.05,+16.803, +7.904,+0.963
1661938620,+3.05,+16.803, +7.902,+0.962
1661939220,+3.05,+16.794, +7.946,+0.962
1661939820,+3.05,+16.777, +7.961,+0.962
1661940420,+3.05,+16.786, +7.925,+0.962
1661941020,+3.05,+16.777, +7.921,+0.963
1661941620,+3.05,+16.786, +7.911,+0.962
1661942220,+3.05,+16.769, +7.958,+0.963
1661942820,+3.05,+16.760, +7.909,+0.962
1661943420,+3.05,+16.743, +7.949,+0.962
1661944020,+3.05,+16.777, +7.928,+0.962
1661944620,+3.05,+16.726, +7.959,+0.963
1661945220,+3.05,+16.726, +7.959,+0.962
1661945820,+3.05,+16.718, +7.948,+0.962
1661946420,+3.05,+16.735, +7.932,+0.963
1661947020,+3.05,+16.709, +7.935,+0.962
1661947620,+3.05,+16.684, +7.918,+0.962
1661948220,+3.05,+16.675, +7.890,+0.962
1661948820,+3.05,+16.701, +7.924,+0.963
1661949420,+3.05,+16.684, +7.924,+0.963
1661950020,+3.05,+16.709, +7.926,+0.963
1661950620,+3.05,+16.692, +7.924,+0.963
1661951220,+3.05,+16.684, +7.955,+0.963
1661951820,+3.05,+16.675, +7.949,+0.962
1661952420,+3.05,+16.658, +7.975,+0.962
1661953020,+3.05,+16.658, +7.999,+0.962
1661953620,+3.05,+16.650, +8.012,+0.962
1661954220,+3.05,+16.641, +8.015,+0.962
1661954820,+3.05,+16.641, +8.017,+0.962
1661955420,+3.05,+16.641, +8.024,+0.962
1661956020,+3.05,+16.641, +8.022,+0.962
1661956620,+3.05,+16.658, +8.006,+0.962
1661957220,+3.05,+16.650, +7.998,+0.963
1661957820,+3.05,+16.658, +8.036,+0.963
1661958420,+3.05,+16.684, +8.134,+0.962
1661959020,+3.05,+16.684, +8.269,+0.962
1661959620,+3.05,+16.718, +8.329,+0.962
1661960220,+3.05,+16.726, +8.361,+0.962
1661960820,+3.05,+16.743, +8.412,+0.962
1661961420,+3.05,+16.760, +8.475,+0.962
1661962020,+3.05,+16.769, +8.526,+0.962
1661962620,+3.05,+16.777, +8.560,+0.962
1661963220,+3.05,+16.803, +8.596,+0.962
1661963820,+3.05,+16.794, +8.639,+0.962
1661964420,+3.06,+16.854, +8.644,+0.962
1661965020,+3.05,+16.879, +8.752,+0.961
1661965620,+3.06,+16.879, +8.816,+0.962
1661966220,+3.06,+16.913, +8.865,+0.962
1661966820,+3.06,+16.913, +8.740,+0.962
1661967420,+3.06,+16.922, +8.739,+0.961
1661968020,+3.06,+16.913, +8.717,+0.962
1661968620,+3.06,+16.913, +8.721,+0.962
1661969220,+3.06,+16.913, +8.576,+0.962
1661969820,+3.06,+16.922, +8.564,+0.962
1661970420,+3.06,+16.922, +8.568,+0.962
1661971020,+3.06,+16.939, +8.634,+0.962
1661971620,+3.06,+16.922, +8.560,+0.962
1661972220,+3.06,+16.964, +8.507,+0.962
1661972820,+3.05,+17.023, +8.542,+0.962
1661973420,+3.05,+17.015, +8.441,+0.962
1661974020,+3.05,+16.998, +8.466,+0.962
1661974620,+3.06,+16.981, +8.454,+0.962
1661975220,+3.06,+16.947, +8.473,+0.963
1661975820,+3.06,+16.973, +8.406,+0.962
1661976420,+3.05,+16.998, +8.436,+0.962
1661977020,+3.05,+17.006, +8.497,+0.962
1661977620,+3.05,+17.066, +8.503,+0.962
1661978220,+3.05,+17.023, +8.421,+0.962
1661978820,+3.05,+17.023, +8.445,+0.962
1661979420,+3.05,+17.057, +8.445,+0.962
1661980020,+3.05,+17.049, +8.444,+0.961
1661980620,+3.05,+17.057, +8.470,+0.963
1661981220,+3.05,+17.074, +8.551,+0.962
1661981820,+3.05,+17.083, +8.407,+0.962
1661982420,+3.05,+17.142, +8.462,+0.962
1661983020,+3.05,+17.235, +8.370,+0.961
1661983620,+3.05,+17.185, +8.401,+0.962
1661984220,+3.05,+17.176, +8.478,+0.962
1661984820,+3.05,+17.151, +8.406,+0.961
1661985420,+3.05,+17.185, +8.414,+0.962
1661986020,+3.05,+17.185, +8.417,+0.962
1661986620,+3.05,+17.193, +8.463,+0.962
1661987220,+3.05,+17.252, +8.411,+0.962
1661987820,+3.05,+17.244, +8.447,+0.962
1661988420,+3.05,+17.252, +8.456,+0.962
1661989020,+3.05,+17.286, +8.396,+0.962
1661989620,+3.05,+17.235, +8.341,+0.962
1661990220,+3.05,+17.227, +8.350,+0.962
1661990820,+3.05,+17.303, +8.293,+0.962
1661991420,+3.05,+17.345, +8.258,+0.962
1661992020,+3.05,+17.261, +8.171,+0.962
1661992620,+3.05,+17.201, +8.207,+0.963
1661993220,+3.05,+17.185, +8.174,+0.962
1661993820,+3.05,+17.227, +8.143,+0.962
1661994420,+3.05,+17.235, +8.088,+0.962
1661995020,+3.05,+17.227, +8.107,+0.962
1661995620,+3.05,+17.244, +8.120,+0.962
