7450-027328
OS REV: 1.05 Sensor Cal: 1592497139
Time (sec),  BV (Volts),  T (deg C),  DO (mg/l),  Q ()
1657820220,+3.07,+14.394, +8.528,+0.963
1657820820,+3.07,+14.463, +8.430,+0.964
1657821420,+3.07,+14.515, +8.413,+0.964
1657822020,+3.07,+14.532, +8.409,+0.964
1657822620,+3.07,+14.576, +8.413,+0.964
1657823220,+3.08,+14.645, +8.430,+0.964
1657823820,+3.08,+14.653, +8.478,+0.964
1657824420,+3.07,+14.576, +8.745,+0.963
1657825020,+3.07,+14.550, +8.677,+0.964
1657825620,+3.08,+14.671, +8.541,+0.964
1657826220,+3.08,+14.627, +8.668,+0.964
1657826820,+3.08,+14.714, +8.449,+0.963
1657827420,+3.08,+14.714, +8.458,+0.964
1657828020,+3.08,+14.636, +8.463,+0.964
1657828620,+3.08,+14.774, +8.478,+0.963
1657829220,+3.08,+14.809, +8.446,+0.964
1657829820,+3.08,+14.878, +8.464,+0.963
1657830420,+3.08,+14.904, +8.441,+0.963
1657831020,+3.08,+14.783, +8.666,+0.963
1657831620,+3.08,+14.886, +8.604,+0.964
1657832220,+3.08,+14.886, +8.608,+0.963
1657832820,+3.08,+14.826, +8.734,+0.964
1657833420,+3.08,+14.843, +8.706,+0.963
1657834020,+3.08,+14.861, +8.649,+0.963
1657834620,+3.08,+14.878, +8.635,+0.964
1657835220,+3.08,+14.731, +8.874,+0.963
1657835820,+3.08,+14.679, +8.861,+0.963
1657836420,+3.08,+14.757, +8.783,+0.963
1657837020,+3.08,+14.809, +8.685,+0.963
1657837620,+3.08,+14.835, +8.697,+0.963
1657838220,+3.08,+14.886, +8.700,+0.964
1657838820,+3.07,+15.128, +8.610,+0.964
1657839420,+3.07,+15.403, +8.465,+0.963
1657840020,+3.07,+15.566, +8.429,+0.963
1657840620,+3.07,+15.651, +8.429,+0.964
1657841220,+3.07,+15.651, +8.474,+0.963
1657841820,+3.07,+15.136, +8.842,+0.963
1657842420,+3.07,+16.045, +8.349,+0.963
1657843020,+3.07,+14.558, +9.087,+0.963
1657843620,+3.07,+14.307, +9.170,+0.964
1657844220,+3.07,+14.394, +9.148,+0.964
1657844820,+3.07,+14.446, +9.062,+0.963
1657845420,+3.07,+14.593, +9.057,+0.963
1657846020,+3.07,+15.548, +8.499,+0.964
1657846620,+3.08,+15.805, +8.359,+0.963
1657847220,+3.07,+15.600, +8.529,+0.963
1657847820,+3.08,+15.857, +8.394,+0.963
1657848420,+3.07,+15.446, +8.396,+0.963
1657849020,+3.07,+15.239, +8.636,+0.963
1657849620,+3.07,+15.728, +8.365,+0.963
1657850220,+3.08,+15.959, +8.329,+0.963
1657850820,+3.07,+15.728, +8.415,+0.963
1657851420,+3.07,+15.179, +8.661,+0.963
1657852020,+3.07,+15.317, +8.655,+0.963
1657852620,+3.07,+15.317, +8.448,+0.962
1657853220,+3.08,+15.059, +8.631,+0.964
1657853820,+3.07,+15.239, +8.703,+0.964
1657854420,+3.07,+15.600, +8.416,+0.963
1657855020,+3.07,+15.394, +8.451,+0.963
1657855620,+3.07,+15.145, +8.575,+0.963
1657856220,+3.08,+14.998, +8.695,+0.963
1657856820,+3.08,+15.033, +8.682,+0.963
1657857420,+3.07,+15.153, +8.600,+0.963
1657858020,+3.07,+15.282, +8.503,+0.964
1657858620,+3.07,+15.548, +8.452,+0.963
1657859220,+3.07,+15.531, +8.455,+0.963
1657859820,+3.07,+15.162, +8.547,+0.963
1657860420,+3.07,+15.188, +8.579,+0.964
1657861020,+3.07,+15.171, +8.537,+0.963
1657861620,+3.07,+15.153, +8.550,+0.964
1657862220,+3.07,+15.394, +8.533,+0.964
1657862820,+3.08,+15.745, +8.423,+0.963
1657863420,+3.08,+15.968, +8.269,+0.963
1657864020,+3.07,+15.403, +8.432,+0.963
1657864620,+3.07,+15.257, +8.515,+0.963
1657865220,+3.07,+15.188, +8.530,+0.963
1657865820,+3.07,+15.403, +8.488,+0.963
1657866420,+3.07,+15.591, +8.429,+0.963
1657867020,+3.07,+15.643, +8.445,+0.963
1657867620,+3.07,+15.531, +8.453,+0.963
1657868220,+3.07,+15.368, +8.493,+0.963
1657868820,+3.07,+15.231, +8.487,+0.964
1657869420,+3.07,+15.291, +8.474,+0.963
1657870020,+3.07,+15.317, +8.452,+0.964
1657870620,+3.07,+15.360, +8.455,+0.964
1657871220,+3.07,+15.360, +8.435,+0.963
1657871820,+3.07,+15.523, +8.416,+0.963
1657872420,+3.07,+15.265, +8.422,+0.963
1657873020,+3.07,+15.093, +8.520,+0.964
1657873620,+3.08,+15.067, +8.569,+0.963
1657874220,+3.08,+14.964, +8.574,+0.963
1657874820,+3.08,+14.973, +8.620,+0.963
1657875420,+3.08,+14.878, +8.661,+0.964
1657876020,+3.08,+14.938, +8.641,+0.964
1657876620,+3.07,+15.179, +8.555,+0.964
1657877220,+3.07,+15.626, +8.371,+0.964
1657877820,+3.08,+15.024, +8.459,+0.964
1657878420,+3.08,+14.921, +8.578,+0.964
1657879020,+3.08,+14.947, +8.600,+0.964
1657879620,+3.08,+14.990, +8.578,+0.963
1657880220,+3.08,+15.102, +8.572,+0.963
1657880820,+3.07,+15.300, +8.473,+0.963
1657881420,+3.07,+15.257, +8.461,+0.964
1657882020,+3.07,+15.385, +8.432,+0.964
1657882620,+3.07,+15.231, +8.429,+0.964
1657883220,+3.07,+15.119, +8.469,+0.963
1657883820,+3.07,+15.222, +8.473,+0.964
1657884420,+3.07,+15.300, +8.409,+0.963
1657885020,+3.08,+15.007, +8.462,+0.963
1657885620,+3.08,+15.042, +8.519,+0.963
1657886220,+3.08,+14.938, +8.559,+0.964
1657886820,+3.08,+14.817, +8.686,+0.964
1657887420,+3.08,+14.800, +8.635,+0.963
1657888020,+3.08,+14.705, +8.702,+0.964
1657888620,+3.08,+14.740, +8.704,+0.963
1657889220,+3.08,+14.817, +8.683,+0.963
1657889820,+3.07,+15.007, +8.621,+0.963
1657890420,+3.07,+15.042, +8.590,+0.963
1657891020,+3.08,+15.033, +8.570,+0.963
1657891620,+3.08,+15.016, +8.560,+0.963
1657892220,+3.08,+14.973, +8.548,+0.964
1657892820,+3.08,+14.981, +8.527,+0.963
1657893420,+3.08,+14.981, +8.547,+0.964
1657894020,+3.08,+14.973, +8.557,+0.963
1657894620,+3.08,+14.973, +8.592,+0.964
1657895220,+3.08,+14.912, +8.635,+0.963
1657895820,+3.08,+14.852, +8.726,+0.963
1657896420,+3.08,+14.886, +8.719,+0.963
1657897020,+3.08,+14.921, +8.733,+0.963
1657897620,+3.07,+15.076, +8.647,+0.963
1657898220,+3.07,+15.145, +8.538,+0.964
1657898820,+3.08,+15.024, +8.517,+0.963
1657899420,+3.08,+14.955, +8.577,+0.963
1657900020,+3.08,+14.878, +8.664,+0.963
1657900620,+3.08,+14.895, +8.699,+0.963
1657901220,+3.07,+15.050, +8.632,+0.963
1657901820,+3.07,+15.050, +8.634,+0.963
1657902420,+3.08,+14.938, +8.690,+0.964
1657903020,+3.08,+14.912, +8.739,+0.964
1657903620,+3.08,+14.878, +8.849,+0.963
1657904220,+3.08,+14.817, +8.885,+0.963
1657904820,+3.08,+14.826, +8.867,+0.963
1657905420,+3.08,+14.895, +8.867,+0.964
1657906020,+3.08,+14.912, +8.867,+0.964
1657906620,+3.08,+14.895, +8.866,+0.963
