7450-027328
OS REV: 1.05 Sensor Cal: 1592497139
Time (sec),  BV (Volts),  T (deg C),  DO (mg/l),  Q ()
1662692220,+3.05,+16.011, +8.196,+0.962
1662692820,+3.05,+15.993, +8.154,+0.963
1662693420,+3.05,+15.985, +8.208,+0.962
1662694020,+3.05,+15.993, +8.232,+0.963
1662694620,+3.05,+15.976, +8.224,+0.962
1662695220,+3.05,+15.942, +8.242,+0.963
1662695820,+3.05,+15.925, +8.238,+0.963
1662696420,+3.05,+15.942, +8.220,+0.963
1662697020,+3.05,+15.917, +8.218,+0.963
1662697620,+3.05,+15.917, +8.205,+0.962
1662698220,+3.05,+15.917, +8.205,+0.963
1662698820,+3.05,+15.891, +8.155,+0.962
1662699420,+3.05,+15.882, +8.123,+0.963
1662700020,+3.05,+15.865, +8.104,+0.962
1662700620,+3.05,+15.865, +8.103,+0.963
1662701220,+3.05,+15.857, +8.112,+0.963
1662701820,+3.05,+15.857, +8.067,+0.963
1662702420,+3.05,+15.831, +8.112,+0.962
1662703020,+3.05,+15.874, +8.103,+0.963
1662703620,+3.05,+15.831, +8.127,+0.963
1662704220,+3.05,+15.831, +8.197,+0.963
1662704820,+3.05,+15.840, +8.216,+0.963
1662705420,+3.05,+15.831, +8.210,+0.963
1662706020,+3.05,+15.831, +8.194,+0.962
1662706620,+3.05,+15.814, +8.206,+0.962
1662707220,+3.05,+15.814, +8.221,+0.963
1662707820,+3.05,+15.814, +8.231,+0.963
1662708420,+3.05,+15.754, +8.238,+0.962
1662709020,+3.05,+15.763, +8.249,+0.963
1662709620,+3.05,+15.780, +8.243,+0.963
1662710220,+3.05,+15.771, +8.261,+0.963
1662710820,+3.05,+15.737, +8.298,+0.963
1662711420,+3.05,+15.711, +8.274,+0.963
1662712020,+3.05,+15.720, +8.268,+0.963
1662712620,+3.05,+15.720, +8.255,+0.963
1662713220,+3.05,+15.737, +8.271,+0.962
1662713820,+3.05,+15.720, +8.277,+0.962
1662714420,+3.05,+15.711, +8.256,+0.963
1662715020,+3.05,+15.694, +8.264,+0.963
1662715620,+3.05,+15.668, +8.258,+0.963
1662716220,+3.05,+15.677, +8.257,+0.963
1662716820,+3.05,+15.668, +8.247,+0.963
1662717420,+3.05,+15.660, +8.224,+0.963
1662718020,+3.05,+15.660, +8.215,+0.963
1662718620,+3.05,+15.634, +8.175,+0.963
1662719220,+3.05,+15.617, +8.143,+0.963
1662719820,+3.05,+15.626, +8.078,+0.963
1662720420,+3.05,+15.626, +8.059,+0.963
1662721020,+3.05,+15.626, +8.087,+0.963
1662721620,+3.05,+15.617, +8.091,+0.963
1662722220,+3.05,+15.600, +8.090,+0.963
1662722820,+3.05,+15.608, +8.068,+0.962
1662723420,+3.05,+15.591, +8.090,+0.963
1662724020,+3.05,+15.608, +8.075,+0.963
1662724620,+3.05,+15.574, +8.087,+0.962
1662725220,+3.05,+15.591, +8.113,+0.963
1662725820,+3.05,+15.557, +8.124,+0.962
1662726420,+3.05,+15.583, +8.130,+0.963
1662727020,+3.05,+15.557, +8.126,+0.963
1662727620,+3.05,+15.557, +8.123,+0.963
1662728220,+3.05,+15.531, +8.077,+0.962
1662728820,+3.05,+15.548, +8.052,+0.963
1662729420,+3.05,+15.566, +8.082,+0.963
1662730020,+3.05,+15.548, +8.107,+0.963
1662730620,+3.05,+15.540, +8.065,+0.962
1662731220,+3.05,+15.523, +8.101,+0.963
1662731820,+3.05,+15.548, +8.129,+0.963
1662732420,+3.05,+15.523, +8.154,+0.963
1662733020,+3.05,+15.523, +8.177,+0.963
1662733620,+3.05,+15.523, +8.138,+0.962
1662734220,+3.05,+15.523, +8.120,+0.962
1662734820,+3.05,+15.497, +8.115,+0.963
1662735420,+3.05,+15.497, +8.222,+0.963
1662736020,+3.05,+15.506, +8.253,+0.963
1662736620,+3.05,+15.514, +8.246,+0.962
1662737220,+3.05,+15.506, +8.263,+0.963
1662737820,+3.05,+15.506, +8.289,+0.962
1662738420,+3.05,+15.514, +8.297,+0.963
1662739020,+3.05,+15.514, +8.292,+0.963
1662739620,+3.05,+15.531, +8.336,+0.962
1662740220,+3.05,+15.540, +8.351,+0.963
1662740820,+3.05,+15.540, +8.300,+0.963
1662741420,+3.05,+15.566, +8.311,+0.962
1662742020,+3.05,+15.557, +8.347,+0.963
1662742620,+3.05,+15.574, +8.330,+0.962
1662743220,+3.05,+15.566, +8.353,+0.963
1662743820,+3.05,+15.600, +8.357,+0.963
1662744420,+3.05,+15.574, +8.362,+0.963
1662745020,+3.05,+15.600, +8.371,+0.962
1662745620,+3.05,+15.583, +8.365,+0.962
1662746220,+3.05,+15.600, +8.401,+0.962
1662746820,+3.05,+15.626, +8.318,+0.962
1662747420,+3.05,+15.608, +8.367,+0.962
1662748020,+3.05,+15.617, +8.395,+0.962
1662748620,+3.05,+15.600, +8.387,+0.962
1662749220,+3.05,+15.651, +8.345,+0.962
1662749820,+3.05,+15.668, +8.409,+0.963
1662750420,+3.05,+15.668, +8.368,+0.962
1662751020,+3.05,+15.677, +8.340,+0.962
1662751620,+3.05,+15.668, +8.373,+0.963
1662752220,+3.05,+15.694, +8.357,+0.962
1662752820,+3.05,+15.677, +8.412,+0.962
1662753420,+3.05,+15.703, +8.412,+0.963
1662754020,+3.05,+15.754, +8.385,+0.962
1662754620,+3.05,+15.805, +8.393,+0.963
1662755220,+3.05,+15.848, +8.371,+0.962
1662755820,+3.05,+15.899, +8.392,+0.963
1662756420,+3.05,+15.891, +8.388,+0.962
1662757020,+3.05,+15.891, +8.422,+0.963
1662757620,+3.05,+15.925, +8.423,+0.963
1662758220,+3.05,+15.951, +8.403,+0.963
1662758820,+3.05,+15.951, +8.362,+0.962
1662759420,+3.05,+15.959, +8.421,+0.962
1662760020,+3.05,+15.951, +8.329,+0.963
1662760620,+3.05,+15.993, +8.406,+0.962
1662761220,+3.05,+16.019, +8.388,+0.963
1662761820,+3.05,+16.028, +8.362,+0.963
1662762420,+3.05,+16.053, +8.408,+0.963
1662763020,+3.05,+16.070, +8.421,+0.962
1662763620,+3.05,+16.096, +8.423,+0.963
1662764220,+3.05,+16.079, +8.421,+0.962
1662764820,+3.05,+16.079, +8.394,+0.962
1662765420,+3.05,+16.079, +8.317,+0.962
1662766020,+3.05,+16.062, +8.343,+0.962
1662766620,+3.05,+16.062, +8.340,+0.962
1662767220,+3.05,+16.045, +8.352,+0.962
1662767820,+3.05,+16.036, +8.343,+0.963
1662768420,+3.05,+16.019, +8.303,+0.962
1662769020,+3.05,+15.993, +8.299,+0.962
1662769620,+3.05,+15.993, +8.295,+0.962
1662770220,+3.05,+15.951, +8.298,+0.963
1662770820,+3.05,+15.917, +8.296,+0.962
1662771420,+3.05,+15.917, +8.258,+0.963
1662772020,+3.05,+15.925, +8.218,+0.963
1662772620,+3.05,+15.908, +8.259,+0.962
1662773220,+3.05,+15.891, +8.252,+0.962
1662773820,+3.05,+15.899, +8.225,+0.963
1662774420,+3.05,+15.908, +8.227,+0.963
1662775020,+3.05,+15.874, +8.202,+0.962
1662775620,+3.05,+15.848, +8.226,+0.962
1662776220,+3.05,+15.831, +8.202,+0.962
1662776820,+3.05,+15.848, +8.180,+0.963
1662777420,+3.05,+15.805, +8.193,+0.963
1662778020,+3.05,+15.814, +8.193,+0.962
1662778620,+3.05,+15.788, +8.223,+0.962
