7450-671179
OS REV: 1.04 Sensor Cal: 1560966684
Time (sec),  BV (Volts),  T (deg C),  DO (mg/l),  Q ()
1658099100,+2.96,+17.864, +8.013,+0.959
1658099700,+2.96,+17.746, +8.063,+0.958
1658100300,+2.96,+17.712, +8.008,+0.958
1658100900,+2.96,+17.814, +8.031,+0.958
1658101500,+2.96,+17.771, +8.023,+0.958
1658102100,+2.96,+17.873, +7.992,+0.958
1658102700,+2.96,+17.839, +7.995,+0.958
1658103300,+2.97,+18.041, +7.951,+0.958
1658103900,+2.97,+17.982, +7.971,+0.958
1658104500,+2.97,+18.050, +7.961,+0.958
1658105100,+2.96,+17.864, +7.989,+0.958
1658105700,+2.96,+17.923, +8.029,+0.958
1658106300,+2.97,+17.974, +8.003,+0.958
1658106900,+2.97,+17.957, +8.005,+0.958
1658107500,+2.97,+17.991, +7.983,+0.958
1658108100,+2.97,+17.991, +7.983,+0.959
1658108700,+2.96,+17.839, +8.001,+0.958
1658109300,+2.96,+17.780, +8.053,+0.958
1658109900,+2.97,+17.965, +7.966,+0.958
1658110500,+2.96,+17.898, +7.984,+0.958
1658111100,+2.96,+17.923, +7.986,+0.958
1658111700,+2.97,+17.991, +7.947,+0.958
1658112300,+2.96,+17.923, +7.945,+0.958
1658112900,+2.96,+17.932, +7.970,+0.959
1658113500,+2.96,+17.923, +7.963,+0.959
1658114100,+2.96,+17.898, +7.969,+0.958
1658114700,+2.96,+17.864, +7.944,+0.958
1658115300,+2.96,+17.721, +8.061,+0.959
1658115900,+2.96,+17.712, +8.035,+0.959
1658116500,+2.96,+17.729, +8.027,+0.958
1658117100,+2.96,+17.771, +8.001,+0.959
1658117700,+2.96,+17.822, +7.959,+0.959
1658118300,+2.96,+17.788, +7.958,+0.958
1658118900,+2.96,+17.805, +7.951,+0.958
1658119500,+2.96,+17.814, +7.952,+0.958
1658120100,+2.96,+17.746, +7.986,+0.958
1658120700,+2.96,+17.746, +8.006,+0.958
1658121300,+2.96,+17.754, +7.950,+0.958
1658121900,+2.96,+17.729, +7.935,+0.959
1658122500,+2.96,+17.746, +7.921,+0.959
1658123100,+2.96,+17.704, +7.959,+0.959
1658123700,+2.96,+17.704, +7.904,+0.958
1658124300,+2.96,+17.687, +7.917,+0.959
1658124900,+2.96,+17.678, +7.933,+0.958
1658125500,+2.96,+17.619, +7.980,+0.959
1658126100,+2.96,+17.619, +7.942,+0.958
1658126700,+2.96,+17.611, +7.922,+0.958
1658127300,+2.96,+17.560, +7.950,+0.958
1658127900,+2.96,+17.518, +7.994,+0.958
1658128500,+2.96,+17.484, +7.958,+0.958
1658129100,+2.96,+17.476, +7.959,+0.958
1658129700,+2.96,+17.459, +7.937,+0.958
1658130300,+2.96,+17.467, +7.931,+0.958
1658130900,+2.96,+17.408, +7.988,+0.958
1658131500,+2.96,+17.399, +7.947,+0.958
1658132100,+2.96,+17.374, +7.944,+0.958
1658132700,+2.97,+17.332, +7.961,+0.958
1658133300,+2.97,+17.332, +7.946,+0.958
1658133900,+2.97,+17.306, +7.955,+0.958
1658134500,+2.97,+17.256, +7.997,+0.958
1658135100,+2.97,+17.196, +8.010,+0.958
1658135700,+2.97,+17.171, +7.985,+0.958
1658136300,+2.97,+17.103, +7.994,+0.958
1658136900,+2.97,+17.078, +7.991,+0.959
1658137500,+2.97,+17.052, +7.984,+0.958
1658138100,+2.97,+17.027, +7.979,+0.958
1658138700,+2.97,+17.001, +7.986,+0.959
1658139300,+2.97,+16.959, +7.982,+0.958
1658139900,+2.97,+16.959, +7.986,+0.958
1658140500,+2.97,+16.942, +7.976,+0.959
1658141100,+2.97,+16.925, +7.961,+0.958
1658141700,+2.97,+16.891, +7.984,+0.958
1658142300,+2.97,+16.866, +7.981,+0.958
1658142900,+2.97,+16.840, +7.999,+0.958
1658143500,+2.96,+16.704, +8.266,+0.958
1658144100,+2.96,+16.611, +8.408,+0.959
1658144700,+2.96,+16.670, +8.254,+0.958
1658145300,+2.96,+16.738, +8.119,+0.958
1658145900,+2.96,+16.687, +8.110,+0.958
1658146500,+2.96,+16.687, +8.084,+0.959
1658147100,+2.96,+16.645, +8.077,+0.958
1658147700,+2.96,+16.619, +8.057,+0.959
1658148300,+2.96,+16.611, +8.060,+0.959
1658148900,+2.96,+16.568, +8.046,+0.958
1658149500,+2.96,+16.543, +8.037,+0.958
1658150100,+2.96,+16.543, +8.043,+0.958
1658150700,+2.96,+16.509, +8.053,+0.958
1658151300,+2.96,+16.466, +8.053,+0.959
1658151900,+2.96,+16.475, +8.041,+0.958
1658152500,+2.96,+16.475, +8.046,+0.958
1658153100,+2.96,+16.466, +8.054,+0.959
1658153700,+2.96,+16.415, +8.040,+0.958
1658154300,+2.96,+16.441, +8.046,+0.958
1658154900,+2.96,+16.441, +8.053,+0.959
1658155500,+2.97,+16.424, +8.051,+0.958
1658156100,+2.97,+16.415, +8.043,+0.958
1658156700,+2.97,+16.406, +8.051,+0.958
1658157300,+2.96,+16.406, +8.053,+0.959
1658157900,+2.97,+16.415, +8.030,+0.958
1658158500,+2.96,+16.441, +8.019,+0.958
1658159100,+2.96,+16.441, +8.040,+0.959
1658159700,+2.96,+16.432, +8.032,+0.958
1658160300,+2.97,+16.415, +8.030,+0.958
1658160900,+2.97,+16.389, +8.029,+0.958
1658161500,+2.97,+16.389, +8.033,+0.958
1658162100,+2.97,+16.389, +8.020,+0.958
1658162700,+2.97,+16.355, +8.004,+0.957
1658163300,+2.97,+16.381, +8.009,+0.958
1658163900,+2.97,+16.364, +8.018,+0.958
1658164500,+2.97,+16.389, +8.017,+0.958
1658165100,+2.97,+16.381, +8.013,+0.958
1658165700,+2.97,+16.398, +7.997,+0.957
1658166300,+2.97,+16.398, +7.999,+0.958
1658166900,+2.97,+16.389, +8.001,+0.958
1658167500,+2.97,+16.398, +8.004,+0.958
1658168100,+2.96,+16.398, +7.999,+0.958
1658168700,+2.97,+16.398, +8.003,+0.958
1658169300,+2.96,+16.441, +7.991,+0.958
1658169900,+2.97,+16.406, +7.996,+0.958
1658170500,+2.97,+16.406, +7.998,+0.958
1658171100,+2.97,+16.389, +7.993,+0.958
1658171700,+2.97,+16.347, +8.002,+0.958
1658172300,+2.97,+16.364, +7.994,+0.958
1658172900,+2.97,+16.338, +8.012,+0.959
1658173500,+2.97,+16.330, +8.002,+0.958
1658174100,+2.97,+16.338, +7.996,+0.958
1658174700,+2.97,+16.330, +7.991,+0.958
1658175300,+2.97,+16.321, +7.992,+0.958
1658175900,+2.97,+16.262, +7.997,+0.958
1658176500,+2.97,+16.279, +8.001,+0.958
1658177100,+2.97,+16.253, +8.006,+0.958
1658177700,+2.97,+16.270, +8.007,+0.958
1658178300,+2.97,+16.262, +8.003,+0.958
1658178900,+2.97,+16.211, +8.010,+0.958
1658179500,+2.97,+16.202, +8.025,+0.958
1658180100,+2.97,+16.185, +8.023,+0.958
1658180700,+2.97,+16.185, +8.010,+0.958
1658181300,+2.97,+16.151, +8.026,+0.958
1658181900,+2.97,+16.168, +8.021,+0.958
1658182500,+2.97,+16.219, +8.033,+0.958
1658183100,+2.97,+16.202, +8.030,+0.958
1658183700,+2.97,+16.193, +8.053,+0.958
1658184300,+2.97,+16.193, +8.039,+0.958
1658184900,+2.97,+16.159, +8.047,+0.958
1658185500,+2.97,+16.176, +8.040,+0.958
