7450-027328
OS REV: 1.05 Sensor Cal: 1592497139
Time (sec),  BV (Volts),  T (deg C),  DO (mg/l),  Q ()
1597628100,+3.52,+16.998, +8.815,+0.984
1597628700,+3.52,+17.023, +8.808,+0.984
1597629300,+3.52,+17.032, +9.024,+0.983
1597629900,+3.52,+16.990, +8.731,+0.984
1597630500,+3.52,+17.006, +8.671,+0.984
1597631100,+3.52,+16.981, +8.593,+0.983
1597631700,+3.52,+16.981, +8.648,+0.984
1597632300,+3.52,+16.956, +8.568,+0.984
1597632900,+3.52,+16.947, +8.512,+0.984
1597633500,+3.52,+16.947, +8.541,+0.984
1597634100,+3.52,+16.905, +8.581,+0.984
1597634700,+3.52,+16.956, +8.594,+0.984
1597635300,+3.52,+16.973, +8.585,+0.984
1597635900,+3.52,+16.939, +8.577,+0.983
1597636500,+3.52,+16.964, +8.599,+0.984
1597637100,+3.52,+16.998, +8.618,+0.984
1597637700,+3.52,+16.947, +8.728,+0.983
1597638300,+3.52,+16.956, +8.706,+0.984
1597638900,+3.52,+16.913, +8.649,+0.984
1597639500,+3.52,+16.981, +8.705,+0.984
1597640100,+3.52,+16.964, +8.637,+0.985
1597640700,+3.52,+16.973, +8.593,+0.983
1597641300,+3.52,+16.981, +8.665,+0.984
1597641900,+3.52,+16.913, +8.691,+0.984
1597642500,+3.52,+16.939, +8.629,+0.984
1597643100,+3.52,+16.973, +8.648,+0.984
1597643700,+3.52,+16.973, +8.697,+0.984
1597644300,+3.52,+16.990, +8.686,+0.984
1597644900,+3.52,+16.956, +8.693,+0.984
1597645500,+3.52,+17.006, +8.723,+0.984
1597646100,+3.53,+16.947, +8.680,+0.984
1597646700,+3.52,+16.947, +8.704,+0.985
1597647300,+3.52,+16.930, +8.689,+0.984
1597647900,+3.52,+16.888, +8.688,+0.984
1597648500,+3.53,+16.879, +8.680,+0.983
1597649100,+3.53,+16.854, +8.689,+0.984
1597649700,+3.52,+16.837, +8.660,+0.984
1597650300,+3.52,+16.820, +8.666,+0.984
1597650900,+3.52,+16.811, +8.688,+0.984
1597651500,+3.52,+16.786, +8.672,+0.984
1597652100,+3.52,+16.769, +8.651,+0.984
1597652700,+3.52,+16.735, +8.681,+0.984
1597653300,+3.52,+16.735, +8.682,+0.983
1597653900,+3.52,+16.718, +8.652,+0.984
1597654500,+3.52,+16.709, +8.671,+0.984
1597655100,+3.52,+16.684, +8.677,+0.984
1597655700,+3.52,+16.650, +8.679,+0.984
1597656300,+3.52,+16.633, +8.682,+0.984
1597656900,+3.52,+16.633, +8.671,+0.985
1597657500,+3.52,+16.624, +8.671,+0.984
1597658100,+3.52,+16.599, +8.674,+0.984
1597658700,+3.52,+16.599, +8.689,+0.984
1597659300,+3.52,+16.582, +8.655,+0.984
1597659900,+3.52,+16.556, +8.703,+0.984
1597660500,+3.52,+16.548, +8.695,+0.984
1597661100,+3.52,+16.522, +8.718,+0.984
1597661700,+3.52,+16.522, +8.676,+0.984
1597662300,+3.52,+16.497, +8.697,+0.984
1597662900,+3.52,+16.514, +8.667,+0.984
1597663500,+3.52,+16.505, +8.673,+0.985
1597664100,+3.52,+16.480, +8.643,+0.984
1597664700,+3.52,+16.480, +8.640,+0.984
1597665300,+3.52,+16.446, +8.660,+0.984
1597665900,+3.52,+16.463, +8.658,+0.985
1597666500,+3.52,+16.437, +8.662,+0.984
1597667100,+3.52,+16.420, +8.648,+0.984
1597667700,+3.52,+16.394, +8.633,+0.985
1597668300,+3.52,+16.411, +8.647,+0.984
1597668900,+3.52,+16.360, +8.627,+0.984
1597669500,+3.52,+16.369, +8.645,+0.984
1597670100,+3.52,+16.394, +8.617,+0.985
1597670700,+3.52,+16.369, +8.603,+0.984
1597671300,+3.52,+16.386, +8.585,+0.984
1597671900,+3.52,+16.352, +8.580,+0.985
1597672500,+3.52,+16.360, +8.596,+0.985
1597673100,+3.52,+16.360, +8.544,+0.984
1597673700,+3.52,+16.343, +8.531,+0.984
1597674300,+3.52,+16.335, +8.542,+0.984
1597674900,+3.52,+16.352, +8.531,+0.985
1597675500,+3.52,+16.318, +8.569,+0.985
1597676100,+3.52,+16.326, +8.554,+0.984
1597676700,+3.52,+16.335, +8.555,+0.985
1597677300,+3.52,+16.343, +8.548,+0.985
1597677900,+3.52,+16.343, +8.551,+0.984
1597678500,+3.52,+16.343, +8.529,+0.984
1597679100,+3.52,+16.335, +8.515,+0.984
1597679700,+3.52,+16.343, +8.479,+0.984
1597680300,+3.52,+16.335, +8.464,+0.985
1597680900,+3.52,+16.309, +8.476,+0.985
1597681500,+3.52,+16.301, +8.484,+0.985
1597682100,+3.52,+16.318, +8.474,+0.985
1597682700,+3.52,+16.360, +8.435,+0.984
1597683300,+3.52,+16.352, +8.370,+0.984
1597683900,+3.52,+16.420, +8.486,+0.984
1597684500,+3.52,+16.480, +8.509,+0.984
1597685100,+3.52,+16.539, +8.519,+0.984
1597685700,+3.52,+16.556, +8.531,+0.985
1597686300,+3.52,+16.616, +8.517,+0.984
1597686900,+3.52,+16.650, +8.522,+0.984
1597687500,+3.52,+16.675, +8.523,+0.984
1597688100,+3.52,+16.718, +8.521,+0.984
1597688700,+3.52,+16.735, +8.536,+0.985
1597689300,+3.52,+16.760, +8.528,+0.983
1597689900,+3.52,+16.837, +8.548,+0.984
1597690500,+3.53,+16.888, +8.538,+0.984
1597691100,+3.53,+16.922, +8.529,+0.984
1597691700,+3.53,+16.973, +8.518,+0.984
1597692300,+3.53,+16.998, +8.524,+0.984
1597692900,+3.53,+17.023, +8.524,+0.984
1597693500,+3.53,+17.049, +8.528,+0.984
1597694100,+3.53,+17.049, +8.520,+0.984
1597694700,+3.52,+17.057, +8.513,+0.984
1597695300,+3.52,+17.066, +8.511,+0.983
1597695900,+3.52,+17.049, +8.516,+0.983
1597696500,+3.53,+17.040, +8.537,+0.984
1597697100,+3.53,+17.108, +8.534,+0.984
1597697700,+3.52,+17.252, +8.517,+0.984
1597698300,+3.52,+17.345, +8.469,+0.984
1597698900,+3.52,+17.379, +8.488,+0.984
1597699500,+3.52,+17.456, +8.477,+0.984
1597700100,+3.52,+17.464, +8.485,+0.984
1597700700,+3.52,+17.439, +8.486,+0.984
1597701300,+3.52,+17.405, +8.510,+0.984
1597701900,+3.52,+17.515, +8.497,+0.984
1597702500,+3.52,+17.396, +8.560,+0.984
1597703100,+3.52,+17.430, +8.532,+0.983
1597703700,+3.52,+17.861, +8.548,+0.984
1597704300,+3.53,+17.937, +8.581,+0.983
1597704900,+3.53,+17.954, +8.548,+0.983
1597705500,+3.53,+17.937, +8.542,+0.983
1597706100,+3.52,+17.760, +8.534,+0.984
1597706700,+3.52,+17.650, +8.562,+0.984
1597707300,+3.52,+17.735, +8.580,+0.984
1597707900,+3.52,+17.684, +8.566,+0.984
1597708500,+3.52,+17.557, +8.509,+0.983
1597709100,+3.52,+17.726, +8.525,+0.984
1597709700,+3.52,+17.870, +8.523,+0.984
1597710300,+3.52,+17.912, +8.622,+0.983
1597710900,+3.52,+17.912, +8.630,+0.984
1597711500,+3.52,+17.768, +8.747,+0.983
1597712100,+3.52,+17.726, +8.827,+0.983
1597712700,+3.52,+17.811, +8.757,+0.984
1597713300,+3.53,+17.912, +8.695,+0.984
1597713900,+3.52,+17.844, +8.730,+0.984
1597714500,+3.52,+17.709, +8.614,+0.983
