7450-289223
OS REV: 1.05 Sensor Cal: 1592497301
Time (sec),  BV (Volts),  T (deg C),  DO (mg/l),  Q ()
1658965320,+3.49,+18.180, +8.329,+1.008
1658965920,+3.49,+18.256, +8.732,+1.008
1658966520,+3.49,+18.230, +8.621,+1.008
1658967120,+3.49,+18.239, +8.805,+1.009
1658967720,+3.49,+18.289, +8.628,+1.008
1658968320,+3.49,+18.281, +8.465,+1.008
1658968920,+3.49,+18.281, +8.346,+1.008
1658969520,+3.49,+18.272, +8.270,+1.009
1658970120,+3.49,+18.272, +8.241,+1.008
1658970720,+3.49,+18.281, +8.215,+1.008
1658971320,+3.49,+18.272, +8.233,+1.009
1658971920,+3.49,+18.205, +8.294,+1.008
1658972520,+3.49,+18.197, +8.350,+1.009
1658973120,+3.49,+18.163, +8.368,+1.008
1658973720,+3.49,+18.197, +8.338,+1.008
1658974320,+3.49,+18.171, +8.435,+1.008
1658974920,+3.49,+18.205, +8.520,+1.009
1658975520,+3.49,+18.230, +8.541,+1.008
1658976120,+3.49,+18.222, +8.385,+1.008
1658976720,+3.49,+18.239, +8.350,+1.008
1658977320,+3.49,+18.239, +8.500,+1.008
1658977920,+3.49,+18.214, +8.590,+1.008
1658978520,+3.49,+18.222, +8.585,+1.008
1658979120,+3.49,+18.197, +8.525,+1.009
1658979720,+3.49,+18.214, +8.560,+1.008
1658980320,+3.49,+18.230, +8.555,+1.008
1658980920,+3.49,+18.230, +8.442,+1.008
1658981520,+3.49,+18.272, +8.304,+1.008
1658982120,+3.49,+18.239, +8.313,+1.008
1658982720,+3.49,+18.239, +8.319,+1.008
1658983320,+3.49,+18.222, +8.331,+1.008
1658983920,+3.49,+18.188, +8.340,+1.008
1658984520,+3.49,+18.230, +8.335,+1.008
1658985120,+3.49,+18.197, +8.336,+1.009
1658985720,+3.49,+18.163, +8.413,+1.008
1658986320,+3.49,+18.197, +8.369,+1.008
1658986920,+3.49,+18.121, +8.328,+1.008
1658987520,+3.49,+18.096, +8.416,+1.008
1658988120,+3.49,+18.138, +8.486,+1.008
1658988720,+3.49,+18.180, +8.359,+1.008
1658989320,+3.49,+18.197, +8.263,+1.009
1658989920,+3.49,+18.222, +8.463,+1.008
1658990520,+3.49,+18.264, +8.410,+1.009
1658991120,+3.49,+18.247, +8.206,+1.009
1658991720,+3.49,+18.205, +8.193,+1.008
1658992320,+3.49,+18.188, +8.177,+1.008
1658992920,+3.49,+18.163, +8.177,+1.008
1658993520,+3.49,+18.146, +8.238,+1.009
1658994120,+3.49,+18.155, +8.187,+1.009
1658994720,+3.49,+18.171, +8.165,+1.008
1658995320,+3.49,+18.197, +8.267,+1.008
1658995920,+3.49,+18.197, +8.297,+1.009
1658996520,+3.49,+18.239, +8.239,+1.008
1658997120,+3.49,+18.222, +8.256,+1.008
1658997720,+3.49,+18.239, +8.268,+1.009
1658998320,+3.49,+18.214, +8.273,+1.008
1658998920,+3.49,+18.222, +8.309,+1.008
1658999520,+3.49,+18.230, +8.275,+1.009
1659000120,+3.49,+18.222, +8.228,+1.009
1659000720,+3.49,+18.197, +8.237,+1.008
1659001320,+3.49,+18.188, +8.231,+1.008
1659001920,+3.49,+18.197, +8.080,+1.009
1659002520,+3.49,+18.171, +8.258,+1.008
1659003120,+3.49,+18.171, +8.025,+1.008
1659003720,+3.49,+18.163, +8.028,+1.008
1659004320,+3.49,+18.138, +7.825,+1.009
1659004920,+3.49,+18.171, +7.759,+1.009
1659005520,+3.49,+18.230, +7.766,+1.009
1659006120,+3.49,+18.214, +7.858,+1.009
1659006720,+3.49,+18.171, +7.827,+1.009
1659007320,+3.49,+18.138, +7.793,+1.008
1659007920,+3.49,+18.121, +7.729,+1.009
1659008520,+3.49,+18.121, +7.731,+1.008
1659009120,+3.49,+18.146, +7.832,+1.009
1659009720,+3.49,+18.121, +7.842,+1.009
1659010320,+3.49,+18.104, +7.841,+1.008
1659010920,+3.49,+18.112, +7.831,+1.009
1659011520,+3.49,+18.087, +7.850,+1.009
1659012120,+3.49,+18.062, +7.842,+1.009
1659012720,+3.49,+18.054, +7.837,+1.009
1659013320,+3.49,+18.062, +7.816,+1.009
1659013920,+3.49,+18.037, +7.824,+1.009
1659014520,+3.49,+18.028, +7.844,+1.009
1659015120,+3.49,+17.995, +7.850,+1.008
1659015720,+3.49,+18.028, +7.841,+1.009
1659016320,+3.49,+18.003, +7.834,+1.009
1659016920,+3.49,+17.986, +7.824,+1.009
1659017520,+3.49,+17.978, +7.826,+1.009
1659018120,+3.49,+17.952, +7.834,+1.009
1659018720,+3.49,+17.986, +7.825,+1.009
1659019320,+3.49,+17.952, +7.832,+1.009
1659019920,+3.49,+17.952, +7.816,+1.008
1659020520,+3.49,+17.944, +7.829,+1.008
1659021120,+3.49,+17.927, +7.839,+1.009
1659021720,+3.49,+17.919, +7.845,+1.009
1659022320,+3.49,+17.944, +7.861,+1.009
1659022920,+3.49,+17.919, +7.864,+1.009
1659023520,+3.49,+17.944, +7.866,+1.009
1659024120,+3.49,+17.969, +7.886,+1.009
1659024720,+3.49,+17.961, +7.912,+1.008
1659025320,+3.49,+17.969, +7.929,+1.009
1659025920,+3.49,+17.995, +7.931,+1.008
1659026520,+3.49,+17.995, +7.935,+1.008
1659027120,+3.49,+17.995, +7.947,+1.009
1659027720,+3.49,+18.011, +7.952,+1.009
1659028320,+3.49,+18.028, +7.956,+1.009
1659028920,+3.49,+18.037, +7.969,+1.009
1659029520,+3.49,+18.037, +7.964,+1.008
1659030120,+3.49,+18.045, +7.958,+1.008
1659030720,+3.49,+18.054, +7.979,+1.008
1659031320,+3.49,+18.104, +7.994,+1.009
1659031920,+3.49,+18.112, +7.963,+1.009
1659032520,+3.49,+18.087, +7.938,+1.008
1659033120,+3.49,+18.070, +7.960,+1.009
1659033720,+3.49,+18.054, +7.993,+1.008
1659034320,+3.49,+18.070, +8.002,+1.008
1659034920,+3.49,+18.121, +7.961,+1.009
1659035520,+3.49,+18.188, +8.061,+1.008
1659036120,+3.49,+18.230, +8.136,+1.008
1659036720,+3.49,+18.247, +8.120,+1.008
1659037320,+3.49,+18.247, +8.116,+1.009
1659037920,+3.49,+18.256, +8.136,+1.009
1659038520,+3.49,+18.272, +8.157,+1.008
1659039120,+3.49,+18.306, +8.221,+1.009
1659039720,+3.49,+18.323, +8.052,+1.009
1659040320,+3.49,+18.357, +7.957,+1.008
1659040920,+3.49,+18.323, +8.064,+1.008
1659041520,+3.49,+18.348, +8.022,+1.009
1659042120,+3.49,+18.373, +8.048,+1.008
1659042720,+3.49,+18.441, +8.227,+1.009
1659043320,+3.49,+18.441, +8.240,+1.009
1659043920,+3.49,+18.424, +8.234,+1.009
1659044520,+3.49,+18.424, +8.211,+1.008
1659045120,+3.49,+18.466, +8.075,+1.008
1659045720,+3.49,+18.533, +8.110,+1.008
1659046320,+3.49,+18.516, +8.067,+1.009
1659046920,+3.49,+18.499, +8.029,+1.008
1659047520,+3.49,+18.499, +8.066,+1.009
1659048120,+3.49,+18.457, +8.037,+1.008
1659048720,+3.49,+18.491, +8.051,+1.009
1659049320,+3.49,+18.491, +8.041,+1.009
1659049920,+3.49,+18.508, +8.034,+1.009
1659050520,+3.49,+18.516, +8.266,+1.008
1659051120,+3.49,+18.525, +8.417,+1.008
1659051720,+3.49,+18.508, +8.394,+1.008
