7450-289223
OS REV: 1.05 Sensor Cal: 1592497301
Time (sec),  BV (Volts),  T (deg C),  DO (mg/l),  Q ()
1657573320,+3.47,+13.449, +8.512,+1.008
1657573920,+3.47,+13.484, +8.525,+1.009
1657574520,+3.47,+13.501, +8.516,+1.008
1657575120,+3.48,+13.554, +8.493,+1.008
1657575720,+3.48,+13.554, +8.504,+1.009
1657576320,+3.48,+13.589, +8.514,+1.008
1657576920,+3.48,+13.650, +8.500,+1.008
1657577520,+3.48,+13.632, +8.503,+1.008
1657578120,+3.48,+13.650, +8.493,+1.008
1657578720,+3.48,+13.684, +8.491,+1.008
1657579320,+3.48,+13.824, +8.504,+1.009
1657579920,+3.48,+13.859, +8.491,+1.009
1657580520,+3.48,+13.902, +8.472,+1.008
1657581120,+3.48,+13.876, +8.480,+1.008
1657581720,+3.48,+13.850, +8.517,+1.008
1657582320,+3.48,+13.841, +8.486,+1.008
1657582920,+3.48,+13.833, +8.502,+1.009
1657583520,+3.48,+13.824, +8.499,+1.008
1657584120,+3.48,+13.806, +8.530,+1.008
1657584720,+3.48,+13.841, +8.552,+1.008
1657585320,+3.48,+13.841, +8.550,+1.008
1657585920,+3.48,+13.789, +8.612,+1.008
1657586520,+3.48,+13.789, +8.576,+1.008
1657587120,+3.48,+13.806, +8.670,+1.008
1657587720,+3.48,+13.850, +8.719,+1.008
1657588320,+3.48,+13.902, +8.755,+1.008
1657588920,+3.47,+13.937, +8.668,+1.009
1657589520,+3.47,+13.998, +8.652,+1.008
1657590120,+3.47,+13.911, +8.646,+1.008
1657590720,+3.47,+13.876, +8.615,+1.008
1657591320,+3.47,+13.876, +9.007,+1.008
1657591920,+3.48,+13.824, +9.392,+1.008
1657592520,+3.48,+13.780, +9.397,+1.008
1657593120,+3.48,+13.867, +8.998,+1.009
1657593720,+3.48,+13.911, +8.856,+1.008
1657594320,+3.47,+13.920, +8.815,+1.009
1657594920,+3.48,+13.859, +8.852,+1.008
1657595520,+3.47,+13.911, +8.795,+1.008
1657596120,+3.47,+13.920, +8.730,+1.008
1657596720,+3.47,+13.911, +8.707,+1.008
1657597320,+3.47,+14.041, +8.577,+1.008
1657597920,+3.47,+14.067, +8.645,+1.008
1657598520,+3.47,+14.050, +8.634,+1.009
1657599120,+3.47,+14.024, +8.634,+1.008
1657599720,+3.47,+13.998, +8.587,+1.009
1657600320,+3.47,+14.015, +8.614,+1.008
1657600920,+3.47,+13.989, +8.616,+1.008
1657601520,+3.47,+13.954, +8.626,+1.008
1657602120,+3.47,+13.902, +8.578,+1.008
1657602720,+3.48,+13.876, +8.692,+1.008
1657603320,+3.48,+13.876, +8.679,+1.008
1657603920,+3.48,+13.876, +8.697,+1.008
1657604520,+3.48,+13.859, +9.152,+1.009
1657605120,+3.48,+13.841, +9.217,+1.009
1657605720,+3.48,+13.833, +9.154,+1.008
1657606320,+3.48,+13.850, +9.095,+1.009
1657606920,+3.47,+13.893, +9.081,+1.008
1657607520,+3.48,+13.928, +9.022,+1.009
1657608120,+3.47,+13.946, +8.780,+1.008
1657608720,+3.48,+13.928, +8.894,+1.008
1657609320,+3.47,+13.893, +8.772,+1.008
1657609920,+3.47,+13.885, +8.897,+1.008
1657610520,+3.48,+13.902, +8.893,+1.009
1657611120,+3.48,+13.893, +8.849,+1.008
1657611720,+3.48,+13.876, +8.544,+1.008
1657612320,+3.48,+13.885, +8.626,+1.008
1657612920,+3.48,+13.859, +8.573,+1.008
1657613520,+3.48,+13.893, +8.458,+1.008
1657614120,+3.48,+13.902, +8.553,+1.009
1657614720,+3.48,+13.885, +8.475,+1.008
1657615320,+3.48,+13.893, +8.388,+1.008
1657615920,+3.48,+13.893, +8.573,+1.009
1657616520,+3.48,+13.911, +8.563,+1.008
1657617120,+3.48,+13.911, +8.556,+1.008
1657617720,+3.48,+13.859, +8.456,+1.008
1657618320,+3.48,+13.902, +8.473,+1.008
1657618920,+3.47,+13.937, +8.585,+1.008
1657619520,+3.47,+13.946, +8.543,+1.008
1657620120,+3.48,+13.954, +8.489,+1.008
1657620720,+3.48,+13.954, +8.480,+1.007
1657621320,+3.47,+13.928, +8.491,+1.008
1657621920,+3.48,+13.911, +8.482,+1.009
1657622520,+3.48,+13.876, +8.499,+1.008
1657623120,+3.48,+13.867, +8.501,+1.008
1657623720,+3.48,+13.850, +8.499,+1.008
1657624320,+3.48,+13.815, +8.374,+1.008
1657624920,+3.48,+13.841, +8.437,+1.008
1657625520,+3.48,+13.789, +8.420,+1.008
1657626120,+3.48,+13.841, +8.543,+1.008
1657626720,+3.48,+13.859, +8.496,+1.008
1657627320,+3.48,+13.833, +8.461,+1.008
1657627920,+3.48,+13.833, +8.445,+1.009
1657628520,+3.48,+13.824, +8.528,+1.009
1657629120,+3.48,+13.824, +8.529,+1.008
1657629720,+3.48,+13.789, +8.706,+1.008
1657630320,+3.48,+13.772, +8.418,+1.008
1657630920,+3.48,+13.754, +8.354,+1.008
1657631520,+3.48,+13.763, +8.370,+1.008
1657632120,+3.48,+13.780, +8.367,+1.008
1657632720,+3.48,+13.745, +8.387,+1.008
1657633320,+3.48,+13.737, +8.393,+1.008
1657633920,+3.48,+13.737, +8.375,+1.008
1657634520,+3.48,+13.719, +8.375,+1.009
1657635120,+3.48,+13.702, +8.363,+1.008
1657635720,+3.48,+13.711, +8.357,+1.008
1657636320,+3.48,+13.702, +8.358,+1.008
1657636920,+3.48,+13.693, +8.397,+1.008
1657637520,+3.48,+13.676, +8.364,+1.008
1657638120,+3.48,+13.684, +8.392,+1.008
1657638720,+3.48,+13.658, +8.394,+1.008
1657639320,+3.48,+13.641, +8.420,+1.008
1657639920,+3.48,+13.684, +8.423,+1.009
1657640520,+3.48,+13.684, +8.413,+1.008
1657641120,+3.48,+13.702, +8.415,+1.008
1657641720,+3.48,+13.693, +8.429,+1.008
1657642320,+3.48,+13.693, +8.430,+1.008
1657642920,+3.48,+13.702, +8.394,+1.008
1657643520,+3.48,+13.719, +8.401,+1.008
1657644120,+3.48,+13.728, +8.376,+1.008
1657644720,+3.48,+13.763, +8.384,+1.008
1657645320,+3.48,+13.763, +8.393,+1.008
1657645920,+3.48,+13.789, +8.383,+1.008
1657646520,+3.48,+13.780, +8.395,+1.009
1657647120,+3.48,+13.798, +8.392,+1.009
1657647720,+3.48,+13.833, +8.391,+1.009
1657648320,+3.48,+13.841, +8.387,+1.008
1657648920,+3.48,+13.876, +8.390,+1.009
1657649520,+3.48,+13.876, +8.390,+1.008
1657650120,+3.48,+13.911, +8.359,+1.008
1657650720,+3.47,+13.928, +8.384,+1.008
1657651320,+3.47,+13.928, +8.370,+1.008
1657651920,+3.47,+13.963, +8.365,+1.008
1657652520,+3.48,+13.989, +8.366,+1.008
1657653120,+3.47,+13.998, +8.368,+1.008
1657653720,+3.47,+14.041, +8.382,+1.008
1657654320,+3.47,+14.041, +8.444,+1.008
1657654920,+3.47,+14.093, +8.446,+1.008
1657655520,+3.47,+14.093, +8.467,+1.008
1657656120,+3.47,+14.102, +8.451,+1.008
1657656720,+3.47,+14.102, +8.458,+1.008
1657657320,+3.47,+14.119, +8.469,+1.008
1657657920,+3.47,+14.128, +8.473,+1.008
1657658520,+3.47,+14.163, +8.460,+1.008
1657659120,+3.47,+14.145, +8.455,+1.008
1657659720,+3.47,+14.180, +8.460,+1.008
