7450-293738
OS REV: 1.05 Sensor Cal: 1592496161
Time (sec),  BV (Volts),  T (deg C),  DO (mg/l),  Q ()
1657399560,+3.08,+13.733, +9.026,+1.028
1657400160,+3.08,+13.654, +9.025,+1.027
1657400760,+3.08,+13.654, +8.993,+1.027
1657401360,+3.08,+13.637, +8.994,+1.028
1657401960,+3.08,+13.611, +9.103,+1.027
1657402560,+3.08,+13.506, +9.416,+1.028
1657403160,+3.08,+13.541, +9.371,+1.028
1657403760,+3.08,+13.593, +9.202,+1.028
1657404360,+3.08,+13.637, +9.091,+1.028
1657404960,+3.08,+13.733, +9.094,+1.028
1657405560,+3.08,+13.854, +8.976,+1.027
1657406160,+3.08,+13.889, +8.913,+1.027
1657406760,+3.08,+13.750, +9.314,+1.027
1657407360,+3.08,+13.759, +9.271,+1.027
1657407960,+3.08,+13.680, +9.152,+1.027
1657408560,+3.08,+13.741, +9.113,+1.027
1657409160,+3.08,+13.750, +8.985,+1.027
1657409760,+3.08,+13.724, +9.105,+1.027
1657410360,+3.08,+13.759, +9.100,+1.028
1657410960,+3.08,+13.776, +9.105,+1.027
1657411560,+3.08,+13.924, +9.151,+1.028
1657412160,+3.08,+14.089, +8.908,+1.028
1657412760,+3.07,+14.400, +8.750,+1.026
1657413360,+3.07,+14.366, +8.863,+1.027
1657413960,+3.07,+14.340, +8.790,+1.026
1657414560,+3.08,+13.872, +9.117,+1.028
1657415160,+3.08,+13.706, +9.113,+1.027
1657415760,+3.08,+13.793, +9.258,+1.027
1657416360,+3.08,+13.715, +8.898,+1.027
1657416960,+3.08,+13.759, +9.174,+1.028
1657417560,+3.08,+13.932, +9.218,+1.027
1657418160,+3.08,+13.993, +9.109,+1.027
1657418760,+3.08,+13.706, +9.313,+1.028
1657419360,+3.08,+13.584, +9.466,+1.027
1657419960,+3.08,+13.619, +9.400,+1.028
1657420560,+3.08,+13.637, +9.245,+1.027
1657421160,+3.08,+13.689, +9.026,+1.028
1657421760,+3.08,+13.550, +9.061,+1.027
1657422360,+3.08,+13.767, +9.214,+1.028
1657422960,+3.08,+14.115, +8.841,+1.027
1657423560,+3.08,+14.210, +8.736,+1.027
1657424160,+3.08,+14.201, +8.748,+1.027
1657424760,+3.07,+14.236, +8.622,+1.027
1657425360,+3.07,+14.271, +8.486,+1.027
1657425960,+3.07,+14.279, +8.434,+1.027
1657426560,+3.08,+14.045, +8.293,+1.027
1657427160,+3.08,+13.645, +8.876,+1.027
1657427760,+3.08,+13.611, +8.927,+1.027
1657428360,+3.08,+13.602, +8.905,+1.027
1657428960,+3.08,+13.584, +8.841,+1.027
1657429560,+3.08,+13.558, +8.854,+1.028
1657430160,+3.08,+13.567, +8.897,+1.028
1657430760,+3.08,+13.689, +8.700,+1.028
1657431360,+3.08,+13.680, +8.585,+1.027
1657431960,+3.08,+13.759, +8.525,+1.027
1657432560,+3.08,+13.802, +8.393,+1.028
1657433160,+3.08,+13.785, +8.468,+1.027
1657433760,+3.08,+13.811, +8.419,+1.027
1657434360,+3.08,+13.802, +8.401,+1.027
1657434960,+3.08,+13.793, +8.413,+1.027
1657435560,+3.08,+13.724, +8.266,+1.028
1657436160,+3.08,+13.645, +8.228,+1.027
1657436760,+3.08,+13.637, +8.246,+1.028
1657437360,+3.08,+13.698, +8.173,+1.027
1657437960,+3.08,+13.785, +8.270,+1.027
1657438560,+3.08,+13.828, +8.289,+1.027
1657439160,+3.08,+13.750, +8.243,+1.028
1657439760,+3.08,+13.750, +8.061,+1.027
1657440360,+3.08,+13.759, +8.155,+1.027
1657440960,+3.08,+13.663, +8.059,+1.027
1657441560,+3.08,+13.602, +8.154,+1.028
1657442160,+3.08,+13.628, +8.226,+1.028
1657442760,+3.08,+13.654, +8.123,+1.027
1657443360,+3.08,+13.663, +8.156,+1.027
1657443960,+3.08,+13.602, +8.080,+1.027
1657444560,+3.08,+13.532, +7.970,+1.027
1657445160,+3.08,+13.593, +8.055,+1.027
1657445760,+3.08,+13.523, +8.060,+1.027
1657446360,+3.08,+13.480, +8.065,+1.028
1657446960,+3.08,+13.515, +8.062,+1.027
1657447560,+3.08,+13.567, +8.278,+1.028
1657448160,+3.08,+13.558, +8.255,+1.027
1657448760,+3.08,+13.471, +8.136,+1.027
1657449360,+3.08,+13.471, +8.125,+1.028
1657449960,+3.08,+13.480, +8.162,+1.027
1657450560,+3.08,+13.480, +8.227,+1.027
1657451160,+3.07,+13.454, +8.162,+1.028
1657451760,+3.08,+13.436, +8.252,+1.028
1657452360,+3.07,+13.436, +8.205,+1.028
1657452960,+3.07,+13.419, +8.298,+1.027
1657453560,+3.07,+13.419, +8.288,+1.027
1657454160,+3.07,+13.384, +8.282,+1.027
1657454760,+3.07,+13.384, +8.247,+1.028
1657455360,+3.07,+13.358, +8.321,+1.028
1657455960,+3.07,+13.349, +8.310,+1.028
1657456560,+3.07,+13.349, +8.299,+1.027
1657457160,+3.07,+13.331, +8.286,+1.028
1657457760,+3.07,+13.331, +8.270,+1.027
1657458360,+3.07,+13.305, +8.297,+1.028
1657458960,+3.07,+13.288, +8.304,+1.028
1657459560,+3.07,+13.270, +8.281,+1.028
1657460160,+3.07,+13.253, +8.278,+1.028
1657460760,+3.07,+13.244, +8.279,+1.028
1657461360,+3.07,+13.226, +8.279,+1.027
1657461960,+3.07,+13.235, +8.305,+1.027
1657462560,+3.08,+13.183, +8.329,+1.028
1657463160,+3.08,+13.139, +8.205,+1.027
1657463760,+3.08,+13.121, +8.147,+1.027
1657464360,+3.08,+13.095, +8.214,+1.028
1657464960,+3.08,+13.104, +8.311,+1.028
1657465560,+3.08,+13.113, +8.341,+1.028
1657466160,+3.08,+13.086, +8.292,+1.028
1657466760,+3.08,+13.095, +8.331,+1.027
1657467360,+3.08,+13.095, +8.433,+1.028
1657467960,+3.08,+13.113, +8.343,+1.028
1657468560,+3.08,+13.016, +8.418,+1.028
1657469160,+3.08,+13.007, +8.489,+1.028
1657469760,+3.08,+13.007, +8.491,+1.028
1657470360,+3.08,+12.981, +8.593,+1.028
1657470960,+3.08,+13.016, +8.628,+1.028
1657471560,+3.08,+12.999, +8.602,+1.028
1657472160,+3.08,+13.060, +8.475,+1.028
1657472760,+3.08,+13.086, +8.480,+1.028
1657473360,+3.08,+13.078, +8.505,+1.028
1657473960,+3.08,+13.086, +8.504,+1.028
1657474560,+3.08,+13.113, +8.483,+1.028
1657475160,+3.08,+13.104, +8.543,+1.028
1657475760,+3.08,+13.165, +8.535,+1.028
1657476360,+3.07,+13.235, +8.591,+1.027
1657476960,+3.07,+13.226, +8.695,+1.028
1657477560,+3.07,+13.349, +8.624,+1.027
1657478160,+3.07,+13.340, +8.766,+1.028
1657478760,+3.07,+13.427, +8.646,+1.027
1657479360,+3.07,+13.384, +8.807,+1.027
1657479960,+3.08,+13.454, +8.769,+1.027
1657480560,+3.07,+13.445, +9.021,+1.028
1657481160,+3.08,+13.471, +9.116,+1.028
1657481760,+3.07,+13.419, +9.115,+1.027
1657482360,+3.08,+13.497, +9.155,+1.027
1657482960,+3.08,+13.550, +9.118,+1.028
1657483560,+3.08,+13.558, +9.025,+1.027
1657484160,+3.08,+13.611, +8.829,+1.027
1657484760,+3.08,+13.689, +8.859,+1.027
1657485360,+3.08,+13.724, +8.893,+1.027
1657485960,+3.08,+13.750, +8.871,+1.027
