7450-293738
OS REV: 1.05 Sensor Cal: 1592496161
Time (sec),  BV (Volts),  T (deg C),  DO (mg/l),  Q ()
1662532560,+3.05,+17.058, +8.260,+1.023
1662533160,+3.05,+17.024, +8.240,+1.023
1662533760,+3.05,+17.007, +8.267,+1.023
1662534360,+3.05,+17.016, +8.224,+1.024
1662534960,+3.05,+16.982, +8.210,+1.023
1662535560,+3.05,+16.965, +8.142,+1.023
1662536160,+3.05,+16.973, +8.114,+1.023
1662536760,+3.05,+16.948, +8.114,+1.023
1662537360,+3.05,+16.939, +8.122,+1.023
1662537960,+3.05,+16.914, +8.148,+1.023
1662538560,+3.05,+16.914, +8.135,+1.023
1662539160,+3.05,+16.914, +8.163,+1.024
1662539760,+3.05,+16.906, +8.110,+1.023
1662540360,+3.05,+16.906, +8.077,+1.023
1662540960,+3.05,+16.863, +8.064,+1.023
1662541560,+3.05,+16.855, +8.082,+1.024
1662542160,+3.05,+16.880, +8.069,+1.023
1662542760,+3.05,+16.812, +8.077,+1.023
1662543360,+3.05,+16.787, +8.114,+1.023
1662543960,+3.05,+16.770, +8.138,+1.023
1662544560,+3.05,+16.762, +8.146,+1.023
1662545160,+3.05,+16.745, +8.166,+1.023
1662545760,+3.05,+16.728, +8.202,+1.023
1662546360,+3.05,+16.719, +8.233,+1.024
1662546960,+3.05,+16.694, +8.264,+1.023
1662547560,+3.05,+16.694, +8.278,+1.024
1662548160,+3.05,+16.702, +8.315,+1.023
1662548760,+3.05,+16.668, +8.321,+1.023
1662549360,+3.05,+16.651, +8.300,+1.023
1662549960,+3.05,+16.668, +8.258,+1.023
1662550560,+3.04,+16.651, +8.243,+1.024
1662551160,+3.05,+16.668, +8.221,+1.023
1662551760,+3.04,+16.626, +8.198,+1.023
1662552360,+3.05,+16.617, +8.171,+1.023
1662552960,+3.05,+16.592, +8.142,+1.024
1662553560,+3.05,+16.583, +8.143,+1.024
1662554160,+3.05,+16.600, +8.278,+1.023
1662554760,+3.05,+16.592, +8.311,+1.024
1662555360,+3.05,+16.592, +8.234,+1.023
1662555960,+3.05,+16.575, +8.199,+1.023
1662556560,+3.05,+16.575, +8.197,+1.023
1662557160,+3.05,+16.549, +8.196,+1.024
1662557760,+3.05,+16.532, +8.214,+1.023
1662558360,+3.05,+16.532, +8.221,+1.023
1662558960,+3.05,+16.532, +8.241,+1.023
1662559560,+3.05,+16.524, +8.252,+1.023
1662560160,+3.05,+16.515, +8.302,+1.023
1662560760,+3.05,+16.515, +8.376,+1.023
1662561360,+3.05,+16.541, +8.423,+1.023
1662561960,+3.05,+16.558, +8.533,+1.023
1662562560,+3.05,+16.566, +8.573,+1.023
1662563160,+3.05,+16.549, +8.646,+1.024
1662563760,+3.05,+16.541, +8.728,+1.023
1662564360,+3.05,+16.566, +8.831,+1.024
1662564960,+3.05,+16.566, +8.894,+1.023
1662565560,+3.05,+16.566, +8.942,+1.024
1662566160,+3.05,+16.575, +8.982,+1.023
1662566760,+3.05,+16.566, +9.027,+1.024
1662567360,+3.05,+16.558, +9.047,+1.024
1662567960,+3.05,+16.592, +9.075,+1.024
1662568560,+3.05,+16.583, +9.163,+1.024
1662569160,+3.05,+16.609, +9.115,+1.023
1662569760,+3.05,+16.592, +9.134,+1.024
1662570360,+3.05,+16.592, +9.159,+1.023
1662570960,+3.05,+16.609, +9.099,+1.023
1662571560,+3.05,+16.609, +9.079,+1.024
1662572160,+3.05,+16.609, +9.070,+1.023
1662572760,+3.05,+16.609, +9.082,+1.024
1662573360,+3.05,+16.626, +9.074,+1.023
1662573960,+3.05,+16.694, +9.108,+1.023
1662574560,+3.05,+16.753, +9.207,+1.024
1662575160,+3.05,+16.787, +9.252,+1.024
1662575760,+3.05,+16.855, +9.360,+1.023
1662576360,+3.05,+16.889, +9.415,+1.023
1662576960,+3.05,+16.863, +9.496,+1.024
1662577560,+3.05,+16.872, +9.454,+1.023
1662578160,+3.05,+16.821, +9.357,+1.023
1662578760,+3.05,+16.889, +9.366,+1.023
1662579360,+3.05,+16.821, +9.346,+1.023
1662579960,+3.05,+16.829, +9.351,+1.023
1662580560,+3.05,+16.795, +9.410,+1.023
1662581160,+3.05,+16.745, +9.359,+1.024
1662581760,+3.05,+16.770, +9.356,+1.023
1662582360,+3.05,+16.812, +9.349,+1.024
1662582960,+3.05,+16.838, +9.290,+1.023
1662583560,+3.05,+16.795, +9.379,+1.023
1662584160,+3.05,+16.923, +9.508,+1.023
1662584760,+3.05,+16.855, +9.487,+1.024
1662585360,+3.05,+16.846, +9.495,+1.024
1662585960,+3.05,+16.838, +9.454,+1.024
1662586560,+3.05,+16.829, +9.471,+1.024
1662587160,+3.05,+16.872, +9.532,+1.023
1662587760,+3.05,+16.863, +9.506,+1.024
1662588360,+3.05,+16.855, +9.540,+1.024
1662588960,+3.05,+16.906, +9.576,+1.024
1662589560,+3.05,+16.863, +9.539,+1.023
1662590160,+3.05,+16.855, +9.493,+1.024
1662590760,+3.05,+16.795, +9.493,+1.024
1662591360,+3.05,+16.804, +9.512,+1.023
1662591960,+3.05,+16.821, +9.441,+1.023
1662592560,+3.05,+16.838, +9.493,+1.024
1662593160,+3.05,+16.846, +9.479,+1.023
1662593760,+3.05,+16.889, +9.582,+1.023
1662594360,+3.05,+16.889, +9.596,+1.023
1662594960,+3.05,+16.956, +9.680,+1.024
1662595560,+3.05,+16.939, +9.934,+1.023
1662596160,+3.05,+16.914, +9.914,+1.024
1662596760,+3.05,+16.821, +9.834,+1.024
1662597360,+3.05,+16.795, +9.683,+1.024
1662597960,+3.05,+16.778, +9.565,+1.024
1662598560,+3.05,+16.787, +9.448,+1.025
1662599160,+3.05,+16.745, +9.351,+1.023
1662599760,+3.05,+16.736, +9.277,+1.024
1662600360,+3.05,+16.745, +9.183,+1.023
1662600960,+3.05,+16.719, +9.099,+1.023
1662601560,+3.05,+16.702, +9.024,+1.023
1662602160,+3.05,+16.668, +8.969,+1.024
1662602760,+3.05,+16.685, +8.896,+1.024
1662603360,+3.04,+16.643, +8.848,+1.023
1662603960,+3.04,+16.643, +8.768,+1.024
1662604560,+3.05,+16.651, +8.682,+1.023
1662605160,+3.05,+16.626, +8.627,+1.023
1662605760,+3.05,+16.592, +8.800,+1.024
1662606360,+3.05,+16.609, +8.828,+1.024
1662606960,+3.05,+16.617, +8.787,+1.024
1662607560,+3.05,+16.609, +8.699,+1.023
1662608160,+3.05,+16.600, +8.640,+1.023
1662608760,+3.05,+16.600, +8.557,+1.024
1662609360,+3.05,+16.592, +8.543,+1.023
1662609960,+3.05,+16.575, +8.714,+1.023
1662610560,+3.05,+16.558, +8.720,+1.024
1662611160,+3.05,+16.541, +8.735,+1.024
1662611760,+3.05,+16.498, +8.712,+1.023
1662612360,+3.05,+16.507, +8.687,+1.023
1662612960,+3.05,+16.541, +8.705,+1.024
1662613560,+3.05,+16.515, +8.636,+1.023
1662614160,+3.05,+16.498, +8.666,+1.024
1662614760,+3.05,+16.507, +8.689,+1.023
1662615360,+3.05,+16.507, +8.722,+1.023
1662615960,+3.05,+16.490, +8.720,+1.024
1662616560,+3.05,+16.447, +8.728,+1.024
1662617160,+3.05,+16.464, +8.691,+1.024
1662617760,+3.05,+16.447, +8.648,+1.024
1662618360,+3.05,+16.473, +8.623,+1.024
1662618960,+3.05,+16.473, +8.633,+1.024
