7450-585180
OS REV: 1.04 Sensor Cal: 1557947487
Time (sec),  BV (Volts),  T (deg C),  DO (mg/l),  Q ()
1597967220,+3.51,+17.958, +7.215,+0.909
1597967820,+3.51,+17.958, +7.223,+0.909
1597968420,+3.51,+17.992, +7.219,+0.909
1597969020,+3.51,+18.034, +7.228,+0.909
1597969620,+3.51,+18.059, +7.210,+0.909
1597970220,+3.51,+18.084, +7.218,+0.909
1597970820,+3.51,+18.101, +7.214,+0.909
1597971420,+3.51,+18.084, +7.216,+0.909
1597972020,+3.51,+18.076, +7.211,+0.909
1597972620,+3.51,+18.076, +7.216,+0.909
1597973220,+3.51,+18.042, +7.218,+0.909
1597973820,+3.51,+18.000, +7.216,+0.909
1597974420,+3.51,+18.009, +7.214,+0.909
1597975020,+3.51,+17.966, +7.216,+0.910
1597975620,+3.51,+17.966, +7.208,+0.909
1597976220,+3.51,+17.941, +7.222,+0.909
1597976820,+3.51,+17.941, +7.211,+0.909
1597977420,+3.50,+17.907, +7.219,+0.909
1597978020,+3.50,+17.916, +7.212,+0.910
1597978620,+3.50,+17.907, +7.212,+0.909
1597979220,+3.50,+17.865, +7.212,+0.909
1597979820,+3.50,+17.857, +7.212,+0.909
1597980420,+3.50,+17.840, +7.206,+0.909
1597981020,+3.50,+17.815, +7.215,+0.910
1597981620,+3.50,+17.789, +7.212,+0.909
1597982220,+3.50,+17.798, +7.206,+0.909
1597982820,+3.50,+17.798, +7.209,+0.909
1597983420,+3.50,+17.747, +7.207,+0.909
1597984020,+3.50,+17.730, +7.213,+0.909
1597984620,+3.50,+17.730, +7.212,+0.909
1597985220,+3.50,+17.705, +7.223,+0.910
1597985820,+3.50,+17.705, +7.205,+0.909
1597986420,+3.50,+17.705, +7.209,+0.909
1597987020,+3.50,+17.679, +7.213,+0.909
1597987620,+3.50,+17.671, +7.211,+0.909
1597988220,+3.50,+17.646, +7.216,+0.909
1597988820,+3.50,+17.663, +7.214,+0.910
1597989420,+3.50,+17.620, +7.211,+0.909
1597990020,+3.50,+17.612, +7.217,+0.909
1597990620,+3.50,+17.595, +7.221,+0.909
1597991220,+3.50,+17.587, +7.216,+0.909
1597991820,+3.50,+17.561, +7.225,+0.909
1597992420,+3.50,+17.553, +7.226,+0.910
1597993020,+3.50,+17.544, +7.222,+0.909
1597993620,+3.50,+17.536, +7.222,+0.909
1597994220,+3.50,+17.510, +7.212,+0.909
1597994820,+3.50,+17.510, +7.217,+0.909
1597995420,+3.50,+17.477, +7.221,+0.909
1597996020,+3.50,+17.460, +7.223,+0.909
1597996620,+3.50,+17.443, +7.227,+0.909
1597997220,+3.50,+17.426, +7.226,+0.909
1597997820,+3.50,+17.426, +7.223,+0.909
1597998420,+3.50,+17.401, +7.236,+0.909
1597999020,+3.50,+17.358, +7.221,+0.909
1597999620,+3.50,+17.367, +7.235,+0.910
1598000220,+3.50,+17.358, +7.240,+0.910
1598000820,+3.50,+17.358, +7.244,+0.909
1598001420,+3.50,+17.333, +7.242,+0.909
1598002020,+3.50,+17.316, +7.241,+0.910
1598002620,+3.50,+17.307, +7.240,+0.909
1598003220,+3.50,+17.307, +7.239,+0.909
1598003820,+3.51,+17.291, +7.240,+0.909
1598004420,+3.51,+17.274, +7.245,+0.909
1598005020,+3.51,+17.265, +7.254,+0.910
1598005620,+3.51,+17.248, +7.238,+0.909
1598006220,+3.51,+17.231, +7.246,+0.910
1598006820,+3.51,+17.206, +7.242,+0.910
1598007420,+3.51,+17.206, +7.243,+0.910
1598008020,+3.51,+17.197, +7.246,+0.909
1598008620,+3.51,+17.180, +7.235,+0.909
1598009220,+3.51,+17.164, +7.241,+0.909
1598009820,+3.51,+17.155, +7.231,+0.909
1598010420,+3.51,+17.130, +7.236,+0.909
1598011020,+3.51,+17.130, +7.239,+0.909
1598011620,+3.51,+17.130, +7.229,+0.909
1598012220,+3.51,+17.096, +7.231,+0.909
1598012820,+3.51,+17.104, +7.239,+0.909
1598013420,+3.51,+17.087, +7.236,+0.909
1598014020,+3.51,+17.079, +7.234,+0.909
1598014620,+3.51,+17.079, +7.235,+0.909
1598015220,+3.51,+17.053, +7.240,+0.909
1598015820,+3.51,+17.036, +7.249,+0.909
1598016420,+3.51,+17.045, +7.252,+0.909
1598017020,+3.51,+17.028, +7.252,+0.909
1598017620,+3.51,+17.028, +7.248,+0.909
1598018220,+3.51,+17.002, +7.256,+0.909
1598018820,+3.51,+17.028, +7.253,+0.909
1598019420,+3.51,+16.994, +7.256,+0.909
1598020020,+3.51,+17.019, +7.251,+0.909
1598020620,+3.51,+17.028, +7.242,+0.909
1598021220,+3.51,+17.019, +7.248,+0.909
1598021820,+3.51,+17.045, +7.228,+0.909
1598022420,+3.51,+17.062, +7.239,+0.909
1598023020,+3.51,+17.096, +7.224,+0.909
1598023620,+3.51,+17.113, +7.234,+0.909
1598024220,+3.51,+17.113, +7.221,+0.909
1598024820,+3.51,+17.138, +7.228,+0.909
1598025420,+3.51,+17.130, +7.229,+0.909
1598026020,+3.51,+17.138, +7.224,+0.909
1598026620,+3.51,+17.155, +7.228,+0.909
1598027220,+3.51,+17.070, +7.250,+0.909
1598027820,+3.51,+17.070, +7.251,+0.909
1598028420,+3.51,+17.036, +7.271,+0.909
1598029020,+3.51,+17.036, +7.284,+0.909
1598029620,+3.51,+17.062, +7.275,+0.909
1598030220,+3.51,+17.070, +7.276,+0.909
1598030820,+3.51,+17.062, +7.273,+0.909
1598031420,+3.50,+17.189, +7.266,+0.909
1598032020,+3.51,+17.197, +7.261,+0.909
1598032620,+3.51,+17.138, +7.269,+0.909
1598033220,+3.51,+17.206, +7.271,+0.909
1598033820,+3.50,+17.316, +7.254,+0.909
1598034420,+3.50,+17.341, +7.267,+0.910
1598035020,+3.50,+17.384, +7.248,+0.908
1598035620,+3.50,+17.384, +7.259,+0.909
1598036220,+3.50,+17.434, +7.244,+0.909
1598036820,+3.50,+17.460, +7.263,+0.909
1598037420,+3.50,+17.510, +7.241,+0.909
1598038020,+3.50,+17.527, +7.244,+0.909
1598038620,+3.50,+17.536, +7.258,+0.909
1598039220,+3.50,+17.544, +7.264,+0.909
1598039820,+3.50,+17.570, +7.261,+0.909
1598040420,+3.50,+17.646, +7.256,+0.909
1598041020,+3.50,+17.688, +7.251,+0.909
1598041620,+3.50,+17.755, +7.243,+0.909
1598042220,+3.50,+17.755, +7.245,+0.909
1598042820,+3.50,+17.781, +7.246,+0.909
1598043420,+3.50,+17.806, +7.243,+0.909
1598044020,+3.50,+17.815, +7.245,+0.909
1598044620,+3.50,+17.840, +7.238,+0.909
1598045220,+3.50,+17.857, +7.240,+0.909
1598045820,+3.50,+17.882, +7.247,+0.909
1598046420,+3.50,+17.933, +7.232,+0.909
1598047020,+3.51,+17.966, +7.233,+0.909
1598047620,+3.51,+18.009, +7.238,+0.909
1598048220,+3.51,+18.093, +7.236,+0.909
1598048820,+3.51,+18.127, +7.231,+0.909
1598049420,+3.51,+18.152, +7.233,+0.910
1598050020,+3.51,+18.177, +7.222,+0.909
1598050620,+3.50,+18.186, +7.232,+0.909
1598051220,+3.50,+18.228, +7.234,+0.909
1598051820,+3.50,+18.253, +7.222,+0.909
1598052420,+3.51,+18.245, +7.225,+0.909
1598053020,+3.50,+18.245, +7.227,+0.909
1598053620,+3.50,+18.228, +7.230,+0.909
