7450-585180
OS REV: 1.04 Sensor Cal: 1557947487
Time (sec),  BV (Volts),  T (deg C),  DO (mg/l),  Q ()
1597793220,+3.50,+18.009, +7.303,+0.909
1597793820,+3.50,+18.009, +7.317,+0.910
1597794420,+3.50,+18.000, +7.318,+0.910
1597795020,+3.50,+18.009, +7.313,+0.909
1597795620,+3.50,+17.983, +7.315,+0.909
1597796220,+3.50,+18.000, +7.308,+0.909
1597796820,+3.50,+18.017, +7.304,+0.909
1597797420,+3.50,+18.017, +7.304,+0.909
1597798020,+3.50,+18.025, +7.306,+0.910
1597798620,+3.50,+18.025, +7.291,+0.909
1597799220,+3.50,+18.025, +7.299,+0.909
1597799820,+3.50,+18.051, +7.305,+0.910
1597800420,+3.50,+18.194, +7.292,+0.909
1597801020,+3.50,+18.068, +7.309,+0.910
1597801620,+3.50,+18.093, +7.295,+0.909
1597802220,+3.50,+18.076, +7.302,+0.910
1597802820,+3.50,+17.899, +7.302,+0.909
1597803420,+3.50,+17.933, +7.313,+0.909
1597804020,+3.50,+17.772, +7.304,+0.909
1597804620,+3.50,+17.595, +7.327,+0.909
1597805220,+3.50,+17.561, +7.340,+0.909
1597805820,+3.50,+17.587, +7.343,+0.909
1597806420,+3.50,+17.654, +7.336,+0.909
1597807020,+3.50,+17.620, +7.334,+0.909
1597807620,+3.50,+17.637, +7.336,+0.909
1597808220,+3.50,+17.629, +7.330,+0.909
1597808820,+3.50,+17.603, +7.335,+0.910
1597809420,+3.50,+17.570, +7.331,+0.909
1597810020,+3.50,+17.553, +7.332,+0.910
1597810620,+3.50,+17.544, +7.334,+0.910
1597811220,+3.50,+17.553, +7.325,+0.909
1597811820,+3.50,+17.578, +7.333,+0.910
1597812420,+3.50,+17.603, +7.334,+0.909
1597813020,+3.50,+17.637, +7.327,+0.910
1597813620,+3.50,+17.620, +7.342,+0.910
1597814220,+3.50,+17.637, +7.330,+0.909
1597814820,+3.50,+17.654, +7.336,+0.910
1597815420,+3.50,+17.679, +7.327,+0.909
1597816020,+3.50,+17.722, +7.325,+0.909
1597816620,+3.50,+17.663, +7.321,+0.909
1597817220,+3.50,+17.671, +7.322,+0.910
1597817820,+3.50,+17.713, +7.321,+0.909
1597818420,+3.50,+17.696, +7.316,+0.910
1597819020,+3.50,+17.713, +7.312,+0.909
1597819620,+3.50,+17.722, +7.298,+0.909
1597820220,+3.50,+17.713, +7.310,+0.909
1597820820,+3.50,+17.688, +7.301,+0.910
1597821420,+3.50,+17.654, +7.320,+0.910
1597822020,+3.50,+17.629, +7.333,+0.909
1597822620,+3.50,+17.620, +7.305,+0.910
1597823220,+3.50,+17.612, +7.307,+0.910
1597823820,+3.50,+17.587, +7.334,+0.910
1597824420,+3.50,+17.629, +7.311,+0.910
1597825020,+3.50,+17.612, +7.309,+0.909
1597825620,+3.50,+17.587, +7.303,+0.909
1597826220,+3.50,+17.587, +7.292,+0.909
1597826820,+3.50,+17.561, +7.303,+0.909
1597827420,+3.50,+17.536, +7.282,+0.909
1597828020,+3.50,+17.527, +7.293,+0.910
1597828620,+3.50,+17.510, +7.285,+0.909
1597829220,+3.50,+17.502, +7.285,+0.909
1597829820,+3.50,+17.485, +7.291,+0.910
1597830420,+3.50,+17.494, +7.284,+0.909
1597831020,+3.50,+17.460, +7.284,+0.909
1597831620,+3.50,+17.451, +7.285,+0.909
1597832220,+3.50,+17.451, +7.277,+0.909
1597832820,+3.50,+17.443, +7.280,+0.910
1597833420,+3.50,+17.434, +7.292,+0.910
1597834020,+3.50,+17.426, +7.283,+0.910
1597834620,+3.50,+17.426, +7.284,+0.910
1597835220,+3.50,+17.409, +7.277,+0.909
1597835820,+3.50,+17.375, +7.288,+0.910
1597836420,+3.50,+17.392, +7.277,+0.909
1597837020,+3.50,+17.341, +7.283,+0.910
1597837620,+3.50,+17.358, +7.271,+0.909
1597838220,+3.50,+17.375, +7.268,+0.909
1597838820,+3.50,+17.333, +7.278,+0.909
1597839420,+3.50,+17.341, +7.275,+0.910
1597840020,+3.50,+17.341, +7.275,+0.909
1597840620,+3.50,+17.324, +7.274,+0.909
1597841220,+3.50,+17.316, +7.273,+0.909
1597841820,+3.50,+17.291, +7.291,+0.910
1597842420,+3.50,+17.316, +7.284,+0.910
1597843020,+3.50,+17.274, +7.302,+0.909
1597843620,+3.50,+17.257, +7.299,+0.909
1597844220,+3.50,+17.274, +7.298,+0.910
1597844820,+3.50,+17.248, +7.295,+0.909
1597845420,+3.50,+17.223, +7.291,+0.909
1597846020,+3.50,+17.189, +7.291,+0.909
1597846620,+3.50,+17.197, +7.290,+0.909
1597847220,+3.50,+17.189, +7.289,+0.909
1597847820,+3.50,+17.189, +7.296,+0.910
1597848420,+3.51,+17.180, +7.298,+0.910
1597849020,+3.51,+17.147, +7.285,+0.909
1597849620,+3.51,+17.130, +7.290,+0.909
1597850220,+3.50,+17.121, +7.292,+0.909
1597850820,+3.51,+17.130, +7.293,+0.909
1597851420,+3.51,+17.121, +7.303,+0.910
1597852020,+3.51,+17.130, +7.290,+0.909
1597852620,+3.51,+17.138, +7.290,+0.909
1597853220,+3.51,+17.138, +7.286,+0.909
1597853820,+3.51,+17.155, +7.302,+0.910
1597854420,+3.51,+17.155, +7.295,+0.910
1597855020,+3.51,+17.164, +7.294,+0.910
1597855620,+3.51,+17.147, +7.300,+0.910
1597856220,+3.51,+17.155, +7.290,+0.909
1597856820,+3.50,+17.206, +7.289,+0.910
1597857420,+3.50,+17.240, +7.283,+0.909
1597858020,+3.50,+17.282, +7.270,+0.909
1597858620,+3.50,+17.316, +7.274,+0.909
1597859220,+3.51,+17.282, +7.281,+0.909
1597859820,+3.50,+17.257, +7.290,+0.910
1597860420,+3.51,+17.257, +7.283,+0.909
1597861020,+3.50,+17.231, +7.290,+0.909
1597861620,+3.50,+17.240, +7.289,+0.909
1597862220,+3.50,+17.231, +7.298,+0.909
1597862820,+3.50,+17.240, +7.307,+0.910
1597863420,+3.50,+17.265, +7.293,+0.909
1597864020,+3.50,+17.291, +7.280,+0.908
1597864620,+3.50,+17.316, +7.281,+0.909
1597865220,+3.50,+17.333, +7.290,+0.909
1597865820,+3.50,+17.367, +7.275,+0.909
1597866420,+3.50,+17.316, +7.296,+0.909
1597867020,+3.50,+17.324, +7.299,+0.909
1597867620,+3.50,+17.341, +7.306,+0.909
1597868220,+3.50,+17.341, +7.299,+0.909
1597868820,+3.50,+17.375, +7.304,+0.909
1597869420,+3.50,+17.384, +7.303,+0.909
1597870020,+3.50,+17.401, +7.305,+0.909
1597870620,+3.50,+17.460, +7.301,+0.909
1597871220,+3.50,+17.451, +7.310,+0.910
1597871820,+3.50,+17.477, +7.291,+0.909
1597872420,+3.50,+17.485, +7.287,+0.909
1597873020,+3.50,+17.815, +7.295,+0.909
1597873620,+3.51,+17.966, +7.281,+0.909
1597874220,+3.51,+18.068, +7.278,+0.909
1597874820,+3.51,+18.110, +7.282,+0.909
1597875420,+3.50,+18.211, +7.260,+0.909
1597876020,+3.50,+18.295, +7.267,+0.909
1597876620,+3.50,+18.404, +7.266,+0.910
1597877220,+3.50,+18.329, +7.266,+0.909
1597877820,+3.50,+18.388, +7.263,+0.909
1597878420,+3.50,+18.522, +7.258,+0.909
1597879020,+3.50,+18.548, +7.258,+0.909
1597879620,+3.50,+18.556, +7.254,+0.909
