1,0/0/0,0:0:0,+3.39,+227.4,+3.39,+23.8,-0.6,+0.4,+0,-2.30,-2.50
1,1/1/0,0:30:0,+1.77,+220.4,+5.06,+24.4,-0.3,+0.3,+0,-1.35,-1.15
1,1/1/0,1:0:0,+1.37,+209.3,+3.13,+25.3,-0.5,+0.9,+0,-1.19,-0.67
1,1/1/0,1:30:0,+1.51,+201.7,+5.17,+25.9,-0.8,+0.8,+0,-1.40,-0.56
1,1/1/0,2:0:0,+1.54,+207.5,+3.55,+26.2,-0.7,+0.7,+0,-1.37,-0.71
1,1/1/0,2:30:0,+1.54,+212.3,+4.07,+26.5,-0.5,+0.8,+0,-1.30,-0.82
1,1/1/0,3:0:0,+1.40,+208.2,+4.02,+26.5,-0.8,+0.7,+0,-1.23,-0.66
1,1/1/0,3:30:0,+1.09,+214.5,+4.70,+27.1,-0.6,+0.6,+0,-0.90,-0.62
1,1/1/0,4:0:0,+1.10,+213.8,+3.68,+27.3,-0.7,+0.9,+0,-0.91,-0.61
1,1/1/0,4:30:0,+1.04,+218.8,+3.54,+26.4,-0.7,+1.0,+0,-0.81,-0.65
1,1/1/0,5:0:0,+0.66,+214.2,+2.67,+26.1,-0.5,+0.8,+0,-0.54,-0.37
1,1/1/0,5:30:0,+0.39,+193.9,+1.73,+25.2,-0.6,+0.7,+0,-0.38,-0.09
1,1/1/0,6:0:0,+0.29,+66.3,+1.24,+24.2,-0.6,+0.8,+0,+0.12,+0.26
1,1/1/0,6:30:0,+0.18,+117.7,+0.51,+22.2,-0.7,+0.8,+0,-0.08,+0.16
1,1/1/0,7:0:0,+0.18,+86.3,+0.67,+20.9,-0.7,+0.9,+0,+0.01,+0.18
1,1/1/0,7:30:0,+0.38,+317.8,+0.77,+20.5,-0.5,+0.7,+0,+0.28,-0.25
1,1/1/0,8:0:0,+0.43,+309.1,+0.91,+19.3,-0.5,+0.9,+0,+0.27,-0.33
1,1/1/0,8:30:0,+0.37,+333.7,+1.02,+18.5,-0.5,+0.7,+0,+0.33,-0.16
1,1/1/0,9:0:0,+0.45,+289.1,+0.96,+17.3,-0.5,+0.9,+0,+0.15,-0.42
1,1/1/0,9:30:0,+0.32,+287.8,+0.82,+16.7,-0.6,+0.8,+0,+0.10,-0.31
1,1/1/0,10:0:0,+0.31,+289.0,+0.58,+16.1,-0.4,+0.6,+0,+0.10,-0.30
1,1/1/0,10:30:0,+0.26,+286.3,+0.52,+15.5,-0.7,+0.9,+0,+0.07,-0.24
1,1/1/0,11:0:0,+0.29,+326.2,+0.64,+14.7,-0.7,+1.0,+0,+0.24,-0.16
1,1/1/0,11:30:0,+0.28,+353.5,+0.62,+14.5,-0.7,+0.8,+0,+0.28,-0.03
1,1/1/0,12:0:0,+0.27,+349.1,+0.57,+14.3,-0.5,+0.7,+0,+0.26,-0.05
1,1/1/0,12:30:0,+0.27,+302.8,+0.64,+13.8,-0.4,+0.8,+0,+0.15,-0.23
1,1/1/0,13:0:0,+0.27,+357.2,+0.69,+13.3,-0.6,+0.9,+0,+0.27,-0.01
1,1/1/0,13:30:0,+0.27,+332.0,+0.62,+12.8,-0.4,+0.8,+0,+0.24,-0.13
1,1/1/0,14:0:0,+0.28,+288.0,+0.57,+12.3,-0.5,+0.9,+0,+0.09,-0.26
1,1/1/0,14:30:0,+0.25,+337.3,+0.59,+12.0,-0.5,+0.6,+0,+0.23,-0.10
1,1/1/0,15:0:0,+0.24,+306.4,+0.57,+11.7,-0.7,+0.9,+0,+0.14,-0.19
1,1/1/0,15:30:0,+0.26,+324.2,+0.64,+11.3,-0.5,+0.9,+0,+0.21,-0.15
1,1/1/0,16:0:0,+0.21,+352.1,+0.53,+11.0,-0.4,+0.8,+0,+0.21,-0.03
1,1/1/0,16:30:0,+0.29,+16.7,+0.54,+11.1,-0.6,+0.7,+0,+0.28,+0.08
1,1/1/0,17:0:0,+0.23,+344.7,+0.47,+11.2,-0.5,+0.6,+0,+0.22,-0.06
1,1/1/0,17:30:0,+0.21,+16.3,+0.51,+11.1,-0.5,+0.8,+0,+0.20,+0.06
1,1/1/0,18:0:0,+0.29,+13.0,+0.98,+11.5,-0.4,+0.7,+0,+0.28,+0.06
1,1/1/0,18:30:0,+0.48,+88.8,+1.08,+12.9,-0.3,+0.9,+0,+0.01,+0.48
1,1/1/0,19:0:0,+0.63,+91.9,+1.14,+14.3,-0.4,+0.7,+0,-0.02,+0.63
1,1/1/0,19:30:0,+0.61,+99.1,+1.03,+15.6,-0.5,+0.9,+0,-0.10,+0.61
1,1/1/0,20:0:0,+0.55,+102.2,+1.01,+17.0,-0.6,+0.9,+0,-0.12,+0.54
1,1/1/0,20:30:0,+0.61,+111.6,+1.00,+18.8,-0.4,+0.9,+0,-0.22,+0.57
1,1/1/0,21:0:0,+0.62,+101.4,+1.03,+21.1,-0.7,+0.8,+0,-0.12,+0.61
1,1/1/0,21:30:0,+0.56,+155.6,+0.92,+22.6,-0.7,+0.8,+0,-0.51,+0.23
1,1/1/0,22:0:0,+0.88,+203.1,+1.91,+24.5,-0.6,+0.7,+0,-0.81,-0.35
1,1/1/0,22:30:0,+0.47,+129.9,+1.07,+24.6,-0.8,+0.7,+0,-0.30,+0.36
1,1/1/0,23:0:0,+0.33,+202.3,+1.05,+25.3,-0.7,+0.9,+0,-0.31,-0.13
1,1/1/0,23:30:0,+0.62,+191.6,+1.51,+24.7,-0.8,+0.8,+0,-0.61,-0.13
1,2/1/0,0:0:0,+0.76,+199.6,+1.56,+25.7,-0.6,+0.5,+0,-0.72,-0.26
1,2/1/0,0:30:0,+0.59,+103.0,+1.25,+26.1,-0.6,+0.8,+0,-0.13,+0.57
1,2/1/0,1:0:0,+0.67,+112.3,+1.27,+26.7,-0.6,+0.7,+0,-0.25,+0.62
1,2/1/0,1:30:0,+0.77,+118.1,+2.10,+26.3,-0.7,+0.7,+0,-0.36,+0.68
1,2/1/0,2:0:0,+0.89,+112.5,+3.13,+26.3,-0.6,+0.5,+0,-0.34,+0.82
1,2/1/0,2:30:0,+0.89,+106.4,+2.13,+27.1,-0.7,+0.9,+0,-0.25,+0.86
1,2/1/0,3:0:0,+1.05,+201.4,+2.67,+28.1,-0.9,+0.7,+0,-0.98,-0.38
1,2/1/0,3:30:0,+0.91,+212.1,+2.50,+27.9,-0.8,+0.8,+0,-0.77,-0.48
1,2/1/0,4:0:0,+0.72,+214.7,+2.75,+27.6,-0.6,+0.8,+0,-0.60,-0.41
1,2/1/0,4:30:0,+0.25,+225.6,+0.87,+25.7,-0.8,+0.8,+0,-0.17,-0.18
1,2/1/0,5:0:0,+0.41,+230.5,+2.16,+24.6,-0.7,+0.7,+0,-0.26,-0.32
1,2/1/0,5:30:0,+0.45,+196.0,+1.75,+23.4,-0.6,+0.8,+0,-0.43,-0.12
1,2/1/0,6:0:0,+0.53,+201.3,+2.16,+21.6,-0.5,+0.8,+0,-0.49,-0.19
1,2/1/0,6:30:0,+0.40,+271.6,+1.33,+18.1,-0.4,+0.6,+0,+0.01,-0.40
1,2/1/0,7:0:0,+0.26,+43.4,+0.59,+17.4,-0.7,+0.8,+0,+0.19,+0.18
1,2/1/0,7:30:0,+0.55,+224.3,+3.06,+17.3,-0.4,+0.6,+0,-0.39,-0.39
1,2/1/0,8:0:0,+0.62,+259.6,+3.02,+16.4,-0.7,+0.8,+0,-0.11,-0.61
1,2/1/0,8:30:0,+0.50,+102.4,+2.18,+14.7,-0.4,+0.7,+0,-0.11,+0.49
1,2/1/0,9:0:0,+0.24,+29.4,+0.94,+14.0,-0.5,+0.8,+0,+0.20,+0.12
1,2/1/0,9:30:0,+0.27,+47.6,+0.67,+13.5,-0.5,+0.9,+0,+0.18,+0.20
1,2/1/0,10:0:0,+0.24,+29.7,+0.67,+12.9,-0.6,+0.9,+0,+0.21,+0.12
1,2/1/0,10:30:0,+0.24,+5.4,+0.71,+12.5,-0.6,+0.9,+0,+0.24,+0.02
1,2/1/0,11:0:0,+0.32,+347.2,+0.74,+12.0,-0.7,+0.9,+0,+0.31,-0.07
1,2/1/0,11:30:0,+0.32,+345.9,+0.62,+11.8,-0.5,+0.9,+0,+0.31,-0.08
1,2/1/0,12:0:0,+0.29,+343.7,+0.53,+11.5,-0.4,+0.9,+0,+0.28,-0.08
1,2/1/0,12:30:0,+0.26,+315.5,+0.55,+11.4,-0.4,+0.7,+0,+0.18,-0.18
1,2/1/0,13:0:0,+0.24,+333.6,+0.56,+11.2,-0.5,+0.6,+0,+0.21,-0.10
1,2/1/0,13:30:0,+0.28,+330.3,+0.60,+10.6,-0.4,+0.9,+0,+0.24,-0.14
1,2/1/0,14:0:0,+0.37,+281.5,+1.31,+10.7,-0.4,+0.7,+0,+0.07,-0.36
1,2/1/0,14:30:0,+0.28,+341.2,+0.73,+10.8,-0.7,+0.7,+0,+0.26,-0.09
1,2/1/0,15:0:0,+0.29,+299.5,+1.25,+10.9,-0.7,+0.8,+0,+0.15,-0.26
1,2/1/0,15:30:0,+0.20,+318.2,+0.52,+10.5,-0.6,+0.8,+0,+0.15,-0.13
1,2/1/0,16:0:0,+0.22,+331.6,+0.55,+10.6,-0.5,+0.9,+0,+0.20,-0.11
1,2/1/0,16:30:0,+0.22,+252.3,+1.32,+10.1,-0.3,+0.8,+0,-0.07,-0.21
1,2/1/0,17:0:0,+0.13,+357.3,+0.30,+10.1,-0.4,+1.0,+0,+0.13,-0.01
1,2/1/0,17:30:0,+0.24,+309.9,+0.51,+10.1,-0.6,+0.9,+0,+0.15,-0.18
1,2/1/0,18:0:0,+0.22,+350.9,+0.96,+10.2,-0.5,+0.8,+0,+0.22,-0.03
1,2/1/0,18:30:0,+0.53,+94.2,+1.37,+11.5,-0.5,+0.8,+0,-0.04,+0.53
1,2/1/0,19:0:0,+0.80,+88.4,+1.38,+12.5,-0.5,+1.0,+0,+0.02,+0.80
1,2/1/0,19:30:0,+0.94,+92.9,+1.32,+13.7,-0.7,+0.7,+0,-0.05,+0.94
1,2/1/0,20:0:0,+0.87,+93.4,+1.26,+15.0,-0.6,+0.9,+0,-0.05,+0.87
1,2/1/0,20:30:0,+0.57,+125.0,+0.92,+16.6,-0.6,+0.7,+0,-0.33,+0.47
1,2/1/0,21:0:0,+0.48,+164.9,+0.88,+18.0,-0.5,+0.8,+0,-0.46,+0.12
1,2/1/0,21:30:0,+0.60,+110.3,+1.27,+19.4,-0.6,+0.7,+0,-0.21,+0.56
1,2/1/0,22:0:0,+0.75,+136.2,+1.83,+20.6,-0.6,+0.7,+0,-0.54,+0.52
1,2/1/0,22:30:0,+0.99,+184.0,+3.39,+21.5,-0.6,+0.9,+0,-0.98,-0.07
1,2/1/0,23:0:0,+1.33,+207.8,+2.98,+22.3,-0.7,+0.6,+0,-1.17,-0.62
1,2/1/0,23:30:0,+1.66,+211.8,+4.88,+23.0,-0.5,+0.8,+0,-1.41,-0.87
1,3/1/0,0:0:0,+0.99,+211.2,+4.52,+23.1,-0.6,+0.9,+0,-0.84,-0.51
1,3/1/0,0:30:0,+1.47,+218.3,+3.42,+23.0,-0.8,+0.9,+0,-1.15,-0.91
1,3/1/0,1:0:0,+1.65,+213.3,+3.43,+23.6,-0.6,+0.8,+0,-1.38,-0.91
1,3/1/0,1:30:0,+1.52,+199.8,+3.42,+24.0,-0.7,+0.9,+0,-1.43,-0.51
1,3/1/0,2:0:0,+1.59,+209.6,+3.27,+24.4,-0.5,+0.7,+0,-1.39,-0.79
1,3/1/0,2:30:0,+1.62,+205.7,+3.74,+24.6,-0.7,+0.8,+0,-1.46,-0.70
1,3/1/0,3:0:0,+1.45,+213.5,+4.52,+24.7,-0.7,+0.6,+0,-1.21,-0.80
1,3/1/0,3:30:0,+1.22,+208.0,+2.67,+25.1,-0.6,+0.5,+0,-1.07,-0.57
1,3/1/0,4:0:0,+0.96,+194.4,+2.98,+25.3,-0.6,+0.6,+0,-0.92,-0.24
1,3/1/0,4:30:0,+0.90,+193.0,+3.22,+25.1,-0.6,+0.9,+0,-0.88,-0.20
1,3/1/0,5:0:0,+0.72,+208.5,+2.75,+24.4,-0.7,+0.8,+0,-0.64,-0.35
1,3/1/0,5:30:0,+0.38,+208.4,+1.34,+23.6,-0.7,+1.0,+0,-0.33,-0.18
1,3/1/0,6:0:0,+0.33,+48.2,+1.01,+22.7,-0.6,+1.3,+0,+0.22,+0.25
1,3/1/0,6:30:0,+0.27,+34.8,+0.58,+21.4,-0.6,+0.8,+0,+0.22,+0.15
1,3/1/0,7:0:0,+0.30,+11.2,+0.57,+20.1,-0.6,+1.1,+0,+0.29,+0.06
1,3/1/0,7:30:0,+0.30,+354.4,+0.64,+19.0,-0.6,+0.9,+0,+0.30,-0.03
1,3/1/0,8:0:0,+0.31,+324.6,+0.78,+17.7,-0.6,+0.8,+0,+0.25,-0.18
1,3/1/0,8:30:0,+0.37,+308.0,+0.77,+16.5,-0.6,+1.0,+0,+0.23,-0.29
1,3/1/0,9:0:0,+0.33,+305.8,+0.77,+15.6,-0.6,+0.6,+0,+0.19,-0.27
1,3/1/0,9:30:0,+0.28,+301.4,+0.61,+14.8,-0.5,+0.8,+0,+0.14,-0.24
1,3/1/0,10:0:0,+0.27,+302.5,+0.59,+14.1,-0.6,+0.6,+0,+0.14,-0.22
1,3/1/0,10:30:0,+0.25,+322.1,+0.49,+13.5,-0.2,+0.7,+0,+0.19,-0.15
1,3/1/0,11:0:0,+0.31,+326.7,+0.64,+13.3,-0.7,+0.8,+0,+0.26,-0.17
1,3/1/0,11:30:0,+0.20,+294.4,+0.42,+13.0,-0.5,+0.8,+0,+0.08,-0.18
1,3/1/0,12:0:0,+0.29,+351.9,+0.66,+12.6,-0.5,+0.7,+0,+0.28,-0.04
1,3/1/0,12:30:0,+0.20,+308.2,+0.51,+12.3,-0.6,+0.8,+0,+0.12,-0.16
1,3/1/0,13:0:0,+0.26,+343.7,+0.49,+12.0,-0.5,+0.7,+0,+0.25,-0.07
1,3/1/0,13:30:0,+0.28,+6.0,+0.66,+11.8,-0.5,+0.8,+0,+0.28,+0.03
1,3/1/0,14:0:0,+0.35,+339.3,+0.73,+11.7,-0.5,+0.8,+0,+0.33,-0.12
1,3/1/0,14:30:0,+0.26,+312.9,+0.54,+11.4,-0.6,+0.9,+0,+0.18,-0.19
1,3/1/0,15:0:0,+0.20,+324.0,+0.45,+11.1,-0.5,+0.9,+0,+0.16,-0.12
1,3/1/0,15:30:0,+0.21,+337.0,+0.47,+10.8,-0.5,+1.0,+0,+0.20,-0.08
1,3/1/0,16:0:0,+0.25,+327.5,+0.53,+10.6,-0.6,+0.9,+0,+0.21,-0.13
1,3/1/0,16:30:0,+0.17,+313.8,+0.34,+10.6,-0.4,+0.9,+0,+0.11,-0.12
1,3/1/0,17:0:0,+0.20,+320.4,+0.50,+10.7,-0.4,+0.7,+0,+0.16,-0.13
1,3/1/0,17:30:0,+0.18,+322.2,+0.37,+10.8,-0.5,+0.8,+0,+0.14,-0.11
1,3/1/0,18:0:0,+0.27,+8.8,+0.76,+11.2,-0.7,+0.9,+0,+0.27,+0.04
1,3/1/0,18:30:0,+0.62,+87.8,+1.20,+12.8,-0.6,+0.7,+0,+0.02,+0.62
1,3/1/0,19:0:0,+0.68,+88.8,+1.21,+14.2,-0.7,+0.8,+0,+0.01,+0.68
1,3/1/0,19:30:0,+0.80,+93.2,+1.14,+15.5,-0.6,+1.0,+0,-0.04,+0.80
1,3/1/0,20:0:0,+0.71,+93.5,+1.17,+17.0,-0.5,+0.8,+0,-0.04,+0.71
1,3/1/0,20:30:0,+0.88,+91.6,+1.54,+18.6,-0.5,+0.7,+0,-0.02,+0.88
1,3/1/0,21:0:0,+1.24,+203.0,+3.29,+21.3,-0.5,+1.3,+0,-1.14,-0.49
1,3/1/0,21:30:0,+1.10,+188.3,+3.13,+22.8,-0.8,+0.9,+0,-1.09,-0.16
1,3/1/0,22:0:0,+1.27,+180.4,+3.91,+23.0,-0.7,+0.7,+0,-1.27,-0.01
1,3/1/0,22:30:0,+1.29,+208.4,+3.64,+23.4,-0.7,+0.9,+0,-1.14,-0.62
1,3/1/0,23:0:0,+1.58,+214.8,+4.42,+24.1,-0.4,+0.9,+0,-1.30,-0.90
1,3/1/0,23:30:0,+1.82,+213.5,+3.93,+24.8,-0.6,+0.9,+0,-1.52,-1.00
1,4/1/0,0:0:0,+1.64,+209.9,+4.43,+25.0,-0.7,+0.6,+0,-1.42,-0.82
1,4/1/0,0:30:0,+1.16,+197.6,+2.91,+25.2,-0.7,+0.8,+0,-1.11,-0.35
1,4/1/0,1:0:0,+1.60,+214.0,+3.39,+25.6,-0.7,+0.9,+0,-1.33,-0.90
1,4/1/0,1:30:0,+1.49,+218.8,+4.26,+25.8,-0.7,+0.8,+0,-1.17,-0.94
1,4/1/0,2:0:0,+1.63,+212.9,+5.11,+26.5,-0.6,+0.8,+0,-1.37,-0.88
1,4/1/0,2:30:0,+1.57,+215.0,+4.16,+26.3,-0.7,+0.8,+0,-1.29,-0.90
1,4/1/0,3:0:0,+1.45,+217.5,+4.37,+26.8,-0.6,+0.8,+0,-1.15,-0.88
1,4/1/0,3:30:0,+1.32,+220.7,+4.16,+27.2,-0.7,+0.5,+0,-1.00,-0.86
1,4/1/0,4:0:0,+1.18,+220.0,+4.68,+27.4,-0.5,+0.6,+0,-0.91,-0.76
1,4/1/0,4:30:0,+0.50,+221.6,+2.08,+26.7,-0.7,+0.6,+0,-0.38,-0.34
1,4/1/0,5:0:0,+0.42,+227.0,+2.48,+26.0,-0.5,+0.7,+0,-0.29,-0.31
1,4/1/0,5:30:0,+0.55,+214.9,+3.87,+25.8,-0.6,+0.8,+0,-0.45,-0.32
1,4/1/0,6:0:0,+0.42,+223.9,+1.94,+25.0,-0.8,+1.0,+0,-0.31,-0.29
1,4/1/0,6:30:0,+0.24,+275.6,+0.73,+24.4,-0.4,+0.9,+0,+0.02,-0.23
1,4/1/0,7:0:0,+0.25,+55.3,+1.00,+22.3,-0.6,+0.8,+0,+0.14,+0.21
1,4/1/0,7:30:0,+0.33,+22.3,+0.72,+20.9,-0.7,+0.8,+0,+0.30,+0.12
1,4/1/0,8:0:0,+0.32,+26.4,+0.83,+19.8,-0.3,+0.9,+0,+0.28,+0.14
1,4/1/0,8:30:0,+0.31,+352.4,+0.71,+19.0,-0.6,+0.8,+0,+0.31,-0.04
1,4/1/0,9:0:0,+0.24,+354.2,+0.64,+17.9,-0.6,+0.8,+0,+0.23,-0.02
1,4/1/0,9:30:0,+0.23,+349.9,+0.59,+17.1,-0.4,+0.9,+0,+0.23,-0.04
1,4/1/0,10:0:0,+0.33,+29.2,+0.98,+16.4,-0.7,+0.8,+0,+0.29,+0.16
1,4/1/0,10:30:0,+0.36,+322.4,+0.84,+15.6,-0.6,+0.8,+0,+0.29,-0.22
1,4/1/0,11:0:0,+0.32,+5.1,+0.71,+15.1,-0.5,+0.8,+0,+0.32,+0.03
1,4/1/0,11:30:0,+0.31,+339.6,+0.74,+14.7,-0.5,+0.8,+0,+0.29,-0.11
1,4/1/0,12:0:0,+0.28,+333.3,+0.62,+14.4,-0.9,+0.9,+0,+0.25,-0.13
1,4/1/0,12:30:0,+0.48,+46.9,+2.18,+14.2,-0.6,+0.8,+0,+0.33,+0.35
1,4/1/0,13:0:0,+0.38,+25.9,+0.85,+14.2,-0.5,+0.8,+0,+0.34,+0.16
1,4/1/0,13:30:0,+0.45,+32.2,+1.01,+14.3,-0.7,+0.8,+0,+0.38,+0.24
1,4/1/0,14:0:0,+0.40,+17.6,+1.16,+14.6,-0.4,+0.9,+0,+0.38,+0.12
1,4/1/0,14:30:0,+0.33,+41.3,+1.12,+14.8,-0.6,+1.1,+0,+0.24,+0.21
1,4/1/0,15:0:0,+0.63,+225.1,+2.57,+14.9,-0.4,+1.0,+0,-0.45,-0.45
1,4/1/0,15:30:0,+0.27,+309.8,+0.91,+15.0,-0.5,+0.8,+0,+0.18,-0.21
1,4/1/0,16:0:0,+0.34,+21.4,+0.88,+14.5,-0.6,+0.8,+0,+0.31,+0.12
1,4/1/0,16:30:0,+0.25,+305.1,+0.79,+14.2,-0.5,+0.6,+0,+0.14,-0.21
1,4/1/0,17:0:0,+0.35,+74.9,+1.51,+14.3,-0.4,+0.6,+0,+0.09,+0.34
1,4/1/0,17:30:0,+0.31,+32.2,+0.80,+14.0,-0.5,+0.8,+0,+0.26,+0.16
1,4/1/0,18:0:0,+0.27,+36.7,+0.66,+13.7,-0.5,+1.0,+0,+0.22,+0.16
1,4/1/0,18:30:0,+0.34,+119.8,+1.05,+13.7,-0.4,+0.7,+0,-0.17,+0.29
1,4/1/0,19:0:0,+0.38,+104.2,+1.23,+14.0,-0.4,+0.9,+0,-0.09,+0.36
1,4/1/0,19:30:0,+0.46,+131.1,+1.70,+14.8,-0.6,+0.8,+0,-0.30,+0.35
1,4/1/0,20:0:0,+0.28,+139.6,+0.88,+15.3,-0.5,+1.0,+0,-0.21,+0.18
1,4/1/0,20:30:0,+0.39,+136.4,+1.59,+15.7,-0.4,+0.8,+0,-0.28,+0.27
1,4/1/0,21:0:0,+0.54,+109.4,+1.33,+16.4,-0.7,+0.7,+0,-0.18,+0.51
1,4/1/0,21:30:0,+0.31,+135.7,+0.76,+17.9,-0.6,+0.9,+0,-0.22,+0.22
1,4/1/0,22:0:0,+0.99,+198.2,+3.26,+19.4,-0.6,+0.7,+0,-0.94,-0.31
1,4/1/0,22:30:0,+1.08,+195.9,+2.62,+20.1,-0.6,+0.8,+0,-1.04,-0.30
1,4/1/0,23:0:0,+1.37,+209.5,+3.05,+20.4,-0.8,+0.9,+0,-1.19,-0.68
1,4/1/0,23:30:0,+1.30,+210.8,+3.08,+20.8,-0.7,+0.8,+0,-1.11,-0.66
1,5/1/0,0:0:0,+1.02,+210.0,+3.20,+21.0,-0.6,+0.9,+0,-0.89,-0.51
1,5/1/0,0:30:0,+1.40,+218.6,+3.65,+21.1,-0.7,+0.8,+0,-1.10,-0.88
1,5/1/0,1:0:0,+0.84,+220.1,+3.74,+20.8,-0.7,+0.8,+0,-0.64,-0.54
1,5/1/0,1:30:0,+1.65,+216.2,+4.49,+21.4,-0.7,+0.9,+0,-1.34,-0.98
1,5/1/0,2:0:0,+1.37,+214.7,+3.36,+21.7,-0.8,+0.7,+0,-1.12,-0.78
1,5/1/0,2:30:0,+1.52,+206.4,+3.76,+21.9,-0.6,+0.7,+0,-1.36,-0.68
1,5/1/0,3:0:0,+1.46,+212.8,+4.50,+22.1,-0.8,+0.6,+0,-1.23,-0.79
1,5/1/0,3:30:0,+1.20,+215.5,+3.56,+22.0,-0.9,+0.8,+0,-0.97,-0.70
1,5/1/0,4:0:0,+1.07,+219.6,+4.57,+20.8,-0.8,+0.8,+0,-0.83,-0.68
1,5/1/0,4:30:0,+1.12,+188.9,+2.99,+19.9,-0.7,+1.0,+0,-1.11,-0.17
1,5/1/0,5:0:0,+1.10,+209.1,+2.98,+19.8,-0.6,+1.1,+0,-0.96,-0.54
1,5/1/0,5:30:0,+0.54,+206.0,+1.52,+19.4,-0.5,+0.7,+0,-0.48,-0.24
1,5/1/0,6:0:0,+0.22,+298.5,+0.50,+18.5,-0.5,+0.6,+0,+0.10,-0.19
1,5/1/0,6:30:0,+0.24,+330.7,+0.47,+17.3,-0.5,+0.6,+0,+0.21,-0.12
1,5/1/0,7:0:0,+0.21,+41.9,+0.63,+16.6,-0.4,+0.7,+0,+0.15,+0.14
1,5/1/0,7:30:0,+0.38,+16.2,+1.15,+16.0,-0.5,+0.7,+0,+0.36,+0.11
1,5/1/0,8:0:0,+0.40,+350.5,+0.79,+14.7,-0.4,+0.8,+0,+0.39,-0.07
1,5/1/0,8:30:0,+0.44,+342.8,+0.83,+13.8,-0.6,+0.7,+0,+0.42,-0.13
1,5/1/0,9:0:0,+0.36,+334.6,+0.74,+13.0,-0.4,+0.8,+0,+0.32,-0.15
1,5/1/0,9:30:0,+0.49,+29.7,+2.25,+12.9,-0.4,+1.0,+0,+0.43,+0.24
1,5/1/0,10:0:0,+0.32,+341.7,+0.85,+12.2,-0.5,+0.8,+0,+0.30,-0.10
1,5/1/0,10:30:0,+0.32,+16.5,+1.12,+12.2,-0.5,+0.7,+0,+0.31,+0.09
1,5/1/0,11:0:0,+0.36,+338.2,+0.79,+12.1,-0.5,+0.9,+0,+0.34,-0.14
1,5/1/0,11:30:0,+0.42,+347.6,+0.74,+11.4,-0.3,+0.9,+0,+0.41,-0.09
1,5/1/0,12:0:0,+0.37,+338.5,+0.73,+10.6,-0.8,+0.9,+0,+0.35,-0.14
1,5/1/0,12:30:0,+0.34,+339.8,+0.65,+9.8,-0.6,+0.8,+0,+0.32,-0.12
1,5/1/0,13:0:0,+0.26,+5.4,+0.66,+9.5,-0.6,+0.8,+0,+0.26,+0.02
1,5/1/0,13:30:0,+0.68,+49.3,+1.67,+9.9,-0.5,+0.9,+0,+0.44,+0.51
1,5/1/0,14:0:0,+0.52,+24.2,+1.27,+8.8,-0.3,+0.8,+0,+0.47,+0.21
1,5/1/0,14:30:0,+1.27,+48.9,+3.81,+9.6,-0.7,+0.4,+0,+0.84,+0.96
1,5/1/0,15:0:0,+1.90,+58.3,+5.50,+11.3,-0.5,+0.6,+0,+1.00,+1.61
1,5/1/0,15:30:0,+0.56,+4.5,+3.36,+8.9,-0.4,+0.8,+0,+0.56,+0.04
1,5/1/0,16:0:0,+0.43,+327.7,+0.85,+7.7,-0.3,+0.8,+0,+0.36,-0.23
1,5/1/0,16:30:0,+0.41,+334.4,+0.90,+7.2,-0.5,+0.8,+0,+0.37,-0.18
1,5/1/0,17:0:0,+0.43,+296.8,+0.77,+7.1,-0.4,+0.7,+0,+0.19,-0.38
1,5/1/0,17:30:0,+0.20,+290.3,+0.58,+7.2,-0.4,+0.7,+0,+0.07,-0.19
1,5/1/0,18:0:0,+0.29,+9.8,+0.90,+7.8,-0.4,+0.9,+0,+0.28,+0.05
1,5/1/0,18:30:0,+0.62,+85.9,+1.25,+9.4,-0.5,+0.7,+0,+0.04,+0.62
1,5/1/0,19:0:0,+0.55,+97.5,+2.03,+10.8,-0.8,+1.0,+0,-0.07,+0.54
1,5/1/0,19:30:0,+0.78,+86.3,+1.64,+12.0,-0.5,+0.9,+0,+0.05,+0.78
1,5/1/0,20:0:0,+0.70,+101.7,+1.44,+12.9,-0.6,+0.9,+0,-0.14,+0.69
1,5/1/0,20:30:0,+0.67,+135.0,+1.36,+13.7,-0.5,+0.8,+0,-0.47,+0.47
1,5/1/0,21:0:0,+0.93,+211.8,+1.68,+14.5,-0.7,+0.9,+0,-0.79,-0.49
1,5/1/0,21:30:0,+1.09,+198.9,+3.48,+15.1,-0.5,+0.7,+0,-1.03,-0.35
1,5/1/0,22:0:0,+1.70,+217.3,+3.74,+15.9,-0.6,+0.7,+0,-1.35,-1.03
1,5/1/0,22:30:0,+1.62,+214.9,+4.28,+16.5,-0.7,+0.8,+0,-1.33,-0.93
1,5/1/0,23:0:0,+1.92,+217.3,+4.57,+16.7,-0.4,+0.7,+0,-1.52,-1.16
1,5/1/0,23:30:0,+1.73,+216.6,+5.43,+16.8,-0.4,+0.8,+0,-1.39,-1.03
1,6/1/0,0:0:0,+1.76,+215.7,+4.72,+16.9,-0.5,+0.8,+0,-1.43,-1.03
1,6/1/0,0:30:0,+1.62,+215.8,+5.25,+17.0,-0.4,+0.6,+0,-1.32,-0.95
1,6/1/0,1:0:0,+1.34,+203.3,+3.39,+16.9,-0.6,+0.8,+0,-1.23,-0.53
1,6/1/0,1:30:0,+1.07,+199.7,+2.97,+16.8,-0.5,+0.7,+0,-1.01,-0.36
1,6/1/0,2:0:0,+1.43,+183.6,+5.65,+16.1,-1.0,+1.0,+0,-1.43,-0.09
1,6/1/0,2:30:0,+2.51,+66.4,+6.71,+13.5,-0.3,+1.0,+0,+1.01,+2.30
1,6/1/0,3:0:0,+0.87,+172.2,+2.68,+11.7,-0.5,+0.8,+0,-0.86,+0.12
1,6/1/0,3:30:0,+0.95,+216.9,+2.44,+11.6,-0.4,+0.7,+0,-0.76,-0.57
1,6/1/0,4:0:0,+0.58,+197.8,+2.35,+11.2,-0.4,+0.9,+0,-0.55,-0.18
1,6/1/0,4:30:0,+0.97,+84.2,+3.94,+11.3,-0.9,+0.8,+0,+0.10,+0.97
1,6/1/0,5:0:0,+1.40,+71.6,+4.78,+11.1,-0.7,+1.1,+0,+0.44,+1.33
1,6/1/0,5:30:0,+0.68,+62.4,+3.66,+10.8,-0.5,+1.0,+0,+0.31,+0.60
1,6/1/0,6:0:0,+0.60,+226.0,+1.99,+10.6,-0.5,+1.1,+0,-0.41,-0.43
1,6/1/0,6:30:0,+0.55,+110.0,+1.45,+9.9,-0.3,+0.6,+0,-0.19,+0.51
1,6/1/0,7:0:0,+0.39,+34.1,+0.99,+8.6,-0.5,+0.8,+0,+0.32,+0.22
1,6/1/0,7:30:0,+0.25,+272.1,+0.69,+8.3,-0.4,+0.9,+0,+0.01,-0.25
1,6/1/0,8:0:0,+0.20,+98.6,+0.48,+8.3,-0.3,+0.7,+0,-0.03,+0.20
1,6/1/0,8:30:0,+0.32,+61.3,+0.85,+8.3,-0.5,+0.8,+0,+0.15,+0.28
1,6/1/0,9:0:0,+0.20,+41.3,+0.61,+8.3,-0.3,+0.9,+0,+0.15,+0.13
1,6/1/0,9:30:0,+0.21,+85.1,+0.52,+8.3,-0.5,+0.9,+0,+0.02,+0.20
1,6/1/0,10:0:0,+0.18,+81.6,+0.42,+8.3,-0.5,+0.8,+0,+0.03,+0.18
1,6/1/0,10:30:0,+0.25,+79.3,+0.64,+8.3,-0.4,+0.8,+0,+0.05,+0.25
1,6/1/0,11:0:0,+0.25,+44.1,+0.64,+8.4,-0.4,+0.9,+0,+0.18,+0.17
1,6/1/0,11:30:0,+0.30,+58.6,+0.67,+8.3,-0.3,+0.8,+0,+0.15,+0.25
1,6/1/0,12:0:0,+0.22,+50.5,+0.51,+8.1,-0.4,+0.8,+0,+0.14,+0.17
1,6/1/0,12:30:0,+0.28,+65.6,+0.72,+8.2,-0.6,+0.8,+0,+0.12,+0.26
1,6/1/0,13:0:0,+0.28,+23.1,+0.79,+8.1,-0.5,+0.8,+0,+0.26,+0.11
1,6/1/0,13:30:0,+0.28,+35.9,+0.71,+8.1,-0.5,+0.8,+0,+0.23,+0.16
1,6/1/0,14:0:0,+0.27,+59.0,+0.77,+8.1,-0.6,+0.8,+0,+0.14,+0.24
1,6/1/0,14:30:0,+0.19,+74.5,+0.46,+8.1,-0.5,+0.7,+0,+0.05,+0.19
1,6/1/0,15:0:0,+0.22,+64.7,+0.71,+8.0,-0.6,+1.0,+0,+0.09,+0.20
1,6/1/0,15:30:0,+0.21,+55.7,+0.45,+8.0,-0.4,+0.8,+0,+0.12,+0.17
1,6/1/0,16:0:0,+0.20,+46.2,+0.44,+8.1,-0.5,+1.0,+0,+0.14,+0.14
1,6/1/0,16:30:0,+0.27,+216.2,+0.78,+8.2,-0.6,+0.8,+0,-0.22,-0.16
1,6/1/0,17:0:0,+0.32,+214.0,+2.17,+8.4,-0.4,+0.7,+0,-0.27,-0.18
1,6/1/0,17:30:0,+0.50,+212.6,+1.75,+8.7,-0.3,+0.8,+0,-0.42,-0.27
1,6/1/0,18:0:0,+0.47,+188.3,+1.53,+8.8,-0.3,+0.7,+0,-0.47,-0.07
1,6/1/0,18:30:0,+0.28,+105.7,+0.76,+8.8,-0.4,+0.8,+0,-0.07,+0.27
1,6/1/0,19:0:0,+0.31,+173.4,+1.06,+9.1,-0.5,+0.8,+0,-0.31,+0.04
1,6/1/0,19:30:0,+0.76,+210.6,+2.07,+9.4,-0.5,+0.9,+0,-0.66,-0.39
1,6/1/0,20:0:0,+1.10,+217.4,+2.94,+9.8,-0.4,+1.2,+0,-0.87,-0.67
1,6/1/0,20:30:0,+0.93,+215.4,+3.04,+9.9,-0.6,+0.9,+0,-0.76,-0.54
1,6/1/0,21:0:0,+0.79,+207.0,+2.11,+10.0,-0.7,+1.0,+0,-0.70,-0.36
1,6/1/0,21:30:0,+0.63,+217.0,+3.13,+10.1,-0.5,+0.8,+0,-0.51,-0.38
1,6/1/0,22:0:0,+0.81,+206.7,+2.71,+10.3,-0.4,+0.9,+0,-0.72,-0.36
1,6/1/0,22:30:0,+0.80,+212.1,+2.10,+10.7,-0.7,+0.9,+0,-0.68,-0.43
1,6/1/0,23:0:0,+0.49,+195.0,+1.32,+11.0,-0.6,+0.9,+0,-0.47,-0.13
1,6/1/0,23:30:0,+0.48,+201.1,+1.34,+11.1,-0.4,+1.0,+0,-0.45,-0.17
1,7/1/0,0:0:0,+0.62,+194.0,+1.54,+11.2,-0.4,+0.8,+0,-0.60,-0.15
1,7/1/0,0:30:0,+0.85,+214.7,+2.02,+11.3,-0.4,+0.8,+0,-0.70,-0.49
1,7/1/0,1:0:0,+0.78,+217.3,+2.06,+11.5,-0.6,+0.8,+0,-0.62,-0.47
1,7/1/0,1:30:0,+0.51,+193.6,+1.33,+11.6,-0.5,+1.0,+0,-0.50,-0.12
1,7/1/0,2:0:0,+0.60,+205.6,+1.96,+11.7,-0.6,+0.7,+0,-0.54,-0.26
1,7/1/0,2:30:0,+0.45,+208.4,+1.78,+11.5,-0.6,+0.8,+0,-0.40,-0.21
1,7/1/0,3:0:0,+0.55,+205.9,+1.64,+11.5,-0.5,+0.9,+0,-0.50,-0.24
1,7/1/0,3:30:0,+0.61,+187.8,+1.80,+11.4,-0.5,+0.7,+0,-0.60,-0.08
1,7/1/0,4:0:0,+0.38,+110.0,+1.00,+11.2,-0.4,+0.9,+0,-0.13,+0.36
1,7/1/0,4:30:0,+0.35,+128.3,+1.03,+11.2,-0.6,+0.7,+0,-0.21,+0.27
1,7/1/0,5:0:0,+0.34,+133.4,+0.92,+11.3,-0.4,+0.8,+0,-0.24,+0.25
1,7/1/0,5:30:0,+0.19,+80.8,+0.37,+11.1,-0.4,+0.9,+0,+0.03,+0.19
1,7/1/0,6:0:0,+0.17,+75.2,+0.31,+10.9,-0.5,+1.1,+0,+0.04,+0.16
1,7/1/0,6:30:0,+0.21,+158.2,+1.64,+10.8,-0.5,+0.8,+0,-0.20,+0.08
1,7/1/0,7:0:0,+0.65,+223.5,+2.32,+10.2,-0.4,+0.6,+0,-0.47,-0.45
1,7/1/0,7:30:0,+0.30,+90.2,+1.52,+9.4,-0.4,+0.8,+0,-0.00,+0.30
1,7/1/0,8:0:0,+0.22,+163.3,+0.67,+9.1,-0.5,+0.7,+0,-0.21,+0.06
1,7/1/0,8:30:0,+0.17,+35.6,+0.52,+8.9,-0.5,+1.0,+0,+0.14,+0.10
1,7/1/0,9:0:0,+0.20,+30.9,+0.55,+8.8,-0.3,+0.7,+0,+0.17,+0.10
1,7/1/0,9:30:0,+0.17,+17.4,+0.49,+8.6,-0.5,+0.9,+0,+0.16,+0.05
1,7/1/0,10:0:0,+0.17,+246.8,+0.56,+8.5,-0.4,+0.9,+0,-0.07,-0.15
1,7/1/0,10:30:0,+0.18,+56.6,+0.45,+8.2,-0.2,+0.8,+0,+0.10,+0.15
1,7/1/0,11:0:0,+0.20,+118.8,+0.44,+7.8,-0.4,+0.9,+0,-0.10,+0.18
1,7/1/0,11:30:0,+0.17,+82.2,+0.38,+7.7,-0.3,+1.0,+0,+0.02,+0.16
1,7/1/0,12:0:0,+0.16,+111.3,+0.38,+7.7,-0.5,+0.7,+0,-0.06,+0.15
1,7/1/0,12:30:0,+0.21,+110.4,+0.64,+7.7,-0.5,+0.8,+0,-0.07,+0.19
1,7/1/0,13:0:0,+0.20,+72.5,+0.55,+7.6,-0.4,+0.8,+0,+0.06,+0.19
1,7/1/0,13:30:0,+0.24,+64.8,+0.73,+7.4,-0.4,+0.9,+0,+0.10,+0.22
1,7/1/0,14:0:0,+0.17,+59.0,+0.41,+7.3,-0.3,+0.7,+0,+0.09,+0.15
1,7/1/0,14:30:0,+0.21,+82.1,+0.59,+7.2,-0.3,+0.7,+0,+0.03,+0.21
1,7/1/0,15:0:0,+0.24,+79.2,+0.51,+7.2,-0.3,+0.8,+0,+0.05,+0.24
1,7/1/0,15:30:0,+0.24,+128.1,+0.89,+7.2,-0.2,+0.8,+0,-0.15,+0.19
1,7/1/0,16:0:0,+0.20,+92.2,+0.53,+7.2,-0.5,+0.8,+0,-0.01,+0.20
1,7/1/0,16:30:0,+0.26,+67.5,+0.61,+7.3,-0.4,+0.9,+0,+0.10,+0.24
1,7/1/0,17:0:0,+0.17,+93.3,+0.35,+7.4,-0.5,+0.8,+0,-0.01,+0.17
1,7/1/0,17:30:0,+0.20,+102.8,+1.00,+7.4,-0.3,+0.8,+0,-0.05,+0.20
1,7/1/0,18:0:0,+0.17,+81.1,+0.34,+7.5,-0.2,+0.9,+0,+0.03,+0.17
1,7/1/0,18:30:0,+0.18,+113.2,+0.50,+7.7,-0.7,+0.8,+0,-0.07,+0.16
1,7/1/0,19:0:0,+0.23,+85.4,+0.61,+7.9,-0.5,+0.7,+0,+0.02,+0.23
1,7/1/0,19:30:0,+0.26,+69.8,+0.49,+7.8,-0.4,+0.8,+0,+0.09,+0.24
1,7/1/0,20:0:0,+0.33,+59.5,+1.15,+7.8,-0.5,+1.0,+0,+0.17,+0.28
1,7/1/0,20:30:0,+0.41,+162.7,+1.81,+8.2,-0.3,+0.6,+0,-0.39,+0.12
1,7/1/0,21:0:0,+0.24,+60.7,+0.78,+8.0,-0.3,+0.9,+0,+0.12,+0.21
1,7/1/0,21:30:0,+0.25,+54.2,+0.84,+8.0,-0.5,+0.8,+0,+0.15,+0.21
1,7/1/0,22:0:0,+0.29,+136.3,+1.11,+8.3,-0.3,+0.8,+0,-0.21,+0.20
1,7/1/0,22:30:0,+0.57,+142.5,+2.54,+8.6,-0.4,+0.8,+0,-0.46,+0.35
1,7/1/0,23:0:0,+0.68,+159.8,+1.74,+8.6,-0.4,+0.8,+0,-0.64,+0.23
1,7/1/0,23:30:0,+0.47,+104.9,+1.03,+9.0,-0.7,+0.8,+0,-0.12,+0.46
1,8/1/0,0:0:0,+0.38,+93.4,+0.76,+9.5,-0.5,+1.0,+0,-0.02,+0.38
1,8/1/0,0:30:0,+0.34,+100.2,+0.98,+9.7,-0.3,+0.8,+0,-0.06,+0.34
1,8/1/0,1:0:0,+0.53,+182.9,+2.26,+9.7,-0.7,+0.9,+0,-0.53,-0.03
1,8/1/0,1:30:0,+0.43,+186.4,+1.97,+9.7,-0.7,+0.9,+0,-0.42,-0.05
1,8/1/0,2:0:0,+0.44,+197.2,+1.22,+9.8,-0.4,+0.8,+0,-0.42,-0.13
1,8/1/0,2:30:0,+0.39,+128.0,+1.06,+10.2,-0.4,+0.8,+0,-0.24,+0.30
1,8/1/0,3:0:0,+0.45,+202.8,+2.08,+10.5,-0.5,+0.8,+0,-0.41,-0.17
1,8/1/0,3:30:0,+0.28,+105.6,+0.93,+10.4,-0.6,+0.8,+0,-0.08,+0.27
1,8/1/0,4:0:0,+0.25,+77.4,+0.72,+10.2,-0.3,+1.1,+0,+0.06,+0.25
1,8/1/0,4:30:0,+0.28,+96.0,+0.67,+10.2,-0.3,+0.7,+0,-0.03,+0.27
1,8/1/0,5:0:0,+0.35,+104.8,+0.81,+10.3,-0.5,+0.9,+0,-0.09,+0.34
1,8/1/0,5:30:0,+0.27,+84.3,+0.62,+10.3,-0.4,+0.9,+0,+0.03,+0.27
1,8/1/0,6:0:0,+0.24,+82.6,+0.61,+10.3,-0.3,+0.8,+0,+0.03,+0.24
1,8/1/0,6:30:0,+0.21,+66.3,+0.62,+10.2,-0.5,+1.0,+0,+0.08,+0.19
1,8/1/0,7:0:0,+0.37,+71.5,+1.02,+9.9,-0.5,+0.7,+0,+0.12,+0.35
1,8/1/0,7:30:0,+0.35,+64.1,+1.14,+9.7,-0.4,+0.8,+0,+0.15,+0.32
1,8/1/0,8:0:0,+0.30,+31.5,+0.69,+9.4,-0.3,+0.9,+0,+0.25,+0.15
1,8/1/0,8:30:0,+0.28,+7.4,+1.25,+9.3,-0.4,+0.8,+0,+0.28,+0.04
1,8/1/0,9:0:0,+0.43,+16.1,+0.98,+9.3,-0.4,+0.7,+0,+0.42,+0.12
1,8/1/0,9:30:0,+0.32,+8.9,+0.99,+9.2,-0.4,+0.7,+0,+0.32,+0.05
1,8/1/0,10:0:0,+0.30,+17.6,+0.69,+9.1,-0.4,+0.6,+0,+0.29,+0.09
1,8/1/0,10:30:0,+0.50,+52.5,+2.43,+9.0,-0.2,+0.7,+0,+0.31,+0.40
1,8/1/0,11:0:0,+0.32,+0.9,+1.75,+8.9,-0.5,+0.8,+0,+0.32,+0.01
1,8/1/0,11:30:0,+0.40,+14.3,+0.92,+8.8,-0.7,+0.9,+0,+0.39,+0.10
1,8/1/0,12:0:0,+0.32,+8.1,+0.81,+8.7,-0.3,+0.7,+0,+0.32,+0.05
1,8/1/0,12:30:0,+0.53,+65.4,+1.33,+8.7,-0.5,+0.7,+0,+0.22,+0.48
1,8/1/0,13:0:0,+0.44,+27.9,+2.13,+8.5,-0.4,+0.7,+0,+0.39,+0.21
1,8/1/0,13:30:0,+0.26,+103.3,+1.51,+8.4,-0.4,+0.9,+0,-0.06,+0.26
1,8/1/0,14:0:0,+0.21,+14.3,+0.58,+8.2,-0.6,+0.8,+0,+0.21,+0.05
1,8/1/0,14:30:0,+0.28,+70.8,+0.83,+8.2,-0.5,+0.8,+0,+0.09,+0.27
1,8/1/0,15:0:0,+0.32,+56.8,+1.16,+8.2,-0.6,+0.7,+0,+0.18,+0.27
1,8/1/0,15:30:0,+0.43,+80.7,+1.30,+7.9,-0.5,+0.6,+0,+0.07,+0.43
1,8/1/0,16:0:0,+0.31,+346.8,+0.79,+7.4,-0.2,+0.8,+0,+0.30,-0.07
1,8/1/0,16:30:0,+0.36,+13.8,+0.68,+6.9,-0.5,+0.8,+0,+0.35,+0.09
1,8/1/0,17:0:0,+0.34,+28.4,+0.82,+7.0,-0.6,+0.7,+0,+0.30,+0.16
1,8/1/0,17:30:0,+0.23,+21.9,+0.61,+7.5,-0.3,+0.9,+0,+0.22,+0.09
1,8/1/0,18:0:0,+0.33,+94.7,+1.22,+8.0,-0.4,+0.8,+0,-0.03,+0.32
1,8/1/0,18:30:0,+0.38,+70.1,+1.04,+8.7,-0.4,+0.8,+0,+0.13,+0.35
1,8/1/0,19:0:0,+0.55,+109.4,+2.76,+9.1,-0.4,+0.8,+0,-0.18,+0.52
1,8/1/0,19:30:0,+0.89,+128.4,+2.92,+10.0,-0.2,+0.8,+0,-0.55,+0.70
1,8/1/0,20:0:0,+1.02,+109.1,+2.96,+11.0,-0.6,+0.8,+0,-0.34,+0.97
1,8/1/0,20:30:0,+0.71,+180.2,+2.75,+11.1,-0.5,+0.8,+0,-0.71,-0.00
1,8/1/0,21:0:0,+0.61,+207.2,+2.66,+11.8,-0.4,+0.9,+0,-0.55,-0.28
1,8/1/0,21:30:0,+1.28,+213.2,+3.66,+12.6,-0.5,+0.8,+0,-1.07,-0.70
1,8/1/0,22:0:0,+1.01,+216.0,+2.54,+12.6,-0.5,+0.9,+0,-0.82,-0.60
1,8/1/0,22:30:0,+1.18,+207.6,+3.03,+13.1,-0.6,+0.8,+0,-1.05,-0.55
1,8/1/0,23:0:0,+1.54,+208.6,+4.77,+13.9,-0.6,+0.6,+0,-1.35,-0.74
1,8/1/0,23:30:0,+1.43,+180.4,+4.46,+14.0,-0.5,+0.8,+0,-1.43,-0.01
1,9/1/0,0:0:0,+0.96,+213.2,+4.49,+13.5,-0.8,+1.0,+0,-0.81,-0.53
1,9/1/0,0:30:0,+0.71,+207.3,+1.55,+13.3,-0.6,+0.9,+0,-0.63,-0.32
1,9/1/0,1:0:0,+0.80,+212.8,+2.09,+13.6,-0.4,+0.8,+0,-0.67,-0.43
1,9/1/0,1:30:0,+0.58,+201.1,+1.83,+13.6,-0.4,+0.7,+0,-0.54,-0.21
1,9/1/0,2:0:0,+0.60,+195.1,+2.49,+13.6,-0.6,+0.8,+0,-0.58,-0.16
1,9/1/0,2:30:0,+0.73,+148.0,+1.74,+13.4,-0.5,+0.9,+0,-0.61,+0.39
1,9/1/0,3:0:0,+0.87,+186.3,+1.99,+13.4,-0.5,+0.7,+0,-0.86,-0.10
1,9/1/0,3:30:0,+1.10,+196.8,+2.88,+12.9,-0.6,+0.8,+0,-1.06,-0.32
1,9/1/0,4:0:0,+1.28,+194.3,+3.12,+13.5,-0.4,+0.7,+0,-1.24,-0.31
1,9/1/0,4:30:0,+1.27,+206.8,+3.28,+13.3,-0.6,+0.8,+0,-1.13,-0.57
1,9/1/0,5:0:0,+0.37,+279.0,+1.50,+12.1,-0.6,+0.8,+0,+0.06,-0.37
1,9/1/0,5:30:0,+0.61,+77.7,+1.78,+10.1,-0.5,+0.8,+0,+0.13,+0.59
1,9/1/0,6:0:0,+0.50,+90.3,+2.07,+9.6,-0.3,+0.8,+0,-0.00,+0.50
1,9/1/0,6:30:0,+0.25,+37.1,+0.67,+9.3,-0.4,+0.9,+0,+0.20,+0.15
1,9/1/0,7:0:0,+0.22,+20.5,+0.50,+8.9,-0.6,+0.8,+0,+0.21,+0.08
1,9/1/0,7:30:0,+0.33,+15.8,+0.80,+8.4,-0.4,+0.9,+0,+0.32,+0.09
1,9/1/0,8:0:0,+0.25,+16.5,+0.48,+8.1,-0.5,+0.8,+0,+0.24,+0.07
1,9/1/0,8:30:0,+0.34,+1.3,+0.76,+8.1,-0.4,+0.8,+0,+0.34,+0.01
1,9/1/0,9:0:0,+0.26,+355.0,+0.89,+8.0,-0.4,+0.5,+0,+0.26,-0.02
1,9/1/0,9:30:0,+0.30,+38.8,+0.98,+7.7,-0.3,+0.8,+0,+0.23,+0.19
1,9/1/0,10:0:0,+0.23,+19.1,+0.53,+7.4,-0.4,+0.8,+0,+0.22,+0.07
1,9/1/0,10:30:0,+0.28,+8.8,+0.61,+7.2,-0.4,+0.8,+0,+0.27,+0.04
1,9/1/0,11:0:0,+0.35,+348.3,+0.85,+6.9,-0.5,+0.7,+0,+0.35,-0.07
1,9/1/0,11:30:0,+0.37,+3.8,+0.85,+6.2,-0.2,+0.9,+0,+0.37,+0.02
1,9/1/0,12:0:0,+0.38,+324.7,+0.86,+5.8,-0.6,+0.8,+0,+0.31,-0.22
1,9/1/0,12:30:0,+0.38,+18.4,+1.27,+6.0,-0.3,+0.7,+0,+0.36,+0.12
1,9/1/0,13:0:0,+0.38,+352.5,+0.83,+6.3,-0.4,+0.6,+0,+0.38,-0.05
1,9/1/0,13:30:0,+0.39,+347.4,+0.85,+6.2,-0.5,+0.6,+0,+0.38,-0.09
1,9/1/0,14:0:0,+0.39,+349.3,+1.04,+6.0,-0.4,+0.9,+0,+0.38,-0.07
1,9/1/0,14:30:0,+0.40,+7.4,+0.86,+6.3,-0.4,+0.7,+0,+0.40,+0.05
1,9/1/0,15:0:0,+0.45,+356.5,+0.87,+6.1,-0.5,+0.9,+0,+0.45,-0.03
1,9/1/0,15:30:0,+0.42,+342.3,+0.85,+5.7,-0.7,+0.6,+0,+0.40,-0.13
1,9/1/0,16:0:0,+0.37,+302.6,+1.03,+5.5,-0.5,+0.7,+0,+0.20,-0.31
1,9/1/0,16:30:0,+0.76,+278.3,+2.90,+6.5,-0.6,+0.8,+0,+0.11,-0.75
1,9/1/0,17:0:0,+0.72,+262.6,+2.58,+7.0,-0.5,+0.7,+0,-0.09,-0.71
1,9/1/0,17:30:0,+0.64,+272.6,+3.19,+8.2,-0.5,+0.8,+0,+0.03,-0.64
1,9/1/0,18:0:0,+0.25,+264.9,+0.75,+8.1,-0.5,+0.9,+0,-0.02,-0.25
1,9/1/0,18:30:0,+0.52,+301.1,+2.40,+9.0,-0.6,+1.0,+0,+0.27,-0.45
1,9/1/0,19:0:0,+0.70,+358.5,+2.31,+10.0,-0.4,+1.0,+0,+0.70,-0.02
1,9/1/0,19:30:0,+0.85,+91.5,+2.34,+10.8,-0.4,+1.0,+0,-0.02,+0.85
1,9/1/0,20:0:0,+0.88,+92.3,+3.63,+11.4,-0.3,+0.9,+0,-0.04,+0.88
1,9/1/0,20:30:0,+1.13,+88.8,+3.52,+11.9,-0.6,+0.9,+0,+0.02,+1.13
1,9/1/0,21:0:0,+1.08,+85.5,+3.43,+12.6,-0.5,+0.8,+0,+0.08,+1.08
1,9/1/0,21:30:0,+1.83,+74.2,+4.96,+12.8,-0.6,+0.9,+0,+0.50,+1.76
1,9/1/0,22:0:0,+1.78,+71.3,+5.20,+12.9,-0.3,+1.2,+0,+0.57,+1.69
1,9/1/0,22:30:0,+1.62,+78.9,+4.28,+13.1,-0.5,+0.8,+0,+0.31,+1.59
1,9/1/0,23:0:0,+0.94,+115.9,+2.32,+13.5,-0.6,+0.8,+0,-0.41,+0.84
1,9/1/0,23:30:0,+0.76,+107.0,+1.93,+14.2,-0.7,+0.7,+0,-0.22,+0.73
1,10/1/0,0:0:0,+1.26,+196.9,+2.62,+15.1,-0.7,+0.8,+0,-1.20,-0.37
1,10/1/0,0:30:0,+1.22,+154.4,+3.18,+15.6,-0.4,+0.7,+0,-1.10,+0.53
1,10/1/0,1:0:0,+1.40,+205.7,+3.09,+16.5,-0.4,+0.9,+0,-1.26,-0.61
1,10/1/0,1:30:0,+1.00,+205.9,+2.46,+16.9,-0.8,+0.8,+0,-0.90,-0.44
1,10/1/0,2:0:0,+0.91,+201.3,+2.50,+17.4,-0.7,+0.9,+0,-0.85,-0.33
1,10/1/0,2:30:0,+0.85,+162.6,+2.24,+18.1,-0.9,+0.8,+0,-0.81,+0.25
1,10/1/0,3:0:0,+0.92,+169.6,+2.28,+18.7,-0.8,+0.7,+0,-0.91,+0.17
1,10/1/0,3:30:0,+1.20,+199.8,+2.75,+19.4,-0.6,+0.7,+0,-1.13,-0.41
1,10/1/0,4:0:0,+1.17,+197.3,+3.23,+19.7,-0.7,+0.7,+0,-1.12,-0.35
1,10/1/0,4:30:0,+0.82,+209.6,+2.83,+19.4,-0.6,+0.9,+0,-0.71,-0.41
1,10/1/0,5:0:0,+0.28,+289.4,+1.31,+18.5,-0.6,+0.8,+0,+0.09,-0.26
1,10/1/0,5:30:0,+0.24,+133.2,+1.01,+16.9,-0.6,+0.8,+0,-0.16,+0.17
1,10/1/0,6:0:0,+0.26,+52.1,+0.46,+15.9,-0.6,+0.7,+0,+0.16,+0.21
1,10/1/0,6:30:0,+0.25,+46.0,+0.75,+15.2,-0.4,+0.9,+0,+0.17,+0.18
1,10/1/0,7:0:0,+0.36,+352.6,+0.62,+14.3,-0.4,+0.6,+0,+0.36,-0.05
1,10/1/0,7:30:0,+0.28,+13.4,+0.49,+13.4,-0.4,+0.9,+0,+0.27,+0.06
1,10/1/0,8:0:0,+0.34,+357.8,+0.66,+12.2,-0.5,+0.8,+0,+0.34,-0.01
1,10/1/0,8:30:0,+0.37,+343.3,+0.76,+11.3,-0.7,+0.9,+0,+0.36,-0.11
1,10/1/0,9:0:0,+0.31,+352.9,+0.72,+10.4,-0.4,+0.8,+0,+0.31,-0.04
1,10/1/0,9:30:0,+0.36,+357.2,+0.78,+9.8,-0.4,+0.8,+0,+0.36,-0.02
1,10/1/0,10:0:0,+0.39,+351.0,+0.75,+9.2,-0.5,+0.7,+0,+0.39,-0.06
1,10/1/0,10:30:0,+0.33,+333.5,+0.62,+8.6,-0.4,+0.8,+0,+0.29,-0.15
1,10/1/0,11:0:0,+0.28,+354.5,+0.60,+8.2,-0.4,+0.8,+0,+0.28,-0.03
1,10/1/0,11:30:0,+0.31,+1.0,+0.68,+7.9,-0.4,+0.9,+0,+0.31,+0.01
1,10/1/0,12:0:0,+0.27,+356.2,+0.52,+7.7,-0.3,+0.8,+0,+0.27,-0.02
1,10/1/0,12:30:0,+0.30,+344.1,+0.61,+7.5,-0.6,+0.8,+0,+0.29,-0.08
1,10/1/0,13:0:0,+0.30,+350.5,+0.54,+7.2,-0.5,+0.8,+0,+0.30,-0.05
1,10/1/0,13:30:0,+0.27,+322.9,+0.61,+6.9,-0.4,+0.8,+0,+0.21,-0.16
1,10/1/0,14:0:0,+0.21,+310.9,+0.50,+6.6,-0.5,+0.8,+0,+0.14,-0.16
1,10/1/0,14:30:0,+0.20,+332.3,+0.48,+6.3,-0.3,+0.7,+0,+0.18,-0.09
1,10/1/0,15:0:0,+0.26,+335.9,+0.43,+6.1,-0.6,+0.9,+0,+0.24,-0.11
1,10/1/0,15:30:0,+0.26,+350.3,+0.48,+6.1,-0.5,+0.8,+0,+0.25,-0.04
1,10/1/0,16:0:0,+0.23,+313.3,+0.57,+6.0,-0.3,+0.8,+0,+0.16,-0.17
1,10/1/0,16:30:0,+0.18,+310.4,+0.45,+5.8,-0.3,+0.6,+0,+0.12,-0.14
1,10/1/0,17:0:0,+0.19,+238.2,+0.63,+5.8,-0.5,+0.8,+0,-0.10,-0.16
1,10/1/0,17:30:0,+0.15,+315.0,+0.37,+5.9,-0.5,+1.0,+0,+0.11,-0.11
1,10/1/0,18:0:0,+0.21,+336.3,+0.57,+6.2,-0.4,+0.8,+0,+0.19,-0.08
1,10/1/0,18:30:0,+0.47,+95.2,+1.42,+7.7,-0.4,+0.8,+0,-0.04,+0.47
1,10/1/0,19:0:0,+0.81,+85.0,+1.62,+9.5,-0.5,+0.6,+0,+0.07,+0.80
1,10/1/0,19:30:0,+0.92,+90.8,+1.58,+11.3,-0.7,+0.9,+0,-0.01,+0.92
1,10/1/0,20:0:0,+0.75,+93.1,+1.46,+13.1,-0.7,+0.8,+0,-0.04,+0.75
1,10/1/0,20:30:0,+0.65,+116.5,+1.50,+15.5,-0.5,+0.9,+0,-0.29,+0.58
1,10/1/0,21:0:0,+0.90,+113.4,+3.47,+17.6,-0.4,+0.7,+0,-0.36,+0.83
1,10/1/0,21:30:0,+1.16,+188.0,+3.08,+19.4,-0.5,+1.1,+0,-1.15,-0.16
1,10/1/0,22:0:0,+1.23,+173.7,+3.71,+20.5,-0.4,+0.8,+0,-1.22,+0.13
1,10/1/0,22:30:0,+0.91,+145.1,+2.88,+21.6,-0.7,+0.7,+0,-0.75,+0.52
1,10/1/0,23:0:0,+1.04,+183.2,+2.83,+22.2,-0.8,+0.8,+0,-1.04,-0.06
1,10/1/0,23:30:0,+0.99,+196.5,+2.35,+23.0,-0.6,+0.8,+0,-0.95,-0.28
1,11/1/0,0:0:0,+1.19,+202.1,+3.26,+23.8,-0.8,+0.8,+0,-1.10,-0.45
1,11/1/0,0:30:0,+1.02,+168.5,+2.44,+24.4,-0.6,+0.6,+0,-1.00,+0.20
1,11/1/0,1:0:0,+0.99,+182.2,+3.03,+25.0,-0.8,+0.9,+0,-0.99,-0.04
1,11/1/0,1:30:0,+1.13,+176.3,+2.95,+25.4,-0.5,+0.8,+0,-1.13,+0.07
1,11/1/0,2:0:0,+1.17,+208.5,+2.95,+25.8,-0.5,+0.8,+0,-1.03,-0.56
1,11/1/0,2:30:0,+1.26,+215.7,+2.75,+25.9,-0.6,+0.8,+0,-1.02,-0.73
1,11/1/0,3:0:0,+0.80,+217.5,+2.81,+26.1,-0.8,+0.9,+0,-0.64,-0.49
1,11/1/0,3:30:0,+0.40,+184.8,+1.28,+26.4,-0.6,+0.8,+0,-0.40,-0.03
1,11/1/0,4:0:0,+0.71,+211.7,+2.65,+27.0,-0.9,+0.6,+0,-0.60,-0.37
1,11/1/0,4:30:0,+0.66,+214.7,+2.55,+27.0,-0.5,+0.9,+0,-0.54,-0.37
1,11/1/0,5:0:0,+0.80,+234.1,+3.21,+25.9,-0.5,+0.7,+0,-0.47,-0.65
1,11/1/0,5:30:0,+0.40,+239.6,+1.82,+25.0,-0.7,+0.7,+0,-0.20,-0.35
1,11/1/0,6:0:0,+0.57,+234.4,+2.88,+24.5,-0.8,+0.6,+0,-0.33,-0.46
1,11/1/0,6:30:0,+1.60,+151.3,+5.14,+24.1,-1.2,+2.0,+0,-1.41,+0.77
1,11/1/0,7:0:0,+1.69,+108.8,+4.63,+23.0,-0.5,+1.2,+0,-0.55,+1.60
1,11/1/0,7:30:0,+0.94,+90.6,+4.51,+18.7,-0.7,+0.7,+0,-0.01,+0.94
1,11/1/0,8:0:0,+1.42,+75.8,+6.62,+15.1,-0.5,+0.8,+0,+0.35,+1.37
1,11/1/0,8:30:0,+0.57,+324.9,+2.86,+12.2,-0.6,+1.0,+0,+0.47,-0.33
1,11/1/0,9:0:0,+0.56,+267.1,+2.46,+12.3,-0.4,+0.7,+0,-0.03,-0.56
1,11/1/0,9:30:0,+0.35,+313.0,+1.88,+12.1,-0.4,+1.0,+0,+0.24,-0.26
1,11/1/0,10:0:0,+0.31,+33.4,+1.19,+12.0,-0.5,+0.7,+0,+0.26,+0.17
1,11/1/0,10:30:0,+0.24,+280.3,+0.64,+11.8,-0.5,+0.8,+0,+0.04,-0.24
1,11/1/0,11:0:0,+0.28,+280.8,+0.89,+11.5,-0.6,+1.0,+0,+0.05,-0.28
1,11/1/0,11:30:0,+0.25,+246.3,+0.63,+11.4,-0.4,+0.9,+0,-0.10,-0.23
1,11/1/0,12:0:0,+0.24,+293.0,+0.60,+11.0,-0.7,+1.0,+0,+0.10,-0.22
1,11/1/0,12:30:0,+0.22,+302.3,+0.58,+10.7,-0.6,+0.8,+0,+0.12,-0.18
1,11/1/0,13:0:0,+0.26,+274.7,+0.70,+10.4,-0.4,+0.9,+0,+0.02,-0.26
1,11/1/0,13:30:0,+0.23,+275.7,+0.92,+10.0,-0.4,+0.8,+0,+0.02,-0.23
1,11/1/0,14:0:0,+0.21,+317.1,+0.46,+9.7,-0.5,+0.9,+0,+0.16,-0.14
1,11/1/0,14:30:0,+0.17,+269.4,+0.41,+9.4,-0.6,+0.9,+0,-0.00,-0.17
1,11/1/0,15:0:0,+0.19,+300.4,+0.42,+9.0,-0.6,+0.8,+0,+0.09,-0.16
1,11/1/0,15:30:0,+0.24,+319.1,+0.58,+8.7,-0.5,+0.7,+0,+0.18,-0.16
1,11/1/0,16:0:0,+0.22,+342.4,+0.48,+8.4,-0.4,+0.9,+0,+0.21,-0.07
1,11/1/0,16:30:0,+0.22,+329.7,+0.45,+8.3,-0.4,+0.9,+0,+0.19,-0.11
1,11/1/0,17:0:0,+0.18,+307.2,+0.45,+8.3,-0.4,+0.8,+0,+0.11,-0.14
1,11/1/0,17:30:0,+0.13,+84.0,+0.30,+8.3,-0.4,+1.0,+0,+0.01,+0.13
1,11/1/0,18:0:0,+0.18,+348.9,+0.36,+8.6,-0.4,+0.8,+0,+0.18,-0.03
1,11/1/0,18:30:0,+0.48,+104.3,+1.02,+10.0,-0.4,+0.7,+0,-0.12,+0.47
1,11/1/0,19:0:0,+0.75,+96.2,+1.22,+11.2,-0.6,+0.9,+0,-0.08,+0.75
1,11/1/0,19:30:0,+0.79,+100.5,+1.11,+12.3,-0.5,+0.8,+0,-0.14,+0.77
1,11/1/0,20:0:0,+0.73,+90.1,+1.31,+13.7,-0.6,+0.9,+0,-0.00,+0.73
1,11/1/0,20:30:0,+0.73,+94.1,+1.38,+15.1,-0.6,+0.8,+0,-0.05,+0.73
1,11/1/0,21:0:0,+0.80,+100.3,+1.32,+16.3,-0.7,+0.9,+0,-0.14,+0.78
1,11/1/0,21:30:0,+0.79,+100.5,+1.15,+17.4,-0.5,+0.9,+0,-0.14,+0.78
1,11/1/0,22:0:0,+0.83,+97.0,+1.17,+18.5,-0.6,+0.7,+0,-0.10,+0.83
1,11/1/0,22:30:0,+0.66,+94.1,+1.08,+20.8,-0.6,+0.9,+0,-0.05,+0.66
1,11/1/0,23:0:0,+0.83,+104.8,+1.46,+21.7,-0.5,+0.9,+0,-0.21,+0.80
1,11/1/0,23:30:0,+0.75,+121.3,+1.33,+22.2,-0.7,+0.7,+0,-0.39,+0.64
1,12/1/0,0:0:0,+0.76,+173.7,+1.68,+22.8,-0.8,+0.8,+0,-0.76,+0.08
1,12/1/0,0:30:0,+1.00,+209.9,+3.11,+23.4,-0.7,+1.1,+0,-0.86,-0.50
1,12/1/0,1:0:0,+1.36,+197.5,+3.86,+24.2,-0.6,+0.7,+0,-1.29,-0.41
1,12/1/0,1:30:0,+1.34,+211.1,+3.98,+24.6,-0.5,+0.6,+0,-1.15,-0.69
1,12/1/0,2:0:0,+1.65,+218.2,+5.18,+24.7,-0.9,+0.8,+0,-1.30,-1.02
1,12/1/0,2:30:0,+0.94,+202.7,+3.32,+23.9,-0.6,+0.5,+0,-0.87,-0.36
1,12/1/0,3:0:0,+1.34,+208.5,+3.51,+24.7,-0.7,+0.7,+0,-1.17,-0.64
1,12/1/0,3:30:0,+1.07,+216.8,+3.11,+24.6,-0.4,+0.7,+0,-0.85,-0.64
1,12/1/0,4:0:0,+1.26,+221.2,+3.57,+24.4,-0.9,+0.7,+0,-0.95,-0.83
1,12/1/0,4:30:0,+1.29,+228.5,+4.59,+23.4,-0.6,+0.8,+0,-0.86,-0.97
1,12/1/0,5:0:0,+0.80,+226.3,+3.89,+22.8,-0.8,+0.8,+0,-0.56,-0.58
1,12/1/0,5:30:0,+0.61,+231.7,+2.57,+22.2,-0.7,+0.8,+0,-0.38,-0.48
1,12/1/0,6:0:0,+0.60,+236.3,+1.70,+21.4,-0.4,+0.9,+0,-0.33,-0.50
1,12/1/0,6:30:0,+0.40,+251.9,+1.05,+20.4,-0.7,+0.9,+0,-0.12,-0.38
1,12/1/0,7:0:0,+0.27,+343.2,+0.71,+19.3,-0.6,+0.8,+0,+0.25,-0.08
1,12/1/0,7:30:0,+0.30,+15.6,+0.68,+17.5,-0.6,+0.7,+0,+0.29,+0.08
1,12/1/0,8:0:0,+0.37,+4.8,+0.81,+16.2,-0.4,+0.8,+0,+0.37,+0.03
1,12/1/0,8:30:0,+0.30,+7.4,+0.63,+15.1,-0.6,+0.7,+0,+0.30,+0.04
1,12/1/0,9:0:0,+0.36,+0.9,+0.70,+14.1,-0.7,+1.0,+0,+0.36,+0.01
1,12/1/0,9:30:0,+0.32,+16.5,+0.60,+13.4,-0.6,+0.8,+0,+0.30,+0.09
1,12/1/0,10:0:0,+0.36,+339.7,+0.67,+12.5,-0.5,+0.7,+0,+0.34,-0.13
1,12/1/0,10:30:0,+0.39,+347.0,+0.78,+11.8,-0.6,+1.0,+0,+0.38,-0.09
1,12/1/0,11:0:0,+0.32,+10.8,+0.72,+11.0,-0.5,+0.9,+0,+0.31,+0.06
1,12/1/0,11:30:0,+0.35,+346.4,+0.74,+10.3,-0.3,+0.7,+0,+0.34,-0.08
1,12/1/0,12:0:0,+0.38,+340.5,+0.80,+9.7,-0.4,+0.8,+0,+0.36,-0.13
1,12/1/0,12:30:0,+0.36,+340.2,+0.71,+9.1,-0.5,+0.7,+0,+0.34,-0.12
1,12/1/0,13:0:0,+0.42,+339.1,+1.01,+8.6,-0.5,+0.7,+0,+0.39,-0.15
1,12/1/0,13:30:0,+0.32,+350.1,+0.73,+8.1,-0.5,+0.9,+0,+0.32,-0.05
1,12/1/0,14:0:0,+0.36,+342.5,+0.74,+7.8,-0.5,+0.9,+0,+0.35,-0.11
1,12/1/0,14:30:0,+0.25,+339.1,+0.58,+7.3,-0.3,+1.0,+0,+0.23,-0.09
1,12/1/0,15:0:0,+0.35,+342.8,+0.69,+7.0,-0.5,+0.7,+0,+0.34,-0.10
1,12/1/0,15:30:0,+0.36,+339.8,+0.63,+6.9,-0.2,+0.8,+0,+0.34,-0.13
1,12/1/0,16:0:0,+0.32,+326.8,+0.68,+6.7,-0.3,+0.8,+0,+0.27,-0.18
1,12/1/0,16:30:0,+0.19,+277.7,+0.45,+6.3,-0.5,+0.8,+0,+0.03,-0.19
1,12/1/0,17:0:0,+0.29,+337.4,+0.56,+6.3,-0.5,+0.9,+0,+0.27,-0.11
1,12/1/0,17:30:0,+0.23,+333.6,+0.49,+6.3,-0.6,+1.1,+0,+0.21,-0.10
1,12/1/0,18:0:0,+0.28,+340.2,+0.63,+6.7,-0.3,+0.7,+0,+0.27,-0.10
1,12/1/0,18:30:0,+0.57,+92.6,+1.30,+8.5,-0.5,+0.7,+0,-0.03,+0.57
1,12/1/0,19:0:0,+0.88,+90.2,+1.34,+10.3,-0.4,+0.7,+0,-0.00,+0.88
1,12/1/0,19:30:0,+0.84,+89.3,+1.24,+11.8,-0.5,+0.8,+0,+0.01,+0.84
1,12/1/0,20:0:0,+0.98,+90.5,+1.52,+13.7,-0.5,+0.9,+0,-0.01,+0.98
1,12/1/0,20:30:0,+1.07,+87.7,+2.39,+16.1,-0.7,+0.6,+0,+0.04,+1.07
1,12/1/0,21:0:0,+1.07,+108.6,+3.04,+17.6,-0.7,+0.8,+0,-0.34,+1.01
1,12/1/0,21:30:0,+1.31,+202.8,+3.27,+18.2,-0.6,+0.8,+0,-1.21,-0.51
1,12/1/0,22:0:0,+0.97,+118.4,+1.86,+18.6,-0.7,+0.7,+0,-0.46,+0.86
1,12/1/0,22:30:0,+1.47,+199.8,+4.09,+19.3,-0.6,+0.8,+0,-1.38,-0.50
1,12/1/0,23:0:0,+1.30,+203.8,+2.99,+19.7,-0.7,+0.8,+0,-1.19,-0.52
1,12/1/0,23:30:0,+1.00,+162.2,+2.28,+20.0,-0.7,+0.7,+0,-0.95,+0.31
1,13/1/0,0:0:0,+1.23,+199.3,+3.38,+20.9,-0.8,+0.7,+0,-1.16,-0.41
1,13/1/0,0:30:0,+1.43,+196.4,+3.74,+21.3,-0.5,+0.8,+0,-1.38,-0.40
1,13/1/0,1:0:0,+1.72,+216.8,+4.15,+22.1,-0.7,+1.1,+0,-1.38,-1.03
1,13/1/0,1:30:0,+1.56,+216.6,+5.85,+22.2,-0.7,+0.7,+0,-1.25,-0.93
1,13/1/0,2:0:0,+1.93,+213.0,+4.44,+22.2,-0.5,+0.3,+0,-1.62,-1.05
1,13/1/0,2:30:0,+1.76,+209.4,+4.50,+22.8,-1.0,+0.8,+0,-1.53,-0.86
1,13/1/0,3:0:0,+1.72,+208.7,+3.92,+22.9,-0.9,+0.9,+0,-1.51,-0.83
1,13/1/0,3:30:0,+1.28,+176.6,+3.16,+23.1,-0.7,+0.8,+0,-1.28,+0.08
1,13/1/0,4:0:0,+1.11,+198.1,+2.74,+23.2,-0.7,+0.7,+0,-1.05,-0.34
1,13/1/0,4:30:0,+0.92,+193.9,+2.79,+23.0,-0.7,+0.7,+0,-0.90,-0.22
1,13/1/0,5:0:0,+0.92,+221.1,+3.95,+22.1,-0.8,+0.9,+0,-0.69,-0.60
1,13/1/0,5:30:0,+0.45,+185.3,+1.46,+21.4,-0.4,+0.8,+0,-0.45,-0.04
1,13/1/0,6:0:0,+0.35,+296.6,+1.23,+20.4,-0.5,+0.9,+0,+0.16,-0.31
1,13/1/0,6:30:0,+0.29,+296.5,+0.77,+19.4,-0.6,+0.7,+0,+0.13,-0.26
1,13/1/0,7:0:0,+0.31,+352.1,+0.67,+18.1,-0.6,+0.9,+0,+0.31,-0.04
1,13/1/0,7:30:0,+0.35,+341.0,+0.73,+16.8,-0.7,+0.8,+0,+0.33,-0.11
1,13/1/0,8:0:0,+0.42,+303.4,+0.82,+15.1,-0.5,+0.9,+0,+0.23,-0.35
1,13/1/0,8:30:0,+0.39,+324.4,+1.06,+14.0,-0.4,+0.8,+0,+0.32,-0.23
1,13/1/0,9:0:0,+0.37,+330.4,+0.65,+13.1,-0.4,+0.8,+0,+0.32,-0.18
1,13/1/0,9:30:0,+0.29,+331.5,+0.61,+12.2,-0.4,+0.8,+0,+0.26,-0.14
1,13/1/0,10:0:0,+0.37,+346.7,+0.69,+11.5,-0.4,+0.8,+0,+0.36,-0.08
1,13/1/0,10:30:0,+0.36,+332.0,+0.66,+11.0,-0.6,+1.0,+0,+0.32,-0.17
1,13/1/0,11:0:0,+0.25,+319.1,+0.60,+10.4,-0.5,+0.7,+0,+0.19,-0.16
1,13/1/0,11:30:0,+0.27,+328.9,+0.53,+9.7,-0.6,+0.9,+0,+0.23,-0.14
1,13/1/0,12:0:0,+0.30,+355.1,+0.59,+9.2,-0.3,+0.9,+0,+0.30,-0.03
1,13/1/0,12:30:0,+0.37,+347.0,+0.74,+8.9,-0.5,+0.9,+0,+0.36,-0.08
1,13/1/0,13:0:0,+0.45,+343.1,+0.77,+8.7,-0.5,+0.7,+0,+0.43,-0.13
1,13/1/0,13:30:0,+0.34,+339.4,+0.73,+8.4,-0.2,+0.8,+0,+0.32,-0.12
1,13/1/0,14:0:0,+0.31,+351.0,+0.76,+8.2,-0.6,+0.8,+0,+0.31,-0.05
1,13/1/0,14:30:0,+0.32,+335.6,+0.73,+8.1,-0.4,+0.8,+0,+0.30,-0.13
1,13/1/0,15:0:0,+0.24,+321.5,+0.57,+7.7,-0.4,+0.8,+0,+0.19,-0.15
1,13/1/0,15:30:0,+0.24,+328.0,+0.69,+7.2,-0.4,+0.9,+0,+0.20,-0.13
1,13/1/0,16:0:0,+0.29,+329.1,+0.60,+7.0,-0.6,+0.8,+0,+0.25,-0.15
1,13/1/0,16:30:0,+0.25,+341.4,+0.54,+6.9,-0.5,+0.8,+0,+0.23,-0.08
1,13/1/0,17:0:0,+0.25,+342.0,+0.57,+6.8,-0.3,+0.9,+0,+0.24,-0.08
1,13/1/0,17:30:0,+0.30,+342.0,+0.54,+7.0,-0.5,+0.8,+0,+0.29,-0.09
1,13/1/0,18:0:0,+0.31,+342.3,+0.64,+7.5,-0.5,+1.0,+0,+0.29,-0.09
1,13/1/0,18:30:0,+0.50,+93.2,+1.08,+9.3,-0.4,+1.0,+0,-0.03,+0.50
1,13/1/0,19:0:0,+0.79,+90.8,+1.49,+11.3,-0.5,+0.8,+0,-0.01,+0.79
1,13/1/0,19:30:0,+0.91,+91.0,+1.55,+12.8,-0.4,+0.7,+0,-0.02,+0.91
1,13/1/0,20:0:0,+0.93,+95.3,+1.34,+14.6,-0.5,+0.8,+0,-0.09,+0.93
1,13/1/0,20:30:0,+0.59,+113.2,+1.23,+16.5,-0.7,+0.9,+0,-0.23,+0.54
1,13/1/0,21:0:0,+0.70,+166.2,+1.27,+18.4,-0.6,+0.8,+0,-0.68,+0.17
1,13/1/0,21:30:0,+0.75,+144.8,+1.21,+19.9,-0.6,+0.8,+0,-0.61,+0.43
1,13/1/0,22:0:0,+0.81,+110.0,+1.24,+21.5,-0.5,+0.9,+0,-0.28,+0.76
1,13/1/0,22:30:0,+0.97,+200.2,+1.89,+22.5,-0.7,+0.8,+0,-0.91,-0.34
1,13/1/0,23:0:0,+1.09,+170.2,+2.19,+23.1,-0.6,+0.8,+0,-1.08,+0.19
1,13/1/0,23:30:0,+1.20,+192.0,+2.84,+23.9,-0.7,+0.8,+0,-1.18,-0.25
1,14/1/0,0:0:0,+1.35,+204.0,+3.42,+24.6,-0.8,+1.0,+0,-1.23,-0.55
1,14/1/0,0:30:0,+1.77,+218.4,+5.80,+24.6,-0.7,+1.0,+0,-1.39,-1.10
1,14/1/0,1:0:0,+2.00,+219.9,+4.93,+24.8,-0.4,+0.8,+0,-1.53,-1.28
1,14/1/0,1:30:0,+1.42,+218.2,+6.28,+25.4,-0.7,+1.0,+0,-1.12,-0.88
1,14/1/0,2:0:0,+1.58,+213.3,+3.51,+25.8,-0.7,+0.8,+0,-1.32,-0.87
1,14/1/0,2:30:0,+1.47,+211.3,+5.23,+26.3,-0.6,+0.7,+0,-1.26,-0.77
1,14/1/0,3:0:0,+1.41,+215.7,+3.76,+26.2,-0.6,+0.8,+0,-1.14,-0.82
1,14/1/0,3:30:0,+1.27,+214.9,+3.78,+26.6,-0.7,+0.9,+0,-1.05,-0.73
1,14/1/0,4:0:0,+1.38,+223.8,+3.95,+26.5,-0.7,+0.8,+0,-0.99,-0.95
1,14/1/0,4:30:0,+0.78,+211.3,+3.94,+26.3,-0.7,+0.8,+0,-0.67,-0.41
1,14/1/0,5:0:0,+0.80,+226.8,+2.59,+25.0,-0.6,+0.7,+0,-0.55,-0.58
1,14/1/0,5:30:0,+0.40,+240.6,+1.08,+24.4,-0.8,+1.1,+0,-0.20,-0.35
1,14/1/0,6:0:0,+0.29,+56.2,+1.19,+23.2,-0.7,+0.8,+0,+0.16,+0.24
1,14/1/0,6:30:0,+0.26,+20.4,+0.70,+21.9,-0.6,+0.9,+0,+0.25,+0.09
1,14/1/0,7:0:0,+0.26,+19.0,+0.64,+20.4,-0.6,+0.9,+0,+0.24,+0.08
1,14/1/0,7:30:0,+0.44,+329.1,+0.87,+19.2,-0.6,+0.8,+0,+0.37,-0.22
1,14/1/0,8:0:0,+0.44,+318.1,+1.09,+17.8,-0.8,+0.8,+0,+0.32,-0.29
1,14/1/0,8:30:0,+0.39,+305.0,+1.12,+16.6,-0.3,+0.7,+0,+0.22,-0.32
1,14/1/0,9:0:0,+0.29,+318.0,+0.61,+15.6,-0.5,+0.9,+0,+0.22,-0.19
1,14/1/0,9:30:0,+0.31,+324.4,+0.63,+14.6,-0.7,+0.8,+0,+0.26,-0.18
1,14/1/0,10:0:0,+0.31,+345.0,+0.58,+14.0,-0.5,+0.8,+0,+0.30,-0.08
1,14/1/0,10:30:0,+0.40,+345.3,+0.72,+13.4,-0.5,+0.7,+0,+0.38,-0.10
1,14/1/0,11:0:0,+0.27,+334.3,+0.59,+12.9,-0.4,+0.8,+0,+0.25,-0.12
1,14/1/0,11:30:0,+0.29,+339.3,+0.59,+12.3,-0.4,+0.8,+0,+0.27,-0.10
1,14/1/0,12:0:0,+0.33,+341.4,+0.80,+12.1,-0.4,+0.9,+0,+0.32,-0.11
1,14/1/0,12:30:0,+0.34,+343.2,+0.85,+11.6,-0.6,+0.9,+0,+0.33,-0.10
1,14/1/0,13:0:0,+0.33,+326.4,+0.73,+11.2,-0.5,+1.0,+0,+0.27,-0.18
1,14/1/0,13:30:0,+0.36,+322.4,+1.04,+11.1,-0.6,+1.0,+0,+0.29,-0.22
1,14/1/0,14:0:0,+0.34,+347.1,+0.73,+10.7,-0.6,+0.8,+0,+0.33,-0.08
1,14/1/0,14:30:0,+0.40,+14.2,+1.88,+10.6,-0.4,+0.8,+0,+0.39,+0.10
1,14/1/0,15:0:0,+0.37,+352.0,+0.75,+10.2,-0.4,+1.0,+0,+0.36,-0.05
1,14/1/0,15:30:0,+0.37,+353.8,+0.84,+10.3,-0.4,+0.9,+0,+0.36,-0.04
1,14/1/0,16:0:0,+0.61,+68.4,+1.79,+10.6,-0.6,+1.0,+0,+0.22,+0.57
1,14/1/0,16:30:0,+0.55,+311.3,+1.70,+12.2,-0.3,+0.9,+0,+0.36,-0.41
1,14/1/0,17:0:0,+0.47,+319.1,+0.97,+13.2,-0.4,+0.7,+0,+0.36,-0.31
1,14/1/0,17:30:0,+0.63,+226.9,+3.53,+13.4,-0.4,+0.9,+0,-0.43,-0.46
1,14/1/0,18:0:0,+1.07,+216.3,+3.57,+14.1,-0.4,+0.8,+0,-0.86,-0.63
1,14/1/0,18:30:0,+0.91,+219.0,+3.07,+14.4,-0.7,+0.7,+0,-0.71,-0.57
1,14/1/0,19:0:0,+1.18,+214.7,+2.83,+14.9,-0.4,+0.8,+0,-0.97,-0.67
1,14/1/0,19:30:0,+1.41,+210.9,+3.28,+15.1,-0.5,+0.6,+0,-1.21,-0.73
1,14/1/0,20:0:0,+1.46,+210.3,+3.02,+15.3,-0.7,+0.9,+0,-1.26,-0.74
1,14/1/0,20:30:0,+1.36,+216.3,+3.46,+14.9,-0.4,+0.9,+0,-1.10,-0.81
1,14/1/0,21:0:0,+1.47,+221.0,+2.95,+14.0,-0.5,+1.0,+0,-1.11,-0.96
1,14/1/0,21:30:0,+1.27,+221.6,+2.87,+14.0,-0.6,+0.9,+0,-0.95,-0.84
1,14/1/0,22:0:0,+0.82,+106.6,+2.00,+14.5,-0.8,+0.6,+0,-0.23,+0.79
1,14/1/0,22:30:0,+0.98,+102.8,+2.46,+15.4,-0.6,+0.7,+0,-0.22,+0.95
1,14/1/0,23:0:0,+1.41,+212.7,+3.89,+16.7,-0.5,+0.9,+0,-1.19,-0.76
1,14/1/0,23:30:0,+1.63,+210.7,+3.99,+17.1,-0.7,+0.7,+0,-1.40,-0.83
1,15/1/0,0:0:0,+1.32,+215.7,+2.98,+17.5,-0.6,+0.8,+0,-1.07,-0.77
1,15/1/0,0:30:0,+1.44,+221.8,+4.20,+17.9,-0.3,+0.9,+0,-1.07,-0.96
1,15/1/0,1:0:0,+1.32,+219.3,+3.85,+18.2,-0.4,+0.8,+0,-1.02,-0.83
1,15/1/0,1:30:0,+2.51,+226.6,+6.80,+19.1,-0.7,+1.0,+0,-1.73,-1.82
1,15/1/0,2:0:0,+1.42,+223.1,+4.89,+18.2,-0.6,+0.8,+0,-1.04,-0.97
1,15/1/0,2:30:0,+1.24,+205.6,+3.07,+17.6,-0.6,+0.7,+0,-1.12,-0.54
1,15/1/0,3:0:0,+0.79,+219.6,+3.39,+17.6,-0.6,+0.9,+0,-0.61,-0.50
1,15/1/0,3:30:0,+0.91,+179.7,+2.32,+17.5,-0.7,+0.8,+0,-0.91,+0.00
1,15/1/0,4:0:0,+0.94,+162.4,+2.16,+17.6,-0.5,+0.8,+0,-0.89,+0.28
1,15/1/0,4:30:0,+0.66,+121.7,+2.50,+17.1,-0.5,+0.8,+0,-0.35,+0.56
1,15/1/0,5:0:0,+0.37,+63.6,+1.41,+15.0,-0.5,+0.7,+0,+0.16,+0.33
1,15/1/0,5:30:0,+0.44,+52.4,+1.15,+13.1,-0.4,+0.9,+0,+0.27,+0.35
1,15/1/0,6:0:0,+0.43,+60.8,+1.52,+12.3,-0.3,+1.0,+0,+0.21,+0.38
1,15/1/0,6:30:0,+0.24,+58.1,+0.75,+12.0,-0.8,+0.9,+0,+0.13,+0.20
1,15/1/0,7:0:0,+0.29,+26.8,+0.62,+11.7,-0.5,+0.9,+0,+0.26,+0.13
1,15/1/0,7:30:0,+0.33,+35.9,+1.14,+11.3,-0.4,+0.7,+0,+0.26,+0.19
1,15/1/0,8:0:0,+0.30,+356.7,+0.73,+10.5,-0.5,+0.9,+0,+0.30,-0.02
1,15/1/0,8:30:0,+0.29,+353.2,+0.72,+10.0,-0.3,+0.9,+0,+0.29,-0.03
1,15/1/0,9:0:0,+0.34,+344.0,+0.73,+9.4,-0.4,+0.8,+0,+0.32,-0.09
1,15/1/0,9:30:0,+0.28,+17.4,+0.59,+8.8,-0.4,+0.7,+0,+0.27,+0.08
1,15/1/0,10:0:0,+0.26,+346.9,+0.69,+8.7,-0.4,+0.8,+0,+0.25,-0.06
1,15/1/0,10:30:0,+0.29,+350.2,+0.55,+8.9,-0.4,+0.8,+0,+0.29,-0.05
1,15/1/0,11:0:0,+0.29,+345.4,+0.51,+9.0,-0.4,+0.7,+0,+0.28,-0.07
1,15/1/0,11:30:0,+0.33,+341.9,+0.72,+9.0,-0.4,+0.7,+0,+0.31,-0.10
1,15/1/0,12:0:0,+0.31,+2.5,+0.68,+9.0,-0.5,+0.9,+0,+0.31,+0.01
1,15/1/0,12:30:0,+0.26,+346.2,+0.72,+8.6,-0.4,+0.9,+0,+0.25,-0.06
1,15/1/0,13:0:0,+0.29,+341.3,+0.60,+8.4,-0.6,+0.9,+0,+0.28,-0.09
1,15/1/0,13:30:0,+0.29,+10.7,+0.56,+8.7,-0.3,+0.9,+0,+0.28,+0.05
1,15/1/0,14:0:0,+0.33,+51.4,+1.41,+9.1,-0.6,+0.8,+0,+0.21,+0.26
1,15/1/0,14:30:0,+0.31,+25.5,+1.13,+9.2,-0.4,+0.8,+0,+0.28,+0.13
1,15/1/0,15:0:0,+0.32,+0.5,+0.70,+9.2,-0.4,+0.8,+0,+0.32,+0.00
1,15/1/0,15:30:0,+0.24,+341.5,+0.59,+9.2,-0.4,+0.7,+0,+0.23,-0.08
1,15/1/0,16:0:0,+0.31,+331.0,+0.56,+9.1,-0.5,+0.8,+0,+0.27,-0.15
1,15/1/0,16:30:0,+0.25,+349.4,+0.72,+9.1,-0.4,+0.9,+0,+0.25,-0.05
1,15/1/0,17:0:0,+0.40,+49.8,+1.59,+9.4,-0.6,+0.5,+0,+0.26,+0.30
1,15/1/0,17:30:0,+0.27,+326.8,+0.63,+9.5,-0.3,+0.8,+0,+0.22,-0.15
1,15/1/0,18:0:0,+0.23,+324.4,+1.68,+10.1,-0.5,+0.9,+0,+0.18,-0.13
1,15/1/0,18:30:0,+0.26,+52.2,+1.00,+10.6,-0.5,+0.9,+0,+0.16,+0.21
1,15/1/0,19:0:0,+0.23,+36.1,+1.24,+10.6,-0.5,+0.9,+0,+0.18,+0.13
1,15/1/0,19:30:0,+0.20,+0.6,+0.49,+10.6,-0.4,+0.8,+0,+0.20,+0.00
1,15/1/0,20:0:0,+0.38,+103.7,+0.97,+11.9,-0.6,+0.8,+0,-0.09,+0.36
1,15/1/0,20:30:0,+0.46,+153.6,+1.52,+12.9,-0.6,+0.9,+0,-0.41,+0.20
1,15/1/0,21:0:0,+0.67,+199.2,+2.26,+13.5,-0.5,+0.7,+0,-0.63,-0.22
