7450-027328
OS REV: 1.05 Sensor Cal: 1592497139
Time (sec),  BV (Volts),  T (deg C),  DO (mg/l),  Q ()
1624830060,+3.20,+17.684, +8.779,+0.973
1624830660,+3.20,+17.515, +8.668,+0.972
1624831260,+3.21,+17.235, +8.723,+0.972
1624831860,+3.20,+17.396, +8.794,+0.973
1624832460,+3.21,+17.996, +8.642,+0.973
1624833060,+3.20,+17.481, +8.825,+0.972
1624833660,+3.20,+17.608, +8.795,+0.972
1624834260,+3.20,+17.675, +8.717,+0.972
1624834860,+3.21,+16.930, +8.750,+0.972
1624835460,+3.20,+16.658, +8.844,+0.973
1624836060,+3.20,+16.590, +8.874,+0.973
1624836660,+3.20,+16.709, +8.842,+0.973
1624837260,+3.20,+16.735, +8.805,+0.972
1624837860,+3.20,+16.769, +8.842,+0.973
1624838460,+3.20,+16.828, +8.848,+0.973
1624839060,+3.21,+16.871, +8.844,+0.973
1624839660,+3.21,+16.930, +8.834,+0.973
1624840260,+3.20,+17.015, +8.808,+0.973
1624840860,+3.20,+17.083, +8.805,+0.973
1624841460,+3.20,+17.159, +8.788,+0.973
1624842060,+3.20,+17.227, +8.781,+0.973
1624842660,+3.20,+17.303, +8.733,+0.973
1624843260,+3.20,+17.388, +8.753,+0.973
1624843860,+3.20,+17.515, +8.785,+0.973
1624844460,+3.20,+17.557, +8.665,+0.972
1624845060,+3.20,+17.675, +8.733,+0.972
1624845660,+3.20,+17.819, +8.695,+0.973
1624846260,+3.20,+17.895, +8.636,+0.972
1624846860,+3.20,+17.979, +8.791,+0.973
1624847460,+3.20,+18.013, +8.649,+0.972
1624848060,+3.20,+17.903, +8.594,+0.973
1624848660,+3.20,+17.785, +8.585,+0.972
1624849260,+3.20,+17.785, +8.628,+0.972
1624849860,+3.20,+17.675, +8.674,+0.972
1624850460,+3.20,+17.760, +8.676,+0.972
1624851060,+3.20,+17.515, +8.643,+0.972
1624851660,+3.20,+17.354, +8.740,+0.972
1624852260,+3.20,+17.608, +8.666,+0.973
1624852860,+3.20,+17.658, +8.618,+0.973
1624853460,+3.20,+17.134, +8.829,+0.973
1624854060,+3.20,+17.625, +8.734,+0.973
1624854660,+3.20,+17.946, +8.521,+0.973
1624855260,+3.20,+17.549, +8.673,+0.972
1624855860,+3.20,+17.286, +8.758,+0.972
1624856460,+3.20,+17.252, +8.769,+0.973
1624857060,+3.20,+17.244, +8.736,+0.973
1624857660,+3.20,+17.430, +8.675,+0.973
1624858260,+3.20,+17.464, +8.618,+0.973
1624858860,+3.20,+17.422, +8.536,+0.973
1624859460,+3.20,+17.303, +8.617,+0.972
1624860060,+3.20,+17.278, +8.698,+0.973
1624860660,+3.20,+17.261, +8.732,+0.973
1624861260,+3.20,+17.227, +8.740,+0.973
1624861860,+3.20,+17.235, +8.766,+0.973
1624862460,+3.20,+17.261, +8.764,+0.973
1624863060,+3.20,+17.261, +8.769,+0.973
1624863660,+3.20,+17.430, +8.740,+0.973
1624864260,+3.20,+17.591, +8.678,+0.973
1624864860,+3.20,+17.557, +8.693,+0.973
1624865460,+3.20,+17.565, +8.655,+0.972
1624866060,+3.20,+17.591, +8.650,+0.973
1624866660,+3.20,+17.549, +8.644,+0.973
1624867260,+3.20,+17.472, +8.639,+0.972
1624867860,+3.20,+17.447, +8.637,+0.972
1624868460,+3.20,+17.456, +8.596,+0.973
1624869060,+3.20,+17.422, +8.555,+0.973
1624869660,+3.20,+17.413, +8.542,+0.973
1624870260,+3.20,+17.388, +8.511,+0.973
1624870860,+3.20,+17.430, +8.508,+0.973
1624871460,+3.20,+17.506, +8.521,+0.973
1624872060,+3.20,+17.599, +8.537,+0.973
1624872660,+3.20,+17.718, +8.590,+0.973
1624873260,+3.20,+17.650, +8.541,+0.973
1624873860,+3.20,+17.743, +8.579,+0.972
1624874460,+3.20,+17.819, +8.613,+0.972
1624875060,+3.20,+17.946, +8.666,+0.973
1624875660,+3.20,+17.811, +8.618,+0.973
1624876260,+3.20,+17.802, +8.600,+0.972
1624876860,+3.20,+17.701, +8.549,+0.973
1624877460,+3.20,+17.472, +8.648,+0.973
1624878060,+3.20,+17.303, +8.678,+0.973
1624878660,+3.20,+17.151, +8.705,+0.973
1624879260,+3.20,+17.286, +8.692,+0.973
1624879860,+3.20,+17.422, +8.640,+0.972
1624880460,+3.20,+17.532, +8.621,+0.973
1624881060,+3.20,+17.565, +8.645,+0.973
1624881660,+3.20,+17.498, +8.633,+0.972
1624882260,+3.20,+17.506, +8.636,+0.972
1624882860,+3.20,+17.472, +8.651,+0.973
1624883460,+3.20,+17.498, +8.660,+0.973
1624884060,+3.20,+17.481, +8.632,+0.972
1624884660,+3.20,+17.464, +8.611,+0.972
1624885260,+3.20,+17.413, +8.625,+0.972
1624885860,+3.20,+17.286, +8.694,+0.973
1624886460,+3.20,+17.227, +8.745,+0.973
1624887060,+3.20,+17.125, +8.781,+0.973
1624887660,+3.20,+17.057, +8.778,+0.972
1624888260,+3.20,+17.108, +8.798,+0.973
1624888860,+3.20,+17.159, +8.778,+0.973
1624889460,+3.20,+17.235, +8.733,+0.973
1624890060,+3.20,+17.278, +8.723,+0.973
1624890660,+3.20,+17.218, +8.747,+0.973
1624891260,+3.20,+17.117, +8.497,+0.973
1624891860,+3.20,+17.100, +8.505,+0.973
1624892460,+3.20,+16.973, +8.538,+0.973
1624893060,+3.20,+16.879, +8.567,+0.973
1624893660,+3.20,+16.794, +8.603,+0.973
1624894260,+3.20,+16.718, +8.611,+0.973
1624894860,+3.20,+16.752, +8.611,+0.973
1624895460,+3.20,+16.675, +8.644,+0.973
1624896060,+3.20,+16.803, +8.615,+0.973
1624896660,+3.20,+16.964, +8.619,+0.974
1624897260,+3.20,+17.159, +8.575,+0.973
1624897860,+3.20,+17.345, +8.553,+0.973
1624898460,+3.20,+17.345, +8.530,+0.973
1624899060,+3.20,+17.201, +8.578,+0.972
1624899660,+3.20,+17.168, +8.630,+0.972
1624900260,+3.20,+17.091, +8.691,+0.973
1624900860,+3.20,+17.117, +8.685,+0.973
1624901460,+3.20,+17.142, +8.720,+0.973
1624902060,+3.20,+17.303, +8.629,+0.973
1624902660,+3.20,+17.388, +8.628,+0.972
1624903260,+3.20,+17.362, +8.614,+0.973
1624903860,+3.20,+17.227, +8.645,+0.972
1624904460,+3.20,+17.142, +8.653,+0.972
1624905060,+3.20,+17.032, +8.684,+0.973
1624905660,+3.20,+17.117, +8.671,+0.973
1624906260,+3.20,+17.295, +8.670,+0.973
1624906860,+3.20,+17.430, +8.677,+0.973
1624907460,+3.20,+17.540, +8.636,+0.973
1624908060,+3.20,+17.498, +8.663,+0.973
1624908660,+3.20,+17.642, +8.611,+0.973
1624909260,+3.20,+17.785, +8.570,+0.973
1624909860,+3.20,+17.887, +8.520,+0.973
1624910460,+3.20,+17.811, +8.545,+0.972
1624911060,+3.20,+17.625, +8.571,+0.972
1624911660,+3.20,+17.684, +8.572,+0.972
1624912260,+3.20,+17.735, +8.550,+0.972
1624912860,+3.20,+17.802, +8.567,+0.973
1624913460,+3.20,+17.709, +8.592,+0.972
1624914060,+3.20,+17.362, +8.704,+0.973
1624914660,+3.20,+17.379, +8.718,+0.973
1624915260,+3.20,+17.557, +8.645,+0.973
1624915860,+3.20,+17.447, +8.692,+0.973
1624916460,+3.20,+17.439, +8.719,+0.973
