7450-027328
OS REV: 1.05 Sensor Cal: 1592497139
Time (sec),  BV (Volts),  T (deg C),  DO (mg/l),  Q ()
1630224060,+3.15,+17.295, +8.445,+0.973
1630224660,+3.15,+17.286, +8.457,+0.973
1630225260,+3.15,+17.278, +8.445,+0.973
1630225860,+3.15,+17.252, +8.444,+0.973
1630226460,+3.15,+17.235, +8.439,+0.973
1630227060,+3.15,+17.244, +8.425,+0.972
1630227660,+3.15,+17.210, +8.453,+0.973
1630228260,+3.15,+17.201, +8.453,+0.973
1630228860,+3.15,+17.201, +8.445,+0.973
1630229460,+3.15,+17.134, +8.513,+0.974
1630230060,+3.15,+17.159, +8.511,+0.974
1630230660,+3.15,+17.176, +8.383,+0.973
1630231260,+3.15,+17.125, +8.409,+0.973
1630231860,+3.15,+17.125, +8.433,+0.973
1630232460,+3.15,+17.108, +8.414,+0.973
1630233060,+3.15,+17.117, +8.489,+0.973
1630233660,+3.15,+17.083, +8.522,+0.973
1630234260,+3.15,+17.100, +8.572,+0.975
1630234860,+3.15,+17.083, +8.536,+0.973
1630235460,+3.15,+17.074, +8.559,+0.974
1630236060,+3.15,+17.074, +8.530,+0.973
1630236660,+3.15,+17.040, +8.551,+0.973
1630237260,+3.15,+17.023, +8.562,+0.974
1630237860,+3.15,+17.032, +8.545,+0.974
1630238460,+3.15,+17.032, +8.528,+0.974
1630239060,+3.15,+17.023, +8.560,+0.973
1630239660,+3.15,+17.006, +8.594,+0.973
1630240260,+3.15,+17.006, +8.586,+0.973
1630240860,+3.15,+16.998, +8.586,+0.973
1630241460,+3.15,+16.998, +8.556,+0.973
1630242060,+3.15,+16.981, +8.560,+0.973
1630242660,+3.15,+16.964, +8.571,+0.974
1630243260,+3.15,+16.947, +8.568,+0.973
1630243860,+3.15,+16.956, +8.557,+0.973
1630244460,+3.15,+16.964, +8.549,+0.974
1630245060,+3.15,+16.947, +8.567,+0.974
1630245660,+3.15,+16.930, +8.531,+0.973
1630246260,+3.15,+16.922, +8.535,+0.973
1630246860,+3.15,+16.939, +8.534,+0.973
1630247460,+3.15,+16.939, +8.516,+0.973
1630248060,+3.15,+16.956, +8.530,+0.972
1630248660,+3.15,+16.973, +8.526,+0.973
1630249260,+3.15,+16.990, +8.535,+0.974
1630249860,+3.15,+16.964, +8.562,+0.974
1630250460,+3.15,+16.990, +8.550,+0.973
1630251060,+3.15,+16.998, +8.552,+0.973
1630251660,+3.15,+17.006, +8.553,+0.973
1630252260,+3.15,+16.998, +8.580,+0.973
1630252860,+3.15,+17.006, +8.487,+0.973
1630253460,+3.15,+16.990, +8.579,+0.972
1630254060,+3.15,+16.998, +8.609,+0.973
1630254660,+3.15,+16.998, +8.627,+0.973
1630255260,+3.15,+16.990, +8.624,+0.974
1630255860,+3.15,+16.990, +8.607,+0.973
1630256460,+3.15,+16.990, +8.608,+0.973
1630257060,+3.15,+16.981, +8.618,+0.973
1630257660,+3.15,+16.998, +8.617,+0.973
1630258260,+3.15,+17.006, +8.611,+0.973
1630258860,+3.15,+17.032, +8.597,+0.973
1630259460,+3.15,+17.049, +8.590,+0.973
1630260060,+3.15,+17.040, +8.281,+0.973
1630260660,+3.15,+17.040, +8.573,+0.973
1630261260,+3.15,+17.049, +8.593,+0.973
1630261860,+3.15,+17.057, +8.602,+0.973
1630262460,+3.15,+17.057, +8.603,+0.974
1630263060,+3.15,+17.066, +8.550,+0.973
1630263660,+3.15,+17.091, +8.588,+0.973
1630264260,+3.15,+17.083, +8.612,+0.973
1630264860,+3.15,+17.100, +8.625,+0.973
1630265460,+3.15,+17.134, +8.606,+0.973
1630266060,+3.15,+17.168, +8.613,+0.973
1630266660,+3.15,+17.227, +8.598,+0.973
1630267260,+3.15,+17.269, +8.583,+0.973
1630267860,+3.15,+17.329, +8.596,+0.973
1630268460,+3.15,+17.396, +8.604,+0.973
1630269060,+3.15,+17.422, +8.601,+0.973
1630269660,+3.15,+17.413, +8.604,+0.973
1630270260,+3.15,+17.430, +8.610,+0.972
1630270860,+3.15,+17.481, +8.610,+0.973
1630271460,+3.15,+17.472, +8.621,+0.973
1630272060,+3.15,+17.506, +8.626,+0.974
1630272660,+3.15,+17.540, +8.609,+0.973
1630273260,+3.15,+17.565, +8.592,+0.973
1630273860,+3.15,+17.523, +8.622,+0.974
1630274460,+3.15,+17.557, +8.605,+0.973
1630275060,+3.15,+17.565, +8.620,+0.973
1630275660,+3.15,+17.608, +8.619,+0.973
1630276260,+3.14,+17.726, +8.606,+0.973
1630276860,+3.15,+18.038, +8.624,+0.973
1630277460,+3.15,+17.988, +8.624,+0.974
1630278060,+3.15,+17.903, +8.616,+0.972
1630278660,+3.14,+17.853, +8.621,+0.973
1630279260,+3.14,+17.827, +8.628,+0.973
1630279860,+3.14,+17.853, +8.616,+0.972
1630280460,+3.15,+17.878, +8.640,+0.973
1630281060,+3.15,+17.954, +8.615,+0.973
1630281660,+3.15,+18.030, +8.592,+0.972
1630282260,+3.15,+18.064, +8.614,+0.973
1630282860,+3.15,+18.114, +8.609,+0.973
1630283460,+3.15,+18.131, +8.594,+0.972
1630284060,+3.15,+18.131, +8.582,+0.973
1630284660,+3.15,+18.173, +8.575,+0.973
1630285260,+3.15,+18.216, +8.594,+0.973
1630285860,+3.15,+18.291, +8.561,+0.973
1630286460,+3.15,+18.359, +8.569,+0.973
1630287060,+3.15,+18.435, +8.540,+0.973
1630287660,+3.15,+18.510, +8.530,+0.972
1630288260,+3.15,+18.519, +8.484,+0.972
1630288860,+3.15,+18.544, +8.481,+0.973
1630289460,+3.15,+18.510, +8.484,+0.973
1630290060,+3.15,+18.502, +8.474,+0.973
1630290660,+3.15,+18.477, +8.486,+0.973
1630291260,+3.15,+18.435, +8.480,+0.973
1630291860,+3.15,+18.393, +8.464,+0.973
1630292460,+3.15,+18.376, +8.468,+0.973
1630293060,+3.15,+18.367, +8.480,+0.973
1630293660,+3.15,+18.342, +8.190,+0.973
1630294260,+3.15,+18.317, +8.104,+0.973
1630294860,+3.15,+18.291, +8.202,+0.973
1630295460,+3.15,+18.266, +8.276,+0.973
1630296060,+3.15,+18.266, +8.413,+0.972
1630296660,+3.15,+18.207, +8.388,+0.973
1630297260,+3.15,+18.190, +8.393,+0.973
1630297860,+3.15,+18.173, +8.279,+0.973
1630298460,+3.15,+18.106, +8.348,+0.973
1630299060,+3.15,+18.098, +8.500,+0.973
1630299660,+3.15,+18.064, +8.496,+0.972
1630300260,+3.15,+18.047, +8.459,+0.973
1630300860,+3.15,+18.047, +8.574,+0.973
1630301460,+3.15,+17.988, +8.580,+0.973
1630302060,+3.15,+17.946, +8.587,+0.972
1630302660,+3.15,+17.895, +8.591,+0.973
1630303260,+3.15,+17.878, +8.611,+0.973
1630303860,+3.15,+17.895, +8.602,+0.973
1630304460,+3.15,+17.878, +8.588,+0.973
1630305060,+3.15,+17.878, +8.582,+0.973
1630305660,+3.15,+17.870, +8.574,+0.973
1630306260,+3.14,+17.844, +8.613,+0.973
1630306860,+3.14,+17.827, +8.573,+0.973
1630307460,+3.14,+17.811, +8.570,+0.973
1630308060,+3.14,+17.760, +8.559,+0.973
1630308660,+3.14,+17.760, +8.551,+0.973
1630309260,+3.14,+17.735, +8.556,+0.973
1630309860,+3.14,+17.709, +8.547,+0.973
1630310460,+3.14,+17.684, +8.583,+0.972
