7450-027328
OS REV: 1.05 Sensor Cal: 1592497139
Time (sec),  BV (Volts),  T (deg C),  DO (mg/l),  Q ()
1626657060,+3.18,+21.386, +8.019,+0.972
1626657660,+3.18,+21.403, +8.050,+0.973
1626658260,+3.18,+21.411, +8.040,+0.973
1626658860,+3.18,+21.311, +8.074,+0.973
1626659460,+3.18,+21.369, +8.066,+0.973
1626660060,+3.18,+21.361, +8.063,+0.973
1626660660,+3.18,+21.394, +8.037,+0.973
1626661260,+3.18,+21.369, +8.086,+0.973
1626661860,+3.18,+21.177, +8.193,+0.972
1626662460,+3.18,+21.286, +8.111,+0.974
1626663060,+3.18,+21.361, +7.959,+0.974
1626663660,+3.18,+21.352, +7.906,+0.973
1626664260,+3.18,+21.352, +7.998,+0.973
1626664860,+3.18,+21.378, +7.934,+0.973
1626665460,+3.18,+21.386, +7.895,+0.973
1626666060,+3.18,+21.327, +7.898,+0.973
1626666660,+3.18,+21.369, +7.932,+0.974
1626667260,+3.18,+21.194, +7.960,+0.973
1626667860,+3.17,+21.035, +7.954,+0.973
1626668460,+3.17,+21.068, +7.973,+0.974
1626669060,+3.18,+21.327, +7.920,+0.973
1626669660,+3.18,+21.378, +7.935,+0.974
1626670260,+3.18,+21.378, +7.933,+0.973
1626670860,+3.18,+21.436, +7.894,+0.973
1626671460,+3.18,+21.411, +7.945,+0.973
1626672060,+3.18,+21.394, +8.001,+0.973
1626672660,+3.18,+21.369, +7.990,+0.974
1626673260,+3.18,+21.361, +7.979,+0.974
1626673860,+3.18,+21.336, +8.019,+0.973
1626674460,+3.18,+21.311, +7.986,+0.974
1626675060,+3.18,+21.277, +7.914,+0.973
1626675660,+3.18,+21.277, +7.961,+0.973
1626676260,+3.18,+21.269, +7.936,+0.974
1626676860,+3.18,+21.252, +7.971,+0.974
1626677460,+3.18,+21.219, +7.983,+0.973
1626678060,+3.18,+21.168, +8.027,+0.973
1626678660,+3.18,+21.160, +8.026,+0.974
1626679260,+3.18,+21.160, +7.974,+0.974
1626679860,+3.18,+21.110, +8.028,+0.973
1626680460,+3.17,+21.060, +8.012,+0.973
1626681060,+3.17,+21.026, +8.039,+0.974
1626681660,+3.17,+21.010, +7.978,+0.973
1626682260,+3.17,+20.993, +8.026,+0.974
1626682860,+3.17,+20.934, +7.976,+0.973
1626683460,+3.17,+20.934, +7.940,+0.973
1626684060,+3.17,+20.892, +8.022,+0.973
1626684660,+3.17,+20.867, +7.975,+0.973
1626685260,+3.17,+20.859, +7.893,+0.973
1626685860,+3.17,+20.817, +7.914,+0.974
1626686460,+3.17,+20.784, +7.987,+0.973
1626687060,+3.17,+20.775, +7.958,+0.974
1626687660,+3.17,+20.742, +8.002,+0.974
1626688260,+3.17,+20.700, +7.961,+0.974
1626688860,+3.17,+20.675, +7.948,+0.973
1626689460,+3.17,+20.658, +7.909,+0.973
1626690060,+3.17,+20.641, +7.908,+0.974
1626690660,+3.17,+20.633, +7.935,+0.974
1626691260,+3.18,+20.608, +7.931,+0.973
1626691860,+3.18,+20.600, +7.965,+0.973
1626692460,+3.18,+20.583, +7.934,+0.973
1626693060,+3.18,+20.558, +7.903,+0.974
1626693660,+3.18,+20.549, +7.985,+0.974
1626694260,+3.18,+20.533, +7.943,+0.973
1626694860,+3.18,+20.516, +7.928,+0.974
1626695460,+3.18,+20.491, +7.908,+0.973
1626696060,+3.18,+20.474, +7.895,+0.974
1626696660,+3.18,+20.432, +7.883,+0.973
1626697260,+3.18,+20.457, +7.925,+0.974
1626697860,+3.18,+20.424, +7.898,+0.973
1626698460,+3.18,+20.399, +7.906,+0.973
1626699060,+3.18,+20.424, +7.895,+0.974
1626699660,+3.18,+20.390, +7.878,+0.973
1626700260,+3.18,+20.382, +7.878,+0.973
1626700860,+3.18,+20.373, +7.874,+0.974
1626701460,+3.18,+20.373, +7.904,+0.974
1626702060,+3.18,+20.357, +7.894,+0.973
1626702660,+3.18,+20.348, +7.933,+0.974
1626703260,+3.18,+20.332, +7.948,+0.974
1626703860,+3.18,+20.315, +7.913,+0.974
1626704460,+3.18,+20.340, +7.892,+0.974
1626705060,+3.18,+20.323, +7.902,+0.973
1626705660,+3.18,+20.332, +7.878,+0.974
1626706260,+3.18,+20.340, +7.900,+0.973
1626706860,+3.18,+20.307, +7.922,+0.973
1626707460,+3.18,+20.332, +7.972,+0.974
1626708060,+3.18,+20.340, +7.949,+0.973
1626708660,+3.18,+20.332, +7.956,+0.973
1626709260,+3.18,+20.365, +7.944,+0.973
1626709860,+3.18,+20.365, +7.934,+0.974
1626710460,+3.18,+20.390, +7.941,+0.974
1626711060,+3.18,+20.407, +7.927,+0.973
1626711660,+3.18,+20.440, +7.930,+0.973
1626712260,+3.18,+20.457, +7.925,+0.973
1626712860,+3.18,+20.457, +7.948,+0.974
1626713460,+3.18,+20.474, +7.950,+0.974
1626714060,+3.18,+20.466, +7.954,+0.973
1626714660,+3.18,+20.449, +7.928,+0.974
1626715260,+3.18,+20.466, +7.935,+0.973
1626715860,+3.18,+20.457, +7.918,+0.973
1626716460,+3.18,+20.457, +7.930,+0.974
1626717060,+3.18,+20.449, +7.953,+0.974
1626717660,+3.18,+20.449, +7.922,+0.973
1626718260,+3.18,+20.440, +7.931,+0.973
1626718860,+3.18,+20.449, +7.909,+0.973
1626719460,+3.18,+20.449, +7.955,+0.973
1626720060,+3.18,+20.457, +7.973,+0.974
1626720660,+3.18,+20.457, +7.979,+0.974
1626721260,+3.18,+20.440, +7.994,+0.973
1626721860,+3.18,+20.474, +7.996,+0.974
1626722460,+3.18,+20.491, +7.989,+0.973
1626723060,+3.18,+20.482, +8.025,+0.974
1626723660,+3.18,+20.491, +8.001,+0.973
1626724260,+3.18,+20.491, +7.985,+0.973
1626724860,+3.18,+20.407, +8.047,+0.973
1626725460,+3.18,+20.365, +8.097,+0.973
1626726060,+3.18,+20.407, +8.074,+0.974
1626726660,+3.18,+20.332, +8.165,+0.974
1626727260,+3.18,+20.449, +8.055,+0.973
1626727860,+3.18,+20.524, +8.059,+0.974
1626728460,+3.18,+20.516, +8.004,+0.973
1626729060,+3.17,+20.549, +7.981,+0.974
1626729660,+3.17,+20.541, +7.943,+0.974
1626730260,+3.18,+20.541, +7.930,+0.973
1626730860,+3.17,+20.549, +7.898,+0.974
1626731460,+3.17,+20.558, +7.905,+0.974
1626732060,+3.17,+20.566, +7.892,+0.973
1626732660,+3.17,+20.558, +7.901,+0.973
1626733260,+3.17,+20.566, +7.912,+0.973
1626733860,+3.17,+20.558, +7.944,+0.973
1626734460,+3.17,+20.583, +7.941,+0.973
1626735060,+3.17,+20.558, +7.931,+0.973
1626735660,+3.17,+20.566, +7.910,+0.973
1626736260,+3.17,+20.541, +7.926,+0.974
1626736860,+3.17,+20.549, +7.897,+0.973
1626737460,+3.18,+20.516, +7.921,+0.973
1626738060,+3.17,+20.541, +7.910,+0.973
1626738660,+3.17,+20.541, +7.915,+0.974
1626739260,+3.17,+20.549, +7.884,+0.973
1626739860,+3.17,+20.566, +7.926,+0.973
1626740460,+3.17,+20.574, +7.953,+0.973
1626741060,+3.17,+20.583, +7.971,+0.974
1626741660,+3.17,+20.574, +7.987,+0.974
1626742260,+3.17,+20.558, +7.973,+0.973
1626742860,+3.18,+20.549, +7.932,+0.973
1626743460,+3.17,+20.566, +7.938,+0.973
