7450-027328
OS REV: 1.05 Sensor Cal: 1592497139
Time (sec),  BV (Volts),  T (deg C),  DO (mg/l),  Q ()
1624221060,+3.22,+14.774, +9.018,+0.974
1624221660,+3.22,+14.731, +9.046,+0.975
1624222260,+3.22,+14.705, +9.066,+0.974
1624222860,+3.22,+14.653, +9.103,+0.974
1624223460,+3.21,+14.998, +9.045,+0.974
1624224060,+3.21,+15.136, +8.998,+0.973
1624224660,+3.21,+14.740, +9.090,+0.975
1624225260,+3.21,+15.085, +9.060,+0.974
1624225860,+3.21,+14.912, +9.078,+0.974
1624226460,+3.21,+15.033, +9.113,+0.975
1624227060,+3.21,+15.050, +9.103,+0.974
1624227660,+3.21,+14.981, +9.126,+0.974
1624228260,+3.21,+15.076, +9.125,+0.974
1624228860,+3.21,+15.136, +9.106,+0.974
1624229460,+3.21,+15.076, +9.094,+0.974
1624230060,+3.21,+15.033, +9.120,+0.974
1624230660,+3.21,+15.076, +9.136,+0.974
1624231260,+3.21,+15.093, +9.126,+0.974
1624231860,+3.21,+15.033, +9.116,+0.974
1624232460,+3.21,+14.973, +9.124,+0.974
1624233060,+3.22,+14.679, +9.174,+0.974
1624233660,+3.21,+14.168, +9.242,+0.974
1624234260,+3.21,+13.968, +9.304,+0.975
1624234860,+3.21,+13.916, +9.301,+0.974
1624235460,+3.21,+13.907, +9.284,+0.974
1624236060,+3.21,+13.925, +9.313,+0.975
1624236660,+3.21,+13.951, +9.295,+0.975
1624237260,+3.21,+13.968, +9.255,+0.974
1624237860,+3.21,+14.073, +9.244,+0.975
1624238460,+3.21,+14.047, +9.213,+0.974
1624239060,+3.21,+14.038, +9.308,+0.974
1624239660,+3.21,+14.055, +9.241,+0.974
1624240260,+3.21,+14.055, +9.294,+0.974
1624240860,+3.21,+14.064, +9.320,+0.975
1624241460,+3.21,+14.064, +9.333,+0.975
1624242060,+3.21,+14.073, +9.272,+0.975
1624242660,+3.21,+14.116, +9.189,+0.974
1624243260,+3.21,+14.290, +9.249,+0.975
1624243860,+3.21,+14.385, +9.245,+0.975
1624244460,+3.21,+14.610, +9.244,+0.974
1624245060,+3.21,+14.576, +9.188,+0.974
1624245660,+3.21,+14.420, +9.157,+0.974
1624246260,+3.21,+14.515, +9.200,+0.975
1624246860,+3.21,+14.524, +9.194,+0.974
1624247460,+3.21,+14.601, +9.200,+0.974
1624248060,+3.21,+14.645, +9.202,+0.974
1624248660,+3.21,+14.662, +9.258,+0.974
1624249260,+3.21,+14.584, +9.128,+0.974
1624249860,+3.21,+14.524, +9.062,+0.974
1624250460,+3.21,+14.437, +9.163,+0.974
1624251060,+3.21,+14.446, +9.242,+0.974
1624251660,+3.21,+14.411, +9.139,+0.974
1624252260,+3.21,+14.324, +9.116,+0.974
1624252860,+3.21,+14.359, +9.161,+0.974
1624253460,+3.21,+14.558, +9.178,+0.974
1624254060,+3.21,+14.731, +9.215,+0.974
1624254660,+3.21,+14.895, +9.168,+0.974
1624255260,+3.21,+15.171, +9.061,+0.974
1624255860,+3.21,+15.222, +9.036,+0.974
1624256460,+3.21,+15.205, +9.036,+0.974
1624257060,+3.21,+15.136, +9.078,+0.974
1624257660,+3.21,+15.171, +9.014,+0.973
1624258260,+3.21,+15.153, +9.027,+0.974
1624258860,+3.21,+15.162, +8.993,+0.973
1624259460,+3.21,+15.110, +9.015,+0.973
1624260060,+3.21,+15.110, +9.017,+0.974
1624260660,+3.21,+15.067, +9.011,+0.974
1624261260,+3.21,+14.731, +9.125,+0.974
1624261860,+3.21,+14.012, +9.129,+0.975
1624262460,+3.21,+13.768, +9.208,+0.974
1624263060,+3.21,+13.960, +9.186,+0.975
1624263660,+3.21,+14.290, +9.089,+0.974
1624264260,+3.21,+14.134, +9.080,+0.975
1624264860,+3.21,+14.584, +9.162,+0.975
1624265460,+3.21,+14.766, +9.029,+0.974
1624266060,+3.21,+14.774, +8.998,+0.974
1624266660,+3.21,+14.774, +9.004,+0.974
1624267260,+3.21,+14.402, +8.992,+0.974
1624267860,+3.21,+13.977, +9.131,+0.974
1624268460,+3.21,+13.934, +9.156,+0.974
1624269060,+3.21,+13.925, +9.155,+0.974
1624269660,+3.21,+13.942, +9.134,+0.974
1624270260,+3.21,+14.012, +9.123,+0.974
1624270860,+3.21,+14.055, +9.144,+0.974
1624271460,+3.21,+14.324, +9.046,+0.974
1624272060,+3.21,+14.584, +9.025,+0.975
1624272660,+3.21,+14.498, +8.993,+0.974
1624273260,+3.21,+14.420, +9.035,+0.973
1624273860,+3.21,+14.385, +9.070,+0.974
1624274460,+3.21,+14.342, +9.094,+0.974
1624275060,+3.21,+14.437, +8.996,+0.974
1624275660,+3.21,+14.402, +9.035,+0.974
1624276260,+3.21,+14.472, +9.035,+0.975
1624276860,+3.21,+14.463, +9.015,+0.974
1624277460,+3.21,+14.489, +8.994,+0.974
1624278060,+3.21,+14.463, +9.035,+0.974
1624278660,+3.21,+14.463, +8.990,+0.974
1624279260,+3.21,+14.437, +8.976,+0.974
1624279860,+3.21,+14.342, +9.046,+0.974
1624280460,+3.21,+14.298, +9.059,+0.974
1624281060,+3.21,+14.194, +9.087,+0.974
1624281660,+3.21,+14.099, +9.094,+0.975
1624282260,+3.21,+13.960, +9.151,+0.975
1624282860,+3.21,+13.916, +9.161,+0.974
1624283460,+3.21,+13.873, +9.202,+0.974
1624284060,+3.21,+13.855, +9.225,+0.975
1624284660,+3.22,+13.751, +9.133,+0.974
1624285260,+3.21,+13.794, +9.189,+0.974
1624285860,+3.21,+13.838, +9.226,+0.975
1624286460,+3.21,+13.916, +9.193,+0.974
1624287060,+3.21,+13.925, +9.207,+0.974
1624287660,+3.21,+13.907, +9.240,+0.974
1624288260,+3.21,+13.864, +9.238,+0.974
1624288860,+3.21,+13.768, +9.271,+0.974
1624289460,+3.22,+13.724, +9.193,+0.975
1624290060,+3.22,+13.637, +9.149,+0.974
1624290660,+3.21,+13.515, +9.392,+0.974
1624291260,+3.21,+13.462, +9.502,+0.974
1624291860,+3.21,+13.489, +9.472,+0.974
1624292460,+3.21,+13.436, +9.425,+0.974
1624293060,+3.21,+13.489, +9.371,+0.975
1624293660,+3.21,+13.515, +9.466,+0.974
1624294260,+3.21,+13.506, +9.532,+0.974
1624294860,+3.21,+13.489, +9.618,+0.974
1624295460,+3.21,+13.445, +9.674,+0.974
1624296060,+3.21,+13.524, +9.656,+0.974
1624296660,+3.22,+13.576, +9.575,+0.973
1624297260,+3.22,+13.620, +9.572,+0.974
1624297860,+3.22,+13.690, +9.429,+0.974
1624298460,+3.21,+13.838, +9.330,+0.974
1624299060,+3.21,+14.021, +9.382,+0.974
1624299660,+3.21,+14.108, +9.419,+0.974
1624300260,+3.21,+14.108, +9.232,+0.975
1624300860,+3.21,+14.038, +9.215,+0.974
1624301460,+3.21,+14.012, +9.241,+0.974
1624302060,+3.21,+14.012, +9.152,+0.974
1624302660,+3.21,+13.986, +9.224,+0.974
1624303260,+3.21,+14.047, +9.088,+0.974
1624303860,+3.21,+14.125, +9.025,+0.974
1624304460,+3.21,+14.238, +9.016,+0.974
1624305060,+3.21,+14.290, +8.974,+0.974
1624305660,+3.21,+14.316, +8.991,+0.974
1624306260,+3.21,+14.333, +9.054,+0.974
1624306860,+3.21,+14.411, +9.031,+0.974
1624307460,+3.21,+14.394, +9.126,+0.974
