7450-268227
OS REV: 1.05 Sensor Cal: 1592496917
Time (sec),  BV (Volts),  T (deg C),  DO (mg/l),  Q ()
1659564720,+3.48,+18.386, +8.276,+0.994
1659565320,+3.48,+18.420, +8.271,+0.993
1659565920,+3.48,+18.403, +8.330,+0.994
1659566520,+3.48,+18.420, +8.314,+0.994
1659567120,+3.48,+18.361, +8.269,+0.994
1659567720,+3.48,+18.327, +8.250,+0.993
1659568320,+3.48,+18.302, +8.211,+0.994
1659568920,+3.48,+18.218, +8.238,+0.994
1659569520,+3.48,+18.192, +8.184,+0.993
1659570120,+3.48,+18.100, +8.164,+0.994
1659570720,+3.48,+18.049, +8.222,+0.994
1659571320,+3.48,+17.931, +8.098,+0.994
1659571920,+3.48,+17.830, +8.148,+0.994
1659572520,+3.48,+17.737, +8.151,+0.994
1659573120,+3.48,+17.669, +8.233,+0.994
1659573720,+3.48,+17.669, +8.281,+0.994
1659574320,+3.48,+17.652, +8.283,+0.994
1659574920,+3.48,+17.627, +8.300,+0.994
1659575520,+3.48,+17.661, +8.282,+0.994
1659576120,+3.48,+17.652, +8.335,+0.994
1659576720,+3.48,+17.636, +8.313,+0.994
1659577320,+3.48,+17.627, +8.297,+0.994
1659577920,+3.48,+17.602, +8.281,+0.994
1659578520,+3.48,+17.593, +8.140,+0.994
1659579120,+3.48,+17.593, +8.150,+0.994
1659579720,+3.48,+17.585, +8.105,+0.994
1659580320,+3.48,+17.627, +8.193,+0.994
1659580920,+3.48,+17.619, +8.113,+0.994
1659581520,+3.48,+17.610, +8.018,+0.994
1659582120,+3.48,+17.602, +7.959,+0.994
1659582720,+3.48,+17.602, +7.986,+0.994
1659583320,+3.48,+17.585, +7.975,+0.994
1659583920,+3.48,+17.568, +7.870,+0.994
1659584520,+3.48,+17.576, +7.812,+0.994
1659585120,+3.48,+17.543, +7.838,+0.994
1659585720,+3.48,+17.568, +7.871,+0.994
1659586320,+3.48,+17.543, +7.855,+0.994
1659586920,+3.48,+17.543, +7.871,+0.994
1659587520,+3.48,+17.534, +7.866,+0.993
1659588120,+3.48,+17.534, +7.902,+0.994
1659588720,+3.48,+17.560, +7.901,+0.994
1659589320,+3.48,+17.543, +7.774,+0.994
1659589920,+3.48,+17.509, +7.750,+0.994
1659590520,+3.48,+17.492, +7.780,+0.994
1659591120,+3.48,+17.483, +7.739,+0.994
1659591720,+3.48,+17.450, +7.722,+0.994
1659592320,+3.48,+17.458, +7.733,+0.994
1659592920,+3.48,+17.483, +7.784,+0.993
1659593520,+3.48,+17.475, +7.846,+0.994
1659594120,+3.48,+17.475, +7.842,+0.994
1659594720,+3.48,+17.441, +7.795,+0.994
1659595320,+3.48,+17.450, +7.786,+0.994
1659595920,+3.48,+17.424, +7.809,+0.994
1659596520,+3.48,+17.399, +7.813,+0.994
1659597120,+3.48,+17.390, +7.871,+0.994
1659597720,+3.48,+17.407, +7.813,+0.993
1659598320,+3.48,+17.467, +7.678,+0.994
1659598920,+3.48,+17.467, +7.718,+0.994
1659599520,+3.48,+17.450, +7.682,+0.994
1659600120,+3.48,+17.365, +7.730,+0.994
1659600720,+3.48,+17.399, +7.771,+0.994
1659601320,+3.48,+17.458, +7.721,+0.993
1659601920,+3.48,+17.382, +7.628,+0.994
1659602520,+3.48,+17.357, +7.411,+0.994
1659603120,+3.48,+17.407, +7.639,+0.994
1659603720,+3.48,+17.424, +7.808,+0.994
1659604320,+3.48,+17.433, +7.917,+0.994
1659604920,+3.48,+17.424, +7.822,+0.994
1659605520,+3.48,+17.433, +7.712,+0.994
1659606120,+3.48,+17.399, +7.574,+0.994
1659606720,+3.48,+17.458, +7.485,+0.994
1659607320,+3.48,+17.365, +7.524,+0.993
1659607920,+3.48,+17.340, +7.449,+0.994
1659608520,+3.48,+17.424, +7.742,+0.994
1659609120,+3.48,+17.433, +7.866,+0.994
1659609720,+3.48,+17.382, +7.625,+0.994
1659610320,+3.48,+17.289, +7.433,+0.994
1659610920,+3.48,+17.331, +7.667,+0.994
1659611520,+3.48,+17.365, +7.619,+0.994
1659612120,+3.48,+17.348, +7.768,+0.994
1659612720,+3.48,+17.348, +7.742,+0.994
1659613320,+3.48,+17.365, +7.829,+0.994
1659613920,+3.48,+17.374, +7.950,+0.994
1659614520,+3.48,+17.331, +7.900,+0.994
1659615120,+3.48,+17.272, +7.909,+0.994
1659615720,+3.48,+17.297, +7.904,+0.994
1659616320,+3.48,+17.306, +7.951,+0.994
1659616920,+3.48,+17.306, +7.996,+0.994
1659617520,+3.48,+17.331, +8.005,+0.993
1659618120,+3.48,+17.314, +7.982,+0.994
1659618720,+3.48,+17.289, +8.033,+0.994
1659619320,+3.48,+17.247, +8.089,+0.994
1659619920,+3.48,+17.272, +8.085,+0.994
1659620520,+3.48,+17.213, +8.054,+0.994
1659621120,+3.48,+17.120, +8.094,+0.994
1659621720,+3.48,+17.137, +8.150,+0.994
1659622320,+3.48,+17.128, +8.050,+0.994
1659622920,+3.48,+17.221, +8.274,+0.994
1659623520,+3.48,+17.382, +8.253,+0.994
1659624120,+3.48,+17.416, +8.325,+0.994
1659624720,+3.48,+17.374, +8.324,+0.994
1659625320,+3.48,+17.424, +8.292,+0.994
1659625920,+3.48,+17.374, +8.293,+0.994
1659626520,+3.48,+17.348, +8.267,+0.994
1659627120,+3.48,+17.382, +8.221,+0.994
1659627720,+3.48,+17.543, +8.220,+0.994
1659628320,+3.48,+17.551, +8.179,+0.994
1659628920,+3.48,+17.526, +8.166,+0.994
1659629520,+3.48,+17.568, +8.193,+0.994
1659630120,+3.47,+17.720, +8.223,+0.993
1659630720,+3.47,+17.712, +8.174,+0.993
1659631320,+3.47,+17.754, +8.203,+0.994
1659631920,+3.47,+17.712, +8.219,+0.994
1659632520,+3.47,+17.771, +8.214,+0.994
1659633120,+3.47,+17.796, +8.173,+0.993
1659633720,+3.47,+17.779, +8.143,+0.994
1659634320,+3.47,+17.771, +8.174,+0.994
1659634920,+3.47,+17.813, +8.151,+0.994
1659635520,+3.47,+17.821, +8.131,+0.994
1659636120,+3.48,+17.838, +8.151,+0.994
1659636720,+3.48,+17.880, +8.142,+0.993
1659637320,+3.48,+17.923, +8.154,+0.994
1659637920,+3.48,+17.914, +8.159,+0.993
1659638520,+3.47,+17.830, +8.208,+0.994
1659639120,+3.47,+17.855, +8.270,+0.994
1659639720,+3.48,+17.855, +8.236,+0.993
1659640320,+3.48,+17.872, +8.256,+0.994
1659640920,+3.48,+17.889, +8.312,+0.994
1659641520,+3.47,+17.847, +8.310,+0.993
1659642120,+3.48,+17.863, +8.333,+0.994
1659642720,+3.48,+17.982, +8.286,+0.993
1659643320,+3.48,+18.066, +8.147,+0.993
1659643920,+3.48,+18.074, +8.338,+0.994
1659644520,+3.48,+18.209, +8.308,+0.993
1659645120,+3.48,+18.218, +8.278,+0.994
1659645720,+3.48,+18.218, +8.295,+0.994
1659646320,+3.48,+18.100, +8.268,+0.993
1659646920,+3.48,+18.100, +8.279,+0.993
1659647520,+3.48,+18.007, +8.395,+0.994
1659648120,+3.48,+18.041, +8.335,+0.994
1659648720,+3.48,+18.049, +8.306,+0.994
1659649320,+3.48,+18.024, +8.390,+0.993
1659649920,+3.48,+17.939, +8.341,+0.994
1659650520,+3.48,+17.965, +8.410,+0.994
1659651120,+3.48,+17.973, +8.459,+0.994
