datetime,irr_0,irr_10,irr_2,irr_4,irr_6,irr_8
2020-08-05T16:00:00Z,656.6,269.1,1550,538.2,NA,2066.7
2020-08-05T16:30:00Z,355.2,355.2,5511.1,1894.5,NA,570.5
2020-08-05T17:00:00Z,409,366,5338.9,1808.3,NA,850.4
2020-08-05T17:30:00Z,549,699.7,2238.9,667.4,NA,3788.9
2020-08-05T18:00:00Z,441.3,2238.9,2755.6,441.3,NA,473.6
2020-08-05T18:30:00Z,635.1,1808.3,2325,462.9,NA,333.7
2020-08-05T19:00:00Z,667.4,1894.5,3100,473.6,NA,301.4
2020-08-05T19:30:00Z,559.7,1011.8,2325,699.7,NA,2238.9
2020-08-05T20:00:00Z,592,581.3,2755.6,721.2,NA,602.8
2020-08-05T20:30:00Z,1377.8,904.2,4822.3,1270.1,NA,1291.7
2020-08-05T21:00:00Z,667.4,699.7,8266.7,462.9,NA,667.4
2020-08-05T21:30:00Z,1248.6,1377.8,2755.6,645.8,NA,3616.7
2020-08-05T22:00:00Z,1334.7,1076.4,3788.9,462.9,NA,1550
2020-08-05T22:30:00Z,430.6,2066.7,21355.7,333.7,NA,333.7
2020-08-05T23:00:00Z,409,871.9,18600.1,301.4,NA,387.5
2020-08-05T23:30:00Z,387.5,667.4,17222.3,247.6,NA,592
2020-08-06T00:00:00Z,301.4,1463.9,33066.9,215.3,NA,678.1
2020-08-06T00:30:00Z,269.1,269.1,11711.2,161.5,NA,139.9
2020-08-06T01:00:00Z,193.8,376.7,4822.3,129.2,NA,183
2020-08-06T01:30:00Z,139.9,118.4,2927.8,86.1,NA,150.7
2020-08-06T02:00:00Z,129.2,86.1,441.3,107.6,NA,53.8
2020-08-06T02:30:00Z,21.5,32.3,279.9,21.5,NA,75.3
2020-08-06T03:00:00Z,0,0,53.8,0,NA,0
2020-08-06T03:30:00Z,0,0,0,0,NA,0
2020-08-06T04:00:00Z,0,0,0,0,NA,0
2020-08-06T04:30:00Z,0,0,0,0,NA,0
2020-08-06T05:00:00Z,0,0,0,0,NA,0
2020-08-06T05:30:00Z,0,0,0,0,NA,0
2020-08-06T06:00:00Z,0,0,0,0,NA,0
2020-08-06T06:30:00Z,0,0,0,0,NA,0
2020-08-06T07:00:00Z,0,0,0,0,NA,0
2020-08-06T07:30:00Z,0,0,0,0,NA,0
2020-08-06T08:00:00Z,0,0,0,0,NA,0
2020-08-06T08:30:00Z,0,0,0,0,NA,0
2020-08-06T09:00:00Z,0,0,0,0,NA,0
2020-08-06T09:30:00Z,0,0,0,0,NA,0
2020-08-06T10:00:00Z,0,0,0,0,NA,0
2020-08-06T10:30:00Z,0,0,0,0,NA,0
2020-08-06T11:00:00Z,0,0,0,0,NA,0
2020-08-06T11:30:00Z,0,0,0,0,NA,0
2020-08-06T12:00:00Z,0,0,0,0,NA,0
2020-08-06T12:30:00Z,0,0,204.5,0,NA,0
2020-08-06T13:00:00Z,43.1,53.8,678.1,43.1,NA,10.8
2020-08-06T13:30:00Z,21.5,21.5,215.3,21.5,NA,0
2020-08-06T14:00:00Z,0,10.8,215.3,0,NA,0
2020-08-06T14:30:00Z,96.9,107.6,1022.6,96.9,NA,64.6
2020-08-06T15:00:00Z,96.9,161.5,1463.9,107.6,NA,96.9
2020-08-06T15:30:00Z,279.9,215.3,3272.2,226,NA,150.7
2020-08-06T16:00:00Z,139.9,204.5,1216.3,150.7,NA,118.4
2020-08-06T16:30:00Z,462.9,495.1,3616.7,645.8,NA,312.2
2020-08-06T17:00:00Z,290.6,258.3,5338.9,279.9,NA,172.2
2020-08-06T17:30:00Z,376.7,473.6,28933.5,473.6,NA,355.2
2020-08-06T18:00:00Z,462.9,2066.7,8611.2,473.6,NA,1980.6
2020-08-06T18:30:00Z,505.9,1980.6,5511.1,624.3,NA,2066.7
2020-08-06T19:00:00Z,430.6,3100,9644.5,484.4,NA,3616.7
2020-08-06T19:30:00Z,1345.5,1636.1,4305.6,1463.9,NA,1808.3
2020-08-06T20:00:00Z,366,1463.9,7233.4,172.2,NA,1087.2
2020-08-06T20:30:00Z,290.6,549,4133.4,226,NA,1194.8
2020-08-06T21:00:00Z,204.5,527.4,3788.9,139.9,NA,914.9
2020-08-06T21:30:00Z,1022.6,1463.9,5511.1,635.1,NA,1463.9
2020-08-06T22:00:00Z,1216.3,592,3272.2,742.7,NA,376.7
2020-08-06T22:30:00Z,538.2,4133.4,44089.2,333.7,NA,2325
2020-08-06T23:00:00Z,1205.6,2669.5,4305.6,484.4,NA,850.4
2020-08-06T23:30:00Z,387.5,419.8,2325,958,NA,333.7
2020-08-07T00:00:00Z,290.6,409,2152.8,226,NA,312.2
2020-08-07T00:30:00Z,258.3,1463.9,3788.9,172.2,NA,129.2
2020-08-07T01:00:00Z,172.2,301.4,1377.8,86.1,NA,150.7
2020-08-07T01:30:00Z,53.8,96.9,764.2,21.5,NA,21.5
2020-08-07T02:00:00Z,43.1,53.8,602.8,10.8,NA,107.6
2020-08-07T02:30:00Z,10.8,21.5,269.1,0,NA,75.3
2020-08-07T03:00:00Z,0,0,21.5,0,NA,0
2020-08-07T03:30:00Z,0,0,0,0,NA,0
2020-08-07T04:00:00Z,0,0,0,0,NA,0
2020-08-07T04:30:00Z,0,0,0,0,NA,0
2020-08-07T05:00:00Z,0,0,0,0,NA,0
2020-08-07T05:30:00Z,0,0,0,0,NA,0
2020-08-07T06:00:00Z,0,0,0,0,NA,0
2020-08-07T06:30:00Z,0,0,0,0,NA,0
2020-08-07T07:00:00Z,0,0,0,0,NA,0
2020-08-07T07:30:00Z,0,0,0,0,NA,0
2020-08-07T08:00:00Z,0,0,0,0,NA,0
2020-08-07T08:30:00Z,0,0,0,0,NA,0
2020-08-07T09:00:00Z,0,0,0,0,NA,0
2020-08-07T09:30:00Z,0,0,0,0,NA,0
2020-08-07T10:00:00Z,0,0,0,0,NA,0
2020-08-07T10:30:00Z,0,0,0,0,NA,0
2020-08-07T11:00:00Z,0,0,0,0,NA,0
2020-08-07T11:30:00Z,0,0,0,0,NA,0
2020-08-07T12:00:00Z,0,0,0,0,NA,0
2020-08-07T12:30:00Z,0,0,86.1,0,NA,0
2020-08-07T13:00:00Z,10.8,21.5,236.8,21.5,NA,0
2020-08-07T13:30:00Z,32.3,53.8,624.3,21.5,NA,32.3
2020-08-07T14:00:00Z,107.6,118.4,1377.8,64.6,NA,86.1
2020-08-07T14:30:00Z,96.9,150.7,1550,86.1,NA,129.2
2020-08-07T15:00:00Z,64.6,150.7,1356.3,64.6,NA,32.3
2020-08-07T15:30:00Z,958,1463.9,3961.1,462.9,NA,505.9
2020-08-07T16:00:00Z,161.5,387.5,4305.6,150.7,NA,301.4
2020-08-07T16:30:00Z,236.8,344.4,3961.1,183,NA,204.5
2020-08-07T17:00:00Z,290.6,495.1,5338.9,226,NA,322.9
2020-08-07T17:30:00Z,279.9,538.2,2755.6,290.6,NA,150.7
2020-08-07T18:00:00Z,527.4,904.2,4994.5,247.6,NA,1302.4
2020-08-07T18:30:00Z,387.5,678.1,3788.9,279.9,NA,258.3
2020-08-07T19:00:00Z,376.7,581.3,3616.7,398.3,NA,172.2
2020-08-07T19:30:00Z,366,968.8,3272.2,204.5,NA,139.9
2020-08-07T20:00:00Z,538.2,430.6,2927.8,247.6,NA,129.2
2020-08-07T20:30:00Z,344.4,462.9,3100,193.8,NA,96.9
2020-08-07T21:00:00Z,1011.8,3616.7,8611.2,409,NA,312.2
2020-08-07T21:30:00Z,462.9,301.4,2583.4,258.3,NA,462.9
2020-08-07T22:00:00Z,581.3,2238.9,4305.6,882.6,NA,1636.1
2020-08-07T22:30:00Z,1345.5,2583.4,27555.7,1044.1,NA,1894.5
2020-08-07T23:00:00Z,6200,2755.6,2325,947.2,NA,4822.3
2020-08-07T23:30:00Z,2927.8,1808.3,1377.8,1011.8,NA,2755.6
2020-08-08T00:00:00Z,549,1550,1237.9,1550,NA,2238.9
2020-08-08T00:30:00Z,312.2,1259.4,1130.2,1377.8,NA,2497.2
2020-08-08T01:00:00Z,258.3,430.6,775,581.3,NA,183
2020-08-08T01:30:00Z,139.9,183,1044.1,301.4,NA,1141
2020-08-08T02:00:00Z,139.9,96.9,430.6,32.3,NA,21.5
2020-08-08T02:30:00Z,64.6,10.8,376.7,10.8,NA,0
2020-08-08T03:00:00Z,0,0,43.1,0,NA,0
2020-08-08T03:30:00Z,0,0,0,0,NA,0
2020-08-08T04:00:00Z,0,0,0,0,NA,0
2020-08-08T04:30:00Z,0,0,0,0,NA,0
2020-08-08T05:00:00Z,0,0,0,0,NA,0
2020-08-08T05:30:00Z,0,0,0,0,NA,0
2020-08-08T06:00:00Z,0,0,0,0,NA,0
2020-08-08T06:30:00Z,0,0,0,0,NA,0
2020-08-08T07:00:00Z,0,0,0,0,NA,0
2020-08-08T07:30:00Z,0,0,0,0,NA,0
2020-08-08T08:00:00Z,0,0,0,0,NA,0
2020-08-08T08:30:00Z,0,0,0,0,NA,0
2020-08-08T09:00:00Z,0,0,0,0,NA,0
2020-08-08T09:30:00Z,0,0,0,0,NA,0
2020-08-08T10:00:00Z,0,0,0,0,NA,0
2020-08-08T10:30:00Z,0,0,0,0,NA,0
2020-08-08T11:00:00Z,0,0,0,0,NA,0
2020-08-08T11:30:00Z,0,0,0,0,NA,0
2020-08-08T12:00:00Z,0,0,0,0,NA,0
2020-08-08T12:30:00Z,21.5,0,129.2,0,NA,0
2020-08-08T13:00:00Z,96.9,21.5,495.1,10.8,NA,10.8
2020-08-08T13:30:00Z,118.4,43.1,581.3,21.5,NA,21.5
2020-08-08T14:00:00Z,226,118.4,871.9,75.3,NA,64.6
2020-08-08T14:30:00Z,322.9,150.7,1463.9,86.1,NA,96.9
2020-08-08T15:00:00Z,452.1,301.4,2497.2,161.5,NA,193.8
2020-08-08T15:30:00Z,613.5,549,2927.8,290.6,NA,279.9
2020-08-08T16:00:00Z,452.1,419.8,1377.8,226,NA,1636.1
2020-08-08T16:30:00Z,1151.7,1636.1,2927.8,656.6,NA,3100
2020-08-08T17:00:00Z,1550,2411.1,3100,947.2,NA,5511.1
2020-08-08T17:30:00Z,1141,1722.2,2669.5,979.5,NA,3272.2
2020-08-08T18:00:00Z,5166.7,1216.3,2325,1054.9,NA,4477.8
2020-08-08T18:30:00Z,839.6,947.2,2927.8,613.5,NA,1550
2020-08-08T19:00:00Z,355.2,2066.7,3961.1,559.7,NA,753.5
2020-08-08T19:30:00Z,742.7,2238.9,5166.7,947.2,NA,1894.5
2020-08-08T20:00:00Z,2927.8,1808.3,4477.8,570.5,NA,355.2
2020-08-08T20:30:00Z,3100,688.9,3444.5,333.7,NA,1463.9
2020-08-08T21:00:00Z,23422.4,3272.2,20666.8,1097.9,NA,2325
2020-08-08T21:30:00Z,1151.7,4477.8,6544.5,1022.6,NA,1227.1
2020-08-08T22:00:00Z,645.8,1377.8,4650,290.6,NA,1313.2
2020-08-08T22:30:00Z,861.1,688.9,3444.5,247.6,NA,570.5
2020-08-08T23:00:00Z,376.7,958,5511.1,107.6,NA,1302.4
2020-08-08T23:30:00Z,602.8,495.1,2927.8,150.7,NA,150.7
2020-08-09T00:00:00Z,462.9,312.2,2583.4,150.7,NA,581.3
2020-08-09T00:30:00Z,279.9,279.9,1636.1,172.2,NA,86.1
2020-08-09T01:00:00Z,204.5,193.8,1324,96.9,NA,53.8
2020-08-09T01:30:00Z,376.7,204.5,1044.1,53.8,NA,32.3
2020-08-09T02:00:00Z,161.5,75.3,645.8,21.5,NA,10.8
2020-08-09T02:30:00Z,129.2,10.8,118.4,0,NA,0
2020-08-09T03:00:00Z,0,0,0,0,NA,0
2020-08-09T03:30:00Z,0,0,0,0,NA,0
2020-08-09T04:00:00Z,0,0,0,0,NA,0
2020-08-09T04:30:00Z,0,0,0,0,NA,0
2020-08-09T05:00:00Z,0,0,0,0,NA,0
2020-08-09T05:30:00Z,0,0,0,0,NA,0
2020-08-09T06:00:00Z,0,0,0,0,NA,0
2020-08-09T06:30:00Z,0,0,0,0,NA,0
2020-08-09T07:00:00Z,0,0,0,0,NA,0
2020-08-09T07:30:00Z,0,0,0,0,NA,0
2020-08-09T08:00:00Z,0,0,0,0,NA,0
2020-08-09T08:30:00Z,0,0,0,0,NA,0
2020-08-09T09:00:00Z,0,0,0,0,NA,0
2020-08-09T09:30:00Z,0,0,0,0,NA,0
2020-08-09T10:00:00Z,0,0,0,0,NA,0
2020-08-09T10:30:00Z,0,0,0,0,NA,0
2020-08-09T11:00:00Z,0,0,0,0,NA,0
2020-08-09T11:30:00Z,0,0,0,0,NA,0
2020-08-09T12:00:00Z,0,0,0,0,NA,0
2020-08-09T12:30:00Z,0,0,32.3,0,NA,0
2020-08-09T13:00:00Z,43.1,21.5,258.3,10.8,NA,10.8
2020-08-09T13:30:00Z,139.9,64.6,699.7,32.3,NA,32.3
2020-08-09T14:00:00Z,226,118.4,1065.6,75.3,NA,64.6
2020-08-09T14:30:00Z,322.9,139.9,1087.2,139.9,NA,86.1
2020-08-09T15:00:00Z,441.3,204.5,1980.6,139.9,NA,161.5
2020-08-09T15:30:00Z,279.9,161.5,1722.2,118.4,NA,118.4
2020-08-09T16:00:00Z,592,301.4,2497.2,204.5,NA,172.2
2020-08-09T16:30:00Z,538.2,236.8,2325,172.2,NA,129.2
2020-08-09T17:00:00Z,936.5,322.9,2411.1,161.5,NA,538.2
2020-08-09T17:30:00Z,2238.9,581.3,4305.6,236.8,NA,1377.8
2020-08-09T18:00:00Z,1636.1,419.8,1808.3,193.8,NA,1001
2020-08-09T18:30:00Z,1463.9,1550,2927.8,333.7,NA,1980.6
2020-08-09T19:00:00Z,2927.8,2669.5,3100,1334.7,NA,8611.2
2020-08-09T19:30:00Z,1463.9,1119.5,1980.6,376.7,NA,3272.2
2020-08-09T20:00:00Z,11711.2,3272.2,4305.6,1280.9,NA,7233.4
2020-08-09T20:30:00Z,333.7,710.4,2927.8,172.2,NA,129.2
2020-08-09T21:00:00Z,1087.2,1894.5,17911.2,462.9,NA,1550
2020-08-09T21:30:00Z,409,516.7,3961.1,409,NA,193.8
2020-08-09T22:00:00Z,1022.6,2238.9,3961.1,613.5,NA,344.4
2020-08-09T22:30:00Z,5166.7,871.9,3961.1,473.6,NA,1033.3
2020-08-09T23:00:00Z,2066.7,1636.1,11711.2,376.7,NA,495.1
2020-08-09T23:30:00Z,1119.5,1463.9,18600.1,1280.9,NA,3616.7
2020-08-10T00:00:00Z,6200,667.4,2927.8,958,NA,4477.8
2020-08-10T00:30:00Z,60622.6,678.1,1377.8,678.1,NA,1808.3
2020-08-10T01:00:00Z,3961.1,592,1550,871.9,NA,2066.7
2020-08-10T01:30:00Z,753.5,96.9,462.9,96.9,NA,75.3
2020-08-10T02:00:00Z,161.5,86.1,1119.5,32.3,NA,86.1
2020-08-10T02:30:00Z,96.9,32.3,333.7,0,NA,86.1
2020-08-10T03:00:00Z,0,0,32.3,0,NA,10.8
2020-08-10T03:30:00Z,0,0,0,0,NA,0
2020-08-10T04:00:00Z,0,0,0,0,NA,0
2020-08-10T04:30:00Z,0,0,0,0,NA,0
2020-08-10T05:00:00Z,0,0,0,0,NA,0
2020-08-10T05:30:00Z,0,0,0,0,NA,0
2020-08-10T06:00:00Z,0,0,0,0,NA,0
2020-08-10T06:30:00Z,0,0,0,0,NA,0
2020-08-10T07:00:00Z,0,0,0,0,NA,0
2020-08-10T07:30:00Z,0,0,0,0,NA,0
2020-08-10T08:00:00Z,0,0,0,0,NA,0
2020-08-10T08:30:00Z,0,0,0,0,NA,0
2020-08-10T09:00:00Z,0,0,0,0,NA,0
2020-08-10T09:30:00Z,0,0,0,0,NA,0
2020-08-10T10:00:00Z,0,0,0,0,NA,0
2020-08-10T10:30:00Z,0,0,0,0,NA,0
2020-08-10T11:00:00Z,0,0,0,0,NA,0
2020-08-10T11:30:00Z,0,0,0,0,NA,0
2020-08-10T12:00:00Z,0,0,0,0,NA,0
2020-08-10T12:30:00Z,10.8,0,86.1,0,NA,0
2020-08-10T13:00:00Z,75.3,21.5,279.9,10.8,NA,10.8
2020-08-10T13:30:00Z,107.6,32.3,419.8,21.5,NA,21.5
2020-08-10T14:00:00Z,107.6,43.1,473.6,21.5,NA,21.5
2020-08-10T14:30:00Z,592,107.6,818.1,247.6,NA,75.3
2020-08-10T15:00:00Z,742.7,150.7,925.7,355.2,NA,107.6
2020-08-10T15:30:00Z,914.9,183,1151.7,344.4,NA,139.9
2020-08-10T16:00:00Z,1550,226,1463.9,301.4,NA,269.1
2020-08-10T16:30:00Z,1636.1,279.9,1463.9,376.7,NA,322.9
2020-08-10T17:00:00Z,5166.7,839.6,1377.8,462.9,NA,279.9
2020-08-10T17:30:00Z,2583.4,376.7,1894.5,505.9,NA,398.3
2020-08-10T18:00:00Z,2411.1,1463.9,3444.5,484.4,NA,5166.7
2020-08-10T18:30:00Z,2066.7,688.9,2238.9,688.9,NA,2583.4
2020-08-10T19:00:00Z,947.2,1894.5,6200,495.1,NA,2927.8
2020-08-10T19:30:00Z,861.1,1463.9,4822.3,1216.3,NA,8266.7
2020-08-10T20:00:00Z,624.3,785.8,3100,645.8,NA,279.9
2020-08-10T20:30:00Z,2152.8,645.8,2238.9,721.2,NA,1636.1
2020-08-10T21:00:00Z,2497.2,775,3100,1087.2,NA,2411.1
2020-08-10T21:30:00Z,3788.9,2325,4477.8,1205.6,NA,5166.7
2020-08-10T22:00:00Z,1808.3,1808.3,2927.8,1194.8,NA,7233.4
2020-08-10T22:30:00Z,6200,1011.8,2497.2,516.7,NA,312.2
2020-08-10T23:00:00Z,5511.1,570.5,1377.8,592,NA,667.4
2020-08-10T23:30:00Z,13777.9,430.6,3616.7,226,NA,484.4
2020-08-11T00:00:00Z,27555.7,1463.9,1550,226,NA,441.3
2020-08-11T00:30:00Z,5511.1,796.5,893.4,398.3,NA,226
2020-08-11T01:00:00Z,1022.6,118.4,699.7,366,NA,75.3
2020-08-11T01:30:00Z,2066.7,387.5,7577.8,86.1,NA,290.6
2020-08-11T02:00:00Z,183,86.1,624.3,21.5,NA,118.4
2020-08-11T02:30:00Z,118.4,21.5,344.4,10.8,NA,32.3
2020-08-11T03:00:00Z,10.8,0,32.3,0,NA,0
2020-08-11T03:30:00Z,0,0,0,0,NA,0
2020-08-11T04:00:00Z,0,0,0,0,NA,0
2020-08-11T04:30:00Z,0,0,0,0,NA,0
2020-08-11T05:00:00Z,0,0,0,0,NA,0
2020-08-11T05:30:00Z,0,0,0,0,NA,0
2020-08-11T06:00:00Z,0,0,0,0,NA,0
2020-08-11T06:30:00Z,0,0,0,0,NA,0
2020-08-11T07:00:00Z,0,0,0,0,NA,0
2020-08-11T07:30:00Z,0,0,0,0,NA,0
2020-08-11T08:00:00Z,0,0,0,0,NA,0
2020-08-11T08:30:00Z,0,0,0,0,NA,0
2020-08-11T09:00:00Z,0,0,0,0,NA,0
2020-08-11T09:30:00Z,0,0,0,0,NA,0
2020-08-11T10:00:00Z,0,0,0,0,NA,0
2020-08-11T10:30:00Z,0,0,0,0,NA,0
2020-08-11T11:00:00Z,0,0,0,0,NA,0
2020-08-11T11:30:00Z,0,0,0,0,NA,0
2020-08-11T12:00:00Z,0,0,0,0,NA,0
2020-08-11T12:30:00Z,10.8,0,86.1,0,NA,0
2020-08-11T13:00:00Z,64.6,21.5,247.6,10.8,NA,10.8
2020-08-11T13:30:00Z,107.6,32.3,430.6,21.5,NA,21.5
2020-08-11T14:00:00Z,139.9,43.1,516.7,32.3,NA,32.3
2020-08-11T14:30:00Z,473.6,107.6,828.8,290.6,NA,96.9
2020-08-11T15:00:00Z,753.5,150.7,958,452.1,NA,129.2
2020-08-11T15:30:00Z,1356.3,172.2,1130.2,398.3,NA,150.7
2020-08-11T16:00:00Z,2927.8,215.3,1377.8,376.7,NA,172.2
2020-08-11T16:30:00Z,5166.7,279.9,1980.6,441.3,NA,226
2020-08-11T17:00:00Z,1463.9,344.4,2669.5,473.6,NA,279.9
2020-08-11T17:30:00Z,4822.3,570.5,9300.1,516.7,NA,419.8
2020-08-11T18:00:00Z,3616.7,667.4,5166.7,925.7,NA,462.9
2020-08-11T18:30:00Z,1636.1,3272.2,6544.5,1808.3,NA,7577.8
2020-08-11T19:00:00Z,301.4,893.4,3272.2,129.2,NA,549
2020-08-11T19:30:00Z,2669.5,882.6,3444.5,893.4,NA,1001
2020-08-11T20:00:00Z,1463.9,2411.1,3100,764.2,NA,1980.6
2020-08-11T20:30:00Z,818.1,462.9,4477.8,183,NA,1808.3
2020-08-11T21:00:00Z,3444.5,2755.6,4650,1980.6,NA,5166.7
2020-08-11T21:30:00Z,12400.1,2755.6,38578,1022.6,NA,7577.8
2020-08-11T22:00:00Z,1550,1636.1,57867,1550,NA,4133.4
2020-08-11T22:30:00Z,3100,290.6,26178,925.7,NA,2066.7
2020-08-11T23:00:00Z,3100,2066.7,33066.9,1463.9,NA,3961.1
2020-08-11T23:30:00Z,2927.8,979.5,35822.5,1808.3,NA,3272.2
2020-08-12T00:00:00Z,4305.6,516.7,1550,269.1,NA,1463.9
2020-08-12T00:30:00Z,936.5,538.2,2669.5,322.9,NA,398.3
2020-08-12T01:00:00Z,398.3,387.5,4650,204.5,NA,1001
2020-08-12T01:30:00Z,2411.1,204.5,4477.8,118.4,NA,742.7
2020-08-12T02:00:00Z,538.2,172.2,1022.6,53.8,NA,355.2
2020-08-12T02:30:00Z,64.6,53.8,484.4,10.8,NA,43.1
2020-08-12T03:00:00Z,0,0,21.5,0,NA,0
2020-08-12T03:30:00Z,0,0,0,0,NA,0
2020-08-12T04:00:00Z,0,0,0,0,NA,0
2020-08-12T04:30:00Z,0,0,0,0,NA,0
2020-08-12T05:00:00Z,0,0,0,0,NA,0
2020-08-12T05:30:00Z,0,0,0,0,NA,0
2020-08-12T06:00:00Z,0,0,0,0,NA,0
2020-08-12T06:30:00Z,0,0,0,0,NA,0
2020-08-12T07:00:00Z,0,0,0,0,NA,0
2020-08-12T07:30:00Z,0,0,0,0,NA,0
2020-08-12T08:00:00Z,0,0,0,0,NA,0
2020-08-12T08:30:00Z,0,0,0,0,NA,0
2020-08-12T09:00:00Z,0,0,0,0,NA,0
2020-08-12T09:30:00Z,0,0,0,0,NA,0
2020-08-12T10:00:00Z,0,0,0,0,NA,0
2020-08-12T10:30:00Z,0,0,0,0,NA,0
2020-08-12T11:00:00Z,0,0,0,0,NA,0
2020-08-12T11:30:00Z,0,0,0,0,NA,0
2020-08-12T12:00:00Z,0,0,0,0,NA,0
2020-08-12T12:30:00Z,0,0,32.3,0,NA,0
2020-08-12T13:00:00Z,86.1,21.5,258.3,21.5,NA,10.8
2020-08-12T13:30:00Z,183,32.3,441.3,32.3,NA,21.5
2020-08-12T14:00:00Z,269.1,64.6,699.7,64.6,NA,43.1
2020-08-12T14:30:00Z,538.2,247.6,1550,958,NA,204.5
2020-08-12T15:00:00Z,1151.7,279.9,1377.8,1173.3,NA,204.5
2020-08-12T15:30:00Z,731.9,226,2066.7,269.1,NA,150.7
2020-08-12T16:00:00Z,667.4,279.9,2927.8,215.3,NA,193.8
2020-08-12T16:30:00Z,2066.7,764.2,8266.7,322.9,NA,452.1
2020-08-12T17:00:00Z,1345.5,1463.9,12400.1,322.9,NA,322.9
2020-08-12T17:30:00Z,6544.5,2669.5,24800.2,462.9,NA,2497.2
2020-08-12T18:00:00Z,2325,1808.3,10333.4,785.8,NA,3272.2
2020-08-12T18:30:00Z,5511.1,2325,4650,904.2,NA,3788.9
2020-08-12T19:00:00Z,441.3,549,3961.1,161.5,NA,721.2
2020-08-12T19:30:00Z,1237.9,473.6,4133.4,247.6,NA,1377.8
2020-08-12T20:00:00Z,2411.1,1345.5,4477.8,258.3,NA,549
2020-08-12T20:30:00Z,516.7,1550,6544.5,398.3,NA,1280.9
2020-08-12T21:00:00Z,3616.7,775,3788.9,269.1,NA,1065.6
2020-08-12T21:30:00Z,731.9,947.2,5166.7,322.9,NA,1141
2020-08-12T22:00:00Z,269.1,581.3,2325,118.4,NA,850.4
2020-08-12T22:30:00Z,3100,387.5,2325,150.7,NA,785.8
2020-08-12T23:00:00Z,5166.7,775,4822.3,376.7,NA,1377.8
2020-08-12T23:30:00Z,1141,387.5,4822.3,150.7,NA,409
2020-08-13T00:00:00Z,2927.8,613.5,2497.2,118.4,NA,925.7
2020-08-13T00:30:00Z,161.5,215.3,1636.1,75.3,NA,301.4
2020-08-13T01:00:00Z,183,64.6,882.6,43.1,NA,32.3
2020-08-13T01:30:00Z,64.6,21.5,290.6,10.8,NA,10.8
2020-08-13T02:00:00Z,32.3,21.5,236.8,0,NA,21.5
2020-08-13T02:30:00Z,10.8,0,107.6,0,NA,0
2020-08-13T03:00:00Z,0,0,0,0,NA,0
2020-08-13T03:30:00Z,0,0,0,0,NA,0
2020-08-13T04:00:00Z,0,0,0,0,NA,0
2020-08-13T04:30:00Z,0,0,0,0,NA,0
2020-08-13T05:00:00Z,0,0,0,0,NA,0
2020-08-13T05:30:00Z,0,0,0,0,NA,0
2020-08-13T06:00:00Z,0,0,0,0,NA,0
2020-08-13T06:30:00Z,0,0,0,0,NA,0
2020-08-13T07:00:00Z,0,0,0,0,NA,0
2020-08-13T07:30:00Z,0,0,0,0,NA,0
2020-08-13T08:00:00Z,0,0,0,0,NA,0
2020-08-13T08:30:00Z,0,0,0,0,NA,0
2020-08-13T09:00:00Z,0,0,0,0,NA,0
2020-08-13T09:30:00Z,0,0,0,0,NA,0
2020-08-13T10:00:00Z,0,0,0,0,NA,0
2020-08-13T10:30:00Z,0,0,0,0,NA,0
2020-08-13T11:00:00Z,0,0,0,0,NA,0
2020-08-13T11:30:00Z,0,0,0,0,NA,0
2020-08-13T12:00:00Z,0,0,0,0,NA,0
2020-08-13T12:30:00Z,0,0,32.3,0,NA,0
2020-08-13T13:00:00Z,86.1,21.5,355.2,10.8,NA,10.8
2020-08-13T13:30:00Z,236.8,64.6,839.6,32.3,NA,32.3
2020-08-13T14:00:00Z,236.8,96.9,1044.1,75.3,NA,53.8
2020-08-13T14:30:00Z,398.3,107.6,1173.3,107.6,NA,64.6
2020-08-13T15:00:00Z,1808.3,462.9,6544.5,258.3,NA,398.3
2020-08-13T15:30:00Z,775,290.6,2497.2,484.4,NA,183
2020-08-13T16:00:00Z,2238.9,624.3,8266.7,344.4,NA,484.4
2020-08-13T16:30:00Z,818.1,301.4,3100,452.1,NA,204.5
2020-08-13T17:00:00Z,1291.7,322.9,2755.6,366,NA,193.8
2020-08-13T17:30:00Z,1291.7,699.7,6200,333.7,NA,333.7
2020-08-13T18:00:00Z,1162.5,624.3,6200,355.2,NA,807.3
2020-08-13T18:30:00Z,1334.7,613.5,5166.7,678.1,NA,968.8
2020-08-13T19:00:00Z,1980.6,699.7,4650,301.4,NA,1151.7
2020-08-13T19:30:00Z,2497.2,1463.9,5511.1,419.8,NA,204.5
2020-08-13T20:00:00Z,1636.1,1377.8,5511.1,344.4,NA,4477.8
2020-08-13T20:30:00Z,1097.9,775,4305.6,344.4,NA,409
2020-08-13T21:00:00Z,1216.3,1119.5,5511.1,495.1,NA,398.3
2020-08-13T21:30:00Z,1550,1345.5,18600.1,785.8,NA,925.7
2020-08-13T22:00:00Z,2411.1,807.3,6200,301.4,NA,290.6
2020-08-13T22:30:00Z,850.4,441.3,3961.1,409,NA,236.8
2020-08-13T23:00:00Z,796.5,635.1,3100,279.9,NA,150.7
2020-08-13T23:30:00Z,710.4,301.4,2755.6,193.8,NA,118.4
2020-08-14T00:00:00Z,473.6,236.8,2066.7,129.2,NA,570.5
2020-08-14T00:30:00Z,645.8,419.8,5338.9,247.6,NA,441.3
2020-08-14T01:00:00Z,473.6,204.5,1636.1,721.2,NA,172.2
2020-08-14T01:30:00Z,322.9,129.2,1291.7,258.3,NA,366
2020-08-14T02:00:00Z,139.9,64.6,958,32.3,NA,139.9
2020-08-14T02:30:00Z,53.8,21.5,344.4,0,NA,21.5
2020-08-14T03:00:00Z,0,0,21.5,0,NA,0
2020-08-14T03:30:00Z,0,0,0,0,NA,0
2020-08-14T04:00:00Z,0,0,0,0,NA,0
2020-08-14T04:30:00Z,0,0,0,0,NA,0
2020-08-14T05:00:00Z,0,0,0,0,NA,0
2020-08-14T05:30:00Z,0,0,0,0,NA,0
2020-08-14T06:00:00Z,0,0,0,0,NA,0
2020-08-14T06:30:00Z,0,0,0,0,NA,0
2020-08-14T07:00:00Z,0,0,0,0,NA,0
2020-08-14T07:30:00Z,0,0,0,0,NA,0
2020-08-14T08:00:00Z,0,0,0,0,NA,0
2020-08-14T08:30:00Z,0,0,0,0,NA,0
2020-08-14T09:00:00Z,0,0,0,0,NA,0
2020-08-14T09:30:00Z,0,0,0,0,NA,0
2020-08-14T10:00:00Z,0,0,0,0,NA,0
2020-08-14T10:30:00Z,0,0,0,0,NA,0
2020-08-14T11:00:00Z,0,0,0,0,NA,0
2020-08-14T11:30:00Z,0,0,0,0,NA,0
2020-08-14T12:00:00Z,0,0,0,0,NA,0
2020-08-14T12:30:00Z,10.8,0,43.1,0,NA,0
2020-08-14T13:00:00Z,64.6,21.5,290.6,10.8,NA,0
2020-08-14T13:30:00Z,129.2,53.8,592,32.3,NA,21.5
2020-08-14T14:00:00Z,172.2,64.6,656.6,43.1,NA,32.3
2020-08-14T14:30:00Z,516.7,269.1,5338.9,495.1,NA,333.7
2020-08-14T15:00:00Z,538.2,172.2,1377.8,1001,NA,139.9
2020-08-14T15:30:00Z,441.3,215.3,1463.9,1184,NA,172.2
2020-08-14T16:00:00Z,473.6,279.9,2238.9,1377.8,NA,226
2020-08-14T16:30:00Z,409,290.6,1722.2,1248.6,NA,215.3
2020-08-14T17:00:00Z,2755.6,322.9,2325,1076.4,NA,236.8
2020-08-14T17:30:00Z,2152.8,355.2,2927.8,979.5,NA,247.6
2020-08-14T18:00:00Z,441.3,645.8,2238.9,688.9,NA,247.6
2020-08-14T18:30:00Z,1980.6,1894.5,18600.1,742.7,NA,430.6
2020-08-14T19:00:00Z,2497.2,1463.9,8611.2,925.7,NA,688.9
2020-08-14T19:30:00Z,1463.9,1636.1,9300.1,1076.4,NA,495.1
2020-08-14T20:00:00Z,1808.3,2927.8,23422.4,936.5,NA,9644.5
2020-08-14T20:30:00Z,2755.6,3100,60622.6,699.7,NA,8611.2
2020-08-14T21:00:00Z,796.5,1980.6,6544.5,1248.6,NA,2238.9
2020-08-14T21:30:00Z,742.7,635.1,2497.2,376.7,NA,452.1
2020-08-14T22:00:00Z,4994.5,742.7,1808.3,333.7,NA,1108.7
2020-08-14T22:30:00Z,1011.8,1291.7,1808.3,947.2,NA,1722.2
2020-08-14T23:00:00Z,6200,2755.6,1550,344.4,NA,473.6
2020-08-14T23:30:00Z,5166.7,333.7,1087.2,462.9,NA,139.9
2020-08-15T00:00:00Z,1636.1,204.5,1033.3,387.5,NA,279.9
2020-08-15T00:30:00Z,538.2,505.9,1377.8,150.7,NA,118.4
2020-08-15T01:00:00Z,549,107.6,871.9,441.3,NA,139.9
2020-08-15T01:30:00Z,6544.5,333.7,5511.1,64.6,NA,430.6
2020-08-15T02:00:00Z,204.5,53.8,753.5,21.5,NA,150.7
2020-08-15T02:30:00Z,86.1,10.8,279.9,0,NA,43.1
2020-08-15T03:00:00Z,0,0,10.8,0,NA,0
2020-08-15T03:30:00Z,0,0,0,0,NA,0
2020-08-15T04:00:00Z,0,0,0,0,NA,0
2020-08-15T04:30:00Z,0,0,0,0,NA,0
2020-08-15T05:00:00Z,0,0,0,0,NA,0
2020-08-15T05:30:00Z,0,0,0,0,NA,0
2020-08-15T06:00:00Z,0,0,0,0,NA,0
2020-08-15T06:30:00Z,0,0,0,0,NA,0
2020-08-15T07:00:00Z,0,0,0,0,NA,0
2020-08-15T07:30:00Z,0,0,0,0,NA,0
2020-08-15T08:00:00Z,0,0,0,0,NA,0
2020-08-15T08:30:00Z,0,0,0,0,NA,0
2020-08-15T09:00:00Z,0,0,0,0,NA,0
2020-08-15T09:30:00Z,0,0,0,0,NA,0
2020-08-15T10:00:00Z,0,0,0,0,NA,0
2020-08-15T10:30:00Z,0,0,0,0,NA,0
2020-08-15T11:00:00Z,0,0,0,0,NA,0
2020-08-15T11:30:00Z,0,0,0,0,NA,0
2020-08-15T12:00:00Z,0,0,0,0,NA,0
2020-08-15T12:30:00Z,0,0,32.3,0,NA,0
2020-08-15T13:00:00Z,53.8,21.5,301.4,10.8,NA,10.8
2020-08-15T13:30:00Z,75.3,32.3,419.8,32.3,NA,21.5
2020-08-15T14:00:00Z,139.9,43.1,473.6,43.1,NA,32.3
2020-08-15T14:30:00Z,549,96.9,775,613.5,NA,96.9
2020-08-15T15:00:00Z,731.9,129.2,990.3,882.6,NA,129.2
2020-08-15T15:30:00Z,785.8,161.5,1248.6,839.6,NA,150.7
2020-08-15T16:00:00Z,505.9,204.5,1463.9,775,NA,172.2
2020-08-15T16:30:00Z,1550,312.2,1463.9,430.6,NA,193.8
2020-08-15T17:00:00Z,602.8,473.6,1980.6,301.4,NA,409
2020-08-15T17:30:00Z,645.8,742.7,4477.8,312.2,NA,495.1
2020-08-15T18:00:00Z,3444.5,2325,3100,376.7,NA,2927.8
2020-08-15T18:30:00Z,1550,1377.8,26178,581.3,NA,2755.6
2020-08-15T19:00:00Z,1980.6,2325,27555.7,452.1,NA,2669.5
2020-08-15T19:30:00Z,355.2,1162.5,3272.2,516.7,NA,893.4
2020-08-15T20:00:00Z,366,785.8,4994.5,495.1,NA,624.3
2020-08-15T20:30:00Z,344.4,1087.2,6544.5,409,NA,1033.3
2020-08-15T21:00:00Z,1076.4,2325,44089.2,678.1,NA,1377.8
2020-08-15T21:30:00Z,473.6,775,1636.1,721.2,NA,1334.7
2020-08-15T22:00:00Z,344.4,1550,5511.1,387.5,NA,624.3
2020-08-15T22:30:00Z,947.2,3961.1,9300.1,290.6,NA,914.9
2020-08-15T23:00:00Z,290.6,2755.6,2238.9,226,NA,613.5
2020-08-15T23:30:00Z,355.2,2152.8,3100,215.3,NA,495.1
2020-08-16T00:00:00Z,290.6,1377.8,2927.8,204.5,NA,570.5
2020-08-16T00:30:00Z,236.8,1173.3,1722.2,150.7,NA,183
2020-08-16T01:00:00Z,172.2,312.2,796.5,118.4,NA,107.6
2020-08-16T01:30:00Z,1011.8,64.6,1130.2,398.3,NA,107.6
2020-08-16T02:00:00Z,43.1,53.8,581.3,21.5,NA,150.7
2020-08-16T02:30:00Z,10.8,21.5,247.6,0,NA,32.3
2020-08-16T03:00:00Z,0,0,0,0,NA,0
2020-08-16T03:30:00Z,0,0,0,0,NA,0
2020-08-16T04:00:00Z,0,0,0,0,NA,0
2020-08-16T04:30:00Z,0,0,0,0,NA,0
2020-08-16T05:00:00Z,0,0,0,0,NA,0
2020-08-16T05:30:00Z,0,0,0,0,NA,0
2020-08-16T06:00:00Z,0,0,0,0,NA,0
2020-08-16T06:30:00Z,0,0,0,0,NA,0
2020-08-16T07:00:00Z,0,0,0,0,NA,0
2020-08-16T07:30:00Z,0,0,0,0,NA,0
2020-08-16T08:00:00Z,0,0,0,0,NA,0
2020-08-16T08:30:00Z,0,0,0,0,NA,0
2020-08-16T09:00:00Z,0,0,0,0,NA,0
2020-08-16T09:30:00Z,0,0,0,0,NA,0
2020-08-16T10:00:00Z,0,0,0,0,NA,0
2020-08-16T10:30:00Z,0,0,0,0,NA,0
2020-08-16T11:00:00Z,0,0,0,0,NA,0
2020-08-16T11:30:00Z,0,0,0,0,NA,0
2020-08-16T12:00:00Z,0,0,0,0,NA,0
2020-08-16T12:30:00Z,0,0,43.1,0,NA,0
2020-08-16T13:00:00Z,32.3,10.8,236.8,10.8,NA,10.8
2020-08-16T13:30:00Z,64.6,32.3,398.3,21.5,NA,21.5
2020-08-16T14:00:00Z,64.6,43.1,484.4,32.3,NA,32.3
2020-08-16T14:30:00Z,193.8,430.6,1227.1,129.2,NA,118.4
2020-08-16T15:00:00Z,312.2,236.8,979.5,236.8,NA,118.4
2020-08-16T15:30:00Z,279.9,742.7,1722.2,236.8,NA,301.4
2020-08-16T16:00:00Z,312.2,624.3,1334.7,258.3,NA,301.4
2020-08-16T16:30:00Z,322.9,731.9,1722.2,279.9,NA,366
2020-08-16T17:00:00Z,344.4,904.2,1894.5,344.4,NA,376.7
2020-08-16T17:30:00Z,366,710.4,2583.4,376.7,NA,667.4
2020-08-16T18:00:00Z,322.9,4305.6,3100,344.4,NA,290.6
2020-08-16T18:30:00Z,409,538.2,2238.9,678.1,NA,678.1
2020-08-16T19:00:00Z,409,538.2,2583.4,742.7,NA,333.7
2020-08-16T19:30:00Z,441.3,635.1,3616.7,839.6,NA,312.2
2020-08-16T20:00:00Z,624.3,1377.8,5166.7,958,NA,9644.5
2020-08-16T20:30:00Z,613.5,1356.3,5166.7,452.1,NA,409
2020-08-16T21:00:00Z,419.8,1894.5,1808.3,592,NA,3444.5
2020-08-16T21:30:00Z,764.2,2066.7,2066.7,247.6,NA,247.6
2020-08-16T22:00:00Z,1377.8,570.5,3788.9,656.6,NA,882.6
2020-08-16T22:30:00Z,807.3,764.2,6544.5,1894.5,NA,1119.5
2020-08-16T23:00:00Z,861.1,2927.8,6200,958,NA,1722.2
2020-08-16T23:30:00Z,850.4,290.6,5166.7,1324,NA,279.9
2020-08-17T00:00:00Z,333.7,150.7,1980.6,172.2,NA,118.4
2020-08-17T00:30:00Z,172.2,64.6,1054.9,86.1,NA,64.6
2020-08-17T01:00:00Z,290.6,150.7,2066.7,64.6,NA,139.9
2020-08-17T01:30:00Z,236.8,118.4,1808.3,75.3,NA,129.2
2020-08-17T02:00:00Z,129.2,64.6,1001,43.1,NA,64.6
2020-08-17T02:30:00Z,43.1,10.8,322.9,0,NA,10.8
2020-08-17T03:00:00Z,0,0,0,0,NA,0
2020-08-17T03:30:00Z,0,0,0,0,NA,0
2020-08-17T04:00:00Z,0,0,0,0,NA,0
2020-08-17T04:30:00Z,0,0,0,0,NA,0
2020-08-17T05:00:00Z,0,0,0,0,NA,0
2020-08-17T05:30:00Z,0,0,0,0,NA,0
2020-08-17T06:00:00Z,0,0,0,0,NA,0
2020-08-17T06:30:00Z,0,0,0,0,NA,0
2020-08-17T07:00:00Z,0,0,0,0,NA,0
2020-08-17T07:30:00Z,0,0,0,0,NA,0
2020-08-17T08:00:00Z,0,0,0,0,NA,0
2020-08-17T08:30:00Z,0,0,0,0,NA,0
2020-08-17T09:00:00Z,0,0,0,0,NA,0
2020-08-17T09:30:00Z,0,0,0,0,NA,0
2020-08-17T10:00:00Z,0,0,0,0,NA,0
2020-08-17T10:30:00Z,0,0,0,0,NA,0
2020-08-17T11:00:00Z,0,0,0,0,NA,0
2020-08-17T11:30:00Z,0,0,0,0,NA,0
2020-08-17T12:00:00Z,0,0,0,0,NA,0
2020-08-17T12:30:00Z,0,0,0,0,NA,0
2020-08-17T13:00:00Z,0,0,43.1,0,NA,0
2020-08-17T13:30:00Z,86.1,21.5,570.5,10.8,NA,10.8
2020-08-17T14:00:00Z,139.9,64.6,602.8,43.1,NA,75.3
2020-08-17T14:30:00Z,301.4,107.6,914.9,118.4,NA,118.4
2020-08-17T15:00:00Z,398.3,139.9,1119.5,366,NA,172.2
2020-08-17T15:30:00Z,387.5,226,1227.1,269.1,NA,193.8
2020-08-17T16:00:00Z,592,279.9,1722.2,731.9,NA,269.1
2020-08-17T16:30:00Z,527.4,355.2,1550,269.1,NA,258.3
2020-08-17T17:00:00Z,699.7,279.9,1980.6,828.8,NA,290.6
2020-08-17T17:30:00Z,850.4,398.3,2583.4,1248.6,NA,409
2020-08-17T18:00:00Z,710.4,462.9,2497.2,1087.2,NA,452.1
2020-08-17T18:30:00Z,538.2,462.9,2755.6,1076.4,NA,398.3
2020-08-17T19:00:00Z,4650,1291.7,16533.4,914.9,NA,4133.4
2020-08-17T19:30:00Z,2152.8,1377.8,10333.4,549,NA,5166.7
2020-08-17T20:00:00Z,1076.4,1162.5,14466.8,452.1,NA,322.9
2020-08-17T20:30:00Z,1550,1980.6,46844.8,602.8,NA,3272.2
2020-08-17T21:00:00Z,1980.6,2152.8,20666.8,484.4,NA,2066.7
2020-08-17T21:30:00Z,366,2927.8,2066.7,376.7,NA,1463.9
2020-08-17T22:00:00Z,1259.4,4650,3444.5,301.4,NA,1001
2020-08-17T22:30:00Z,1808.3,516.7,5511.1,322.9,NA,882.6
2020-08-17T23:00:00Z,2238.9,3100,7577.8,247.6,NA,1636.1
2020-08-17T23:30:00Z,1894.5,2411.1,4650,247.6,NA,958
2020-08-18T00:00:00Z,409,312.2,3444.5,183,NA,850.4
2020-08-18T00:30:00Z,150.7,312.2,1076.4,96.9,NA,495.1
2020-08-18T01:00:00Z,247.6,366,6200,139.9,NA,312.2
2020-08-18T01:30:00Z,139.9,43.1,473.6,86.1,NA,32.3
2020-08-18T02:00:00Z,86.1,64.6,333.7,10.8,NA,0
2020-08-18T02:30:00Z,10.8,0,64.6,0,NA,21.5
2020-08-18T03:00:00Z,0,0,0,0,NA,0
2020-08-18T03:30:00Z,0,0,0,0,NA,0
2020-08-18T04:00:00Z,0,0,0,0,NA,0
2020-08-18T04:30:00Z,0,0,0,0,NA,0
2020-08-18T05:00:00Z,0,0,0,0,NA,0
2020-08-18T05:30:00Z,0,0,0,0,NA,0
2020-08-18T06:00:00Z,0,0,0,0,NA,0
2020-08-18T06:30:00Z,0,0,0,0,NA,0
2020-08-18T07:00:00Z,0,0,0,0,NA,0
2020-08-18T07:30:00Z,0,0,0,0,NA,0
2020-08-18T08:00:00Z,0,0,0,0,NA,0
2020-08-18T08:30:00Z,0,0,0,0,NA,0
2020-08-18T09:00:00Z,0,0,0,0,NA,0
2020-08-18T09:30:00Z,0,0,0,0,NA,0
2020-08-18T10:00:00Z,0,0,0,0,NA,0
2020-08-18T10:30:00Z,0,0,0,0,NA,0
2020-08-18T11:00:00Z,0,0,0,0,NA,0
2020-08-18T11:30:00Z,0,0,0,0,NA,0
2020-08-18T12:00:00Z,0,0,0,0,NA,0
2020-08-18T12:30:00Z,0,0,0,0,NA,0
2020-08-18T13:00:00Z,0,0,32.3,0,NA,0
2020-08-18T13:30:00Z,21.5,10.8,204.5,10.8,NA,10.8
2020-08-18T14:00:00Z,107.6,53.8,818.1,53.8,NA,75.3
2020-08-18T14:30:00Z,139.9,53.8,656.6,64.6,NA,75.3
2020-08-18T15:00:00Z,269.1,204.5,1980.6,118.4,NA,236.8
2020-08-18T15:30:00Z,441.3,688.9,4994.5,193.8,NA,527.4
2020-08-18T16:00:00Z,430.6,925.7,6200,290.6,NA,1248.6
2020-08-18T16:30:00Z,1151.7,473.6,2927.8,1463.9,NA,376.7
2020-08-18T17:00:00Z,2669.5,2669.5,5511.1,366,NA,667.4
2020-08-18T17:30:00Z,947.2,344.4,1980.6,947.2,NA,301.4
2020-08-18T18:00:00Z,2152.8,1463.9,4650,731.9,NA,269.1
2020-08-18T18:30:00Z,1808.3,559.7,2583.4,624.3,NA,398.3
2020-08-18T19:00:00Z,3100,5166.7,4650,570.5,NA,516.7
2020-08-18T19:30:00Z,419.8,495.1,7233.4,376.7,NA,1054.9
2020-08-18T20:00:00Z,753.5,1808.3,14466.8,527.4,NA,1550
2020-08-18T20:30:00Z,1377.8,1636.1,6544.5,452.1,NA,914.9
2020-08-18T21:00:00Z,1151.7,2238.9,3272.2,344.4,NA,1377.8
2020-08-18T21:30:00Z,355.2,1550,3272.2,139.9,NA,204.5
2020-08-18T22:00:00Z,2927.8,893.4,2669.5,484.4,NA,387.5
2020-08-18T22:30:00Z,1377.8,3788.9,1722.2,376.7,NA,258.3
2020-08-18T23:00:00Z,958,2755.6,3444.5,247.6,NA,1194.8
2020-08-18T23:30:00Z,366,699.7,9300.1,366,NA,355.2
2020-08-19T00:00:00Z,290.6,236.8,2411.1,161.5,NA,742.7
2020-08-19T00:30:00Z,258.3,236.8,1894.5,139.9,NA,462.9
2020-08-19T01:00:00Z,796.5,688.9,1722.2,150.7,NA,387.5
2020-08-19T01:30:00Z,398.3,258.3,538.2,53.8,NA,10.8
2020-08-19T02:00:00Z,86.1,53.8,366,32.3,NA,0
2020-08-19T02:30:00Z,0,10.8,172.2,0,NA,43.1
2020-08-19T03:00:00Z,0,0,0,0,NA,0
2020-08-19T03:30:00Z,0,0,0,0,NA,0
2020-08-19T04:00:00Z,0,0,0,0,NA,0
2020-08-19T04:30:00Z,0,0,0,0,NA,0
2020-08-19T05:00:00Z,0,0,0,0,NA,0
2020-08-19T05:30:00Z,0,0,0,0,NA,0
2020-08-19T06:00:00Z,0,0,0,0,NA,0
2020-08-19T06:30:00Z,0,0,0,0,NA,0
2020-08-19T07:00:00Z,0,0,0,0,NA,0
2020-08-19T07:30:00Z,0,0,0,0,NA,0
2020-08-19T08:00:00Z,0,0,0,0,NA,0
2020-08-19T08:30:00Z,0,0,0,0,NA,0
2020-08-19T09:00:00Z,0,0,0,0,NA,0
2020-08-19T09:30:00Z,0,0,0,0,NA,0
2020-08-19T10:00:00Z,0,0,0,0,NA,0
2020-08-19T10:30:00Z,0,0,0,0,NA,0
2020-08-19T11:00:00Z,0,0,0,0,NA,0
2020-08-19T11:30:00Z,0,0,0,0,NA,0
2020-08-19T12:00:00Z,0,0,0,0,NA,0
2020-08-19T12:30:00Z,0,0,0,0,NA,0
2020-08-19T13:00:00Z,0,0,0,0,NA,0
2020-08-19T13:30:00Z,0,0,0,0,NA,0
2020-08-19T14:00:00Z,0,10.8,75.3,0,NA,0
2020-08-19T14:30:00Z,21.5,43.1,290.6,21.5,NA,0
2020-08-19T15:00:00Z,64.6,204.5,1237.9,32.3,NA,21.5
2020-08-19T15:30:00Z,226,247.6,1722.2,118.4,NA,64.6
2020-08-19T16:00:00Z,430.6,247.6,2583.4,193.8,NA,161.5
2020-08-19T16:30:00Z,613.5,258.3,2066.7,193.8,NA,150.7
2020-08-19T17:00:00Z,2325,861.1,2411.1,462.9,NA,312.2
2020-08-19T17:30:00Z,3788.9,1550,3444.5,398.3,NA,549
2020-08-19T18:00:00Z,1463.9,914.9,4477.8,387.5,NA,699.7
2020-08-19T18:30:00Z,882.6,549,15844.5,419.8,NA,527.4
2020-08-19T19:00:00Z,1270.1,656.6,14466.8,839.6,NA,8266.7
2020-08-19T19:30:00Z,624.3,925.7,11711.2,505.9,NA,6200
2020-08-19T20:00:00Z,1119.5,602.8,26178,839.6,NA,2927.8
2020-08-19T20:30:00Z,1108.7,678.1,28933.5,893.4,NA,2325
2020-08-19T21:00:00Z,2238.9,5338.9,2411.1,570.5,NA,2583.4
2020-08-19T21:30:00Z,419.8,1722.2,2066.7,344.4,NA,968.8
2020-08-19T22:00:00Z,215.3,570.5,893.4,86.1,NA,193.8
2020-08-19T22:30:00Z,366,1636.1,3788.9,204.5,NA,1808.3
2020-08-19T23:00:00Z,2669.5,1980.6,1377.8,279.9,NA,570.5
2020-08-19T23:30:00Z,355.2,839.6,3444.5,226,NA,1108.7
2020-08-20T00:00:00Z,301.4,516.7,3961.1,226,NA,785.8
2020-08-20T00:30:00Z,193.8,150.7,3444.5,193.8,NA,301.4
2020-08-20T01:00:00Z,139.9,75.3,1550,86.1,NA,75.3
2020-08-20T01:30:00Z,193.8,75.3,3272.2,139.9,NA,118.4
2020-08-20T02:00:00Z,75.3,32.3,807.3,43.1,NA,258.3
2020-08-20T02:30:00Z,0,0,139.9,0,NA,21.5
2020-08-20T03:00:00Z,0,0,0,0,NA,0
2020-08-20T03:30:00Z,0,0,0,0,NA,0
2020-08-20T04:00:00Z,0,0,0,0,NA,0
2020-08-20T04:30:00Z,0,0,0,0,NA,0
2020-08-20T05:00:00Z,0,0,0,0,NA,0
2020-08-20T05:30:00Z,0,0,0,0,NA,0
2020-08-20T06:00:00Z,0,0,0,0,NA,0
2020-08-20T06:30:00Z,0,0,0,0,NA,0
2020-08-20T07:00:00Z,0,0,0,0,NA,0
2020-08-20T07:30:00Z,0,0,0,0,NA,0
2020-08-20T08:00:00Z,0,0,0,0,NA,0
2020-08-20T08:30:00Z,0,0,0,0,NA,0
2020-08-20T09:00:00Z,0,0,0,0,NA,0
2020-08-20T09:30:00Z,0,0,0,0,NA,0
2020-08-20T10:00:00Z,0,0,0,0,NA,0
2020-08-20T10:30:00Z,0,0,0,0,NA,0
2020-08-20T11:00:00Z,0,0,0,0,NA,0
2020-08-20T11:30:00Z,0,0,0,0,NA,0
2020-08-20T12:00:00Z,0,0,0,0,NA,0
2020-08-20T12:30:00Z,0,0,10.8,0,NA,0
2020-08-20T13:00:00Z,10.8,10.8,236.8,10.8,NA,0
2020-08-20T13:30:00Z,53.8,32.3,602.8,43.1,NA,21.5
2020-08-20T14:00:00Z,226,64.6,882.6,86.1,NA,32.3
2020-08-20T14:30:00Z,656.6,366,1087.2,107.6,NA,96.9
2020-08-20T15:00:00Z,226,376.7,2238.9,150.7,NA,333.7
2020-08-20T15:30:00Z,279.9,452.1,3100,193.8,NA,462.9
2020-08-20T16:00:00Z,387.5,505.9,3616.7,236.8,NA,258.3
2020-08-20T16:30:00Z,333.7,279.9,2927.8,193.8,NA,183
2020-08-20T17:00:00Z,505.9,914.9,4133.4,355.2,NA,731.9
2020-08-20T17:30:00Z,742.7,1087.2,5166.7,419.8,NA,570.5
2020-08-20T18:00:00Z,656.6,1022.6,5338.9,430.6,NA,581.3
2020-08-20T18:30:00Z,344.4,419.8,1894.5,150.7,NA,86.1
2020-08-20T19:00:00Z,64.6,53.8,1033.3,21.5,NA,10.8
2020-08-20T19:30:00Z,344.4,613.5,1722.2,118.4,NA,387.5
2020-08-20T20:00:00Z,1044.1,419.8,5338.9,549,NA,376.7
2020-08-20T20:30:00Z,775,398.3,5166.7,441.3,NA,387.5
2020-08-20T21:00:00Z,430.6,247.6,3616.7,258.3,NA,290.6
2020-08-20T21:30:00Z,193.8,64.6,710.4,53.8,NA,53.8
2020-08-20T22:00:00Z,1808.3,871.9,5166.7,549,NA,409
2020-08-20T22:30:00Z,527.4,322.9,24800.2,1184,NA,624.3
2020-08-20T23:00:00Z,419.8,731.9,4305.6,409,NA,1356.3
2020-08-20T23:30:00Z,473.6,645.8,7577.8,441.3,NA,183
2020-08-21T00:00:00Z,452.1,183,4305.6,473.6,NA,86.1
2020-08-21T00:30:00Z,1808.3,570.5,839.6,129.2,NA,269.1
2020-08-21T01:00:00Z,279.9,118.4,1001,215.3,NA,53.8
2020-08-21T01:30:00Z,150.7,53.8,968.8,172.2,NA,32.3
2020-08-21T02:00:00Z,21.5,32.3,290.6,21.5,NA,43.1
2020-08-21T02:30:00Z,0,0,53.8,0,NA,0
2020-08-21T03:00:00Z,0,0,0,0,NA,0
2020-08-21T03:30:00Z,0,0,0,0,NA,0
2020-08-21T04:00:00Z,0,0,0,0,NA,0
2020-08-21T04:30:00Z,0,0,0,0,NA,0
2020-08-21T05:00:00Z,0,0,0,0,NA,0
2020-08-21T05:30:00Z,0,0,0,0,NA,0
2020-08-21T06:00:00Z,0,0,0,0,NA,0
2020-08-21T06:30:00Z,0,0,0,0,NA,0
2020-08-21T07:00:00Z,0,0,0,0,NA,0
2020-08-21T07:30:00Z,0,0,0,0,NA,0
2020-08-21T08:00:00Z,0,0,0,0,NA,0
2020-08-21T08:30:00Z,0,0,0,0,NA,0
2020-08-21T09:00:00Z,0,0,0,0,NA,0
2020-08-21T09:30:00Z,0,0,0,0,NA,0
2020-08-21T10:00:00Z,0,0,0,0,NA,0
2020-08-21T10:30:00Z,0,0,0,0,NA,0
2020-08-21T11:00:00Z,0,0,0,0,NA,0
2020-08-21T11:30:00Z,0,0,0,0,NA,0
2020-08-21T12:00:00Z,0,0,0,0,NA,0
2020-08-21T12:30:00Z,0,0,10.8,0,NA,0
2020-08-21T13:00:00Z,21.5,10.8,204.5,10.8,NA,0
2020-08-21T13:30:00Z,53.8,21.5,409,32.3,NA,10.8
2020-08-21T14:00:00Z,86.1,43.1,602.8,64.6,NA,32.3
2020-08-21T14:30:00Z,172.2,75.3,818.1,301.4,NA,64.6
2020-08-21T15:00:00Z,333.7,139.9,968.8,215.3,NA,86.1
2020-08-21T15:30:00Z,473.6,247.6,1377.8,215.3,NA,118.4
2020-08-21T16:00:00Z,495.1,236.8,1237.9,366,NA,139.9
2020-08-21T16:30:00Z,559.7,301.4,1377.8,355.2,NA,161.5
2020-08-21T17:00:00Z,602.8,366,1722.2,387.5,NA,183
2020-08-21T17:30:00Z,635.1,549,2411.1,333.7,NA,226
2020-08-21T18:00:00Z,505.9,452.1,1636.1,505.9,NA,226
2020-08-21T18:30:00Z,505.9,850.4,5166.7,452.1,NA,527.4
2020-08-21T19:00:00Z,301.4,1722.2,6200,473.6,NA,215.3
2020-08-21T19:30:00Z,452.1,2066.7,26178,398.3,NA,538.2
2020-08-21T20:00:00Z,366,1033.3,19977.9,1194.8,NA,387.5
2020-08-21T20:30:00Z,1184,2066.7,7577.8,1636.1,NA,742.7
2020-08-21T21:00:00Z,871.9,721.2,1808.3,699.7,NA,581.3
2020-08-21T21:30:00Z,193.8,807.3,7577.8,699.7,NA,387.5
2020-08-21T22:00:00Z,1377.8,1636.1,11711.2,290.6,NA,2066.7
2020-08-21T22:30:00Z,656.6,1205.6,34444.7,290.6,NA,818.1
2020-08-21T23:00:00Z,516.7,1270.1,22044.6,344.4,NA,1894.5
2020-08-21T23:30:00Z,527.4,1808.3,3444.5,193.8,NA,516.7
2020-08-22T00:00:00Z,312.2,1463.9,3100,161.5,NA,150.7
2020-08-22T00:30:00Z,3961.1,538.2,2497.2,204.5,NA,215.3
2020-08-22T01:00:00Z,161.5,129.2,4822.3,107.6,NA,376.7
2020-08-22T01:30:00Z,86.1,53.8,2238.9,53.8,NA,139.9
2020-08-22T02:00:00Z,43.1,21.5,958,10.8,NA,64.6
2020-08-22T02:30:00Z,0,0,129.2,0,NA,21.5
2020-08-22T03:00:00Z,0,0,0,0,NA,0
2020-08-22T03:30:00Z,0,0,0,0,NA,0
2020-08-22T04:00:00Z,0,0,0,0,NA,0
2020-08-22T04:30:00Z,0,0,0,0,NA,0
2020-08-22T05:00:00Z,0,0,0,0,NA,0
2020-08-22T05:30:00Z,0,0,0,0,NA,0
2020-08-22T06:00:00Z,0,0,0,0,NA,0
2020-08-22T06:30:00Z,0,0,0,0,NA,0
2020-08-22T07:00:00Z,0,0,0,0,NA,0
2020-08-22T07:30:00Z,0,0,0,0,NA,0
2020-08-22T08:00:00Z,0,0,0,0,NA,0
2020-08-22T08:30:00Z,0,0,0,0,NA,0
2020-08-22T09:00:00Z,0,0,0,0,NA,0
2020-08-22T09:30:00Z,0,0,0,0,NA,0
2020-08-22T10:00:00Z,0,0,0,0,NA,0
2020-08-22T10:30:00Z,0,0,0,0,NA,0
2020-08-22T11:00:00Z,0,0,0,0,NA,0
2020-08-22T11:30:00Z,0,0,0,0,NA,0
2020-08-22T12:00:00Z,0,0,0,0,NA,0
2020-08-22T12:30:00Z,0,0,10.8,0,NA,0
2020-08-22T13:00:00Z,10.8,0,204.5,0,NA,0
2020-08-22T13:30:00Z,86.1,32.3,678.1,32.3,NA,32.3
2020-08-22T14:00:00Z,193.8,86.1,1162.5,53.8,NA,64.6
2020-08-22T14:30:00Z,753.5,183,1636.1,215.3,NA,107.6
2020-08-22T15:00:00Z,269.1,118.4,2238.9,161.5,NA,96.9
2020-08-22T15:30:00Z,193.8,204.5,1324,86.1,NA,75.3
2020-08-22T16:00:00Z,2583.4,710.4,4133.4,322.9,NA,473.6
2020-08-22T16:30:00Z,958,1205.6,5511.1,538.2,NA,452.1
2020-08-22T17:00:00Z,710.4,602.8,5511.1,226,NA,366
2020-08-22T17:30:00Z,1324,1324,24800.2,398.3,NA,1463.9
2020-08-22T18:00:00Z,2497.2,2669.5,10677.8,419.8,NA,3788.9
2020-08-22T18:30:00Z,1001,1463.9,14466.8,861.1,NA,2325
2020-08-22T19:00:00Z,1722.2,1722.2,44089.2,1044.1,NA,958
2020-08-22T19:30:00Z,1367,936.5,11022.3,592,NA,2927.8
2020-08-22T20:00:00Z,645.8,4994.5,18600.1,764.2,NA,796.5
2020-08-22T20:30:00Z,2238.9,4994.5,38578,333.7,NA,236.8
2020-08-22T21:00:00Z,721.2,1808.3,57867,366,NA,204.5
2020-08-22T21:30:00Z,904.2,1463.9,7577.8,1356.3,NA,193.8
2020-08-22T22:00:00Z,3616.7,2325,21355.7,882.6,NA,376.7
2020-08-22T22:30:00Z,2755.6,1894.5,17911.2,505.9,NA,161.5
2020-08-22T23:00:00Z,1194.8,1227.1,6200,247.6,NA,193.8
2020-08-22T23:30:00Z,742.7,2583.4,3961.1,215.3,NA,172.2
2020-08-23T00:00:00Z,570.5,1894.5,4994.5,1076.4,NA,107.6
2020-08-23T00:30:00Z,215.3,850.4,1894.5,129.2,NA,215.3
2020-08-23T01:00:00Z,107.6,215.3,1334.7,75.3,NA,344.4
2020-08-23T01:30:00Z,742.7,129.2,1130.2,64.6,NA,64.6
2020-08-23T02:00:00Z,32.3,21.5,387.5,10.8,NA,43.1
2020-08-23T02:30:00Z,0,0,107.6,0,NA,10.8
2020-08-23T03:00:00Z,0,0,0,0,NA,0
2020-08-23T03:30:00Z,0,0,0,0,NA,0
2020-08-23T04:00:00Z,0,0,0,0,NA,0
2020-08-23T04:30:00Z,0,0,0,0,NA,0
2020-08-23T05:00:00Z,0,0,0,0,NA,0
2020-08-23T05:30:00Z,0,0,0,0,NA,0
2020-08-23T06:00:00Z,0,0,0,0,NA,0
2020-08-23T06:30:00Z,0,0,0,0,NA,0
2020-08-23T07:00:00Z,0,0,0,0,NA,0
2020-08-23T07:30:00Z,0,0,0,0,NA,0
2020-08-23T08:00:00Z,0,0,0,0,NA,0
2020-08-23T08:30:00Z,0,0,0,0,NA,0
2020-08-23T09:00:00Z,0,0,0,0,NA,0
2020-08-23T09:30:00Z,0,0,0,0,NA,0
2020-08-23T10:00:00Z,0,0,0,0,NA,0
2020-08-23T10:30:00Z,0,0,0,0,NA,0
2020-08-23T11:00:00Z,0,0,0,0,NA,0
2020-08-23T11:30:00Z,0,0,0,0,NA,0
2020-08-23T12:00:00Z,0,0,0,0,NA,0
2020-08-23T12:30:00Z,0,0,10.8,0,NA,0
2020-08-23T13:00:00Z,32.3,10.8,215.3,10.8,NA,10.8
2020-08-23T13:30:00Z,86.1,32.3,527.4,32.3,NA,21.5
2020-08-23T14:00:00Z,86.1,86.1,678.1,43.1,NA,53.8
2020-08-23T14:30:00Z,570.5,549,1001,107.6,NA,193.8
2020-08-23T15:00:00Z,301.4,301.4,3444.5,161.5,NA,828.8
2020-08-23T15:30:00Z,398.3,355.2,5166.7,215.3,NA,1044.1
2020-08-23T16:00:00Z,495.1,409,6544.5,269.1,NA,1130.2
2020-08-23T16:30:00Z,602.8,419.8,4477.8,376.7,NA,1022.6
2020-08-23T17:00:00Z,656.6,635.1,6200,462.9,NA,441.3
2020-08-23T17:30:00Z,430.6,882.6,6544.5,322.9,NA,1248.6
2020-08-23T18:00:00Z,462.9,1184,6544.5,344.4,NA,4477.8
2020-08-23T18:30:00Z,430.6,1313.2,8266.7,355.2,NA,4305.6
2020-08-23T19:00:00Z,462.9,1808.3,5166.7,376.7,NA,1377.8
2020-08-23T19:30:00Z,592,1463.9,26178,441.3,NA,7577.8
2020-08-23T20:00:00Z,656.6,721.2,3616.7,150.7,NA,764.2
2020-08-23T20:30:00Z,452.1,279.9,2325,139.9,NA,613.5
2020-08-23T21:00:00Z,785.8,602.8,42711.4,904.2,NA,3444.5
2020-08-23T21:30:00Z,2583.4,1345.5,21355.7,1022.6,NA,3788.9
2020-08-23T22:00:00Z,1151.7,1065.6,11022.3,1151.7,NA,2755.6
2020-08-23T22:30:00Z,635.1,419.8,11711.2,1280.9,NA,1550
2020-08-23T23:00:00Z,366,936.5,4133.4,312.2,NA,366
2020-08-23T23:30:00Z,441.3,226,5166.7,936.5,NA,635.1
2020-08-24T00:00:00Z,419.8,290.6,2583.4,527.4,NA,1087.2
2020-08-24T00:30:00Z,247.6,635.1,1894.5,204.5,NA,75.3
2020-08-24T01:00:00Z,344.4,86.1,2669.5,204.5,NA,86.1
2020-08-24T01:30:00Z,312.2,43.1,1722.2,75.3,NA,43.1
2020-08-24T02:00:00Z,75.3,21.5,527.4,21.5,NA,10.8
2020-08-24T02:30:00Z,0,0,64.6,0,NA,0
2020-08-24T03:00:00Z,0,0,0,0,NA,0
2020-08-24T03:30:00Z,0,0,0,0,NA,0
2020-08-24T04:00:00Z,0,0,0,0,NA,0
2020-08-24T04:30:00Z,0,0,0,0,NA,0
2020-08-24T05:00:00Z,0,0,0,0,NA,0
2020-08-24T05:30:00Z,0,0,0,0,NA,0
2020-08-24T06:00:00Z,0,0,0,0,NA,0
2020-08-24T06:30:00Z,0,0,0,0,NA,0
2020-08-24T07:00:00Z,0,0,0,0,NA,0
2020-08-24T07:30:00Z,0,0,0,0,NA,0
2020-08-24T08:00:00Z,0,0,0,0,NA,0
2020-08-24T08:30:00Z,0,0,0,0,NA,0
2020-08-24T09:00:00Z,0,0,0,0,NA,0
2020-08-24T09:30:00Z,0,0,0,0,NA,0
2020-08-24T10:00:00Z,0,0,0,0,NA,0
2020-08-24T10:30:00Z,0,0,0,0,NA,0
2020-08-24T11:00:00Z,0,0,0,0,NA,0
2020-08-24T11:30:00Z,0,0,0,0,NA,0
2020-08-24T12:00:00Z,0,0,0,0,NA,0
2020-08-24T12:30:00Z,0,0,0,0,NA,0
2020-08-24T13:00:00Z,21.5,10.8,161.5,0,NA,0
2020-08-24T13:30:00Z,75.3,43.1,484.4,32.3,NA,21.5
2020-08-24T14:00:00Z,107.6,107.6,688.9,53.8,NA,32.3
2020-08-24T14:30:00Z,215.3,279.9,1001,96.9,NA,64.6
2020-08-24T15:00:00Z,301.4,452.1,1248.6,139.9,NA,107.6
2020-08-24T15:30:00Z,376.7,592,1550,193.8,NA,139.9
2020-08-24T16:00:00Z,495.1,753.5,1894.5,215.3,NA,193.8
2020-08-24T16:30:00Z,398.3,861.1,2411.1,258.3,NA,290.6
2020-08-24T17:00:00Z,441.3,968.8,3100,301.4,NA,333.7
2020-08-24T17:30:00Z,387.5,871.9,2927.8,344.4,NA,333.7
2020-08-24T18:00:00Z,484.4,344.4,4822.3,559.7,NA,215.3
2020-08-24T18:30:00Z,775,312.2,7577.8,473.6,NA,344.4
2020-08-24T19:00:00Z,624.3,344.4,5166.7,387.5,NA,312.2
2020-08-24T19:30:00Z,441.3,495.1,3272.2,301.4,NA,312.2
2020-08-24T20:00:00Z,495.1,344.4,3616.7,301.4,NA,355.2
2020-08-24T20:30:00Z,710.4,850.4,5166.7,721.2,NA,495.1
2020-08-24T21:00:00Z,688.9,1377.8,3961.1,366,NA,538.2
2020-08-24T21:30:00Z,409,333.7,2755.6,226,NA,301.4
2020-08-24T22:00:00Z,258.3,139.9,1808.3,107.6,NA,139.9
2020-08-24T22:30:00Z,204.5,96.9,1345.5,86.1,NA,96.9
2020-08-24T23:00:00Z,183,86.1,1356.3,75.3,NA,204.5
2020-08-24T23:30:00Z,75.3,32.3,602.8,32.3,NA,75.3
2020-08-25T00:00:00Z,21.5,10.8,204.5,10.8,NA,21.5
2020-08-25T00:30:00Z,10.8,21.5,107.6,0,NA,21.5
2020-08-25T01:00:00Z,0,10.8,43.1,0,NA,0
2020-08-25T01:30:00Z,0,0,21.5,0,NA,0
2020-08-25T02:00:00Z,0,0,0,0,NA,0
2020-08-25T02:30:00Z,0,0,0,0,NA,0
2020-08-25T03:00:00Z,0,0,0,0,NA,0
2020-08-25T03:30:00Z,0,0,0,0,NA,0
2020-08-25T04:00:00Z,0,0,0,0,NA,0
2020-08-25T04:30:00Z,0,0,0,0,NA,0
2020-08-25T05:00:00Z,0,0,0,0,NA,0
2020-08-25T05:30:00Z,0,0,0,0,NA,0
2020-08-25T06:00:00Z,0,0,0,0,NA,0
2020-08-25T06:30:00Z,0,0,0,0,NA,0
2020-08-25T07:00:00Z,0,0,0,0,NA,0
2020-08-25T07:30:00Z,0,0,0,0,NA,0
2020-08-25T08:00:00Z,0,0,0,0,NA,0
2020-08-25T08:30:00Z,0,0,0,0,NA,0
2020-08-25T09:00:00Z,0,0,0,0,NA,0
2020-08-25T09:30:00Z,0,0,0,0,NA,0
2020-08-25T10:00:00Z,0,0,0,0,NA,0
2020-08-25T10:30:00Z,0,0,0,0,NA,0
2020-08-25T11:00:00Z,0,0,0,0,NA,0
2020-08-25T11:30:00Z,0,0,0,0,NA,0
2020-08-25T12:00:00Z,0,0,0,0,NA,0
2020-08-25T12:30:00Z,0,0,0,0,NA,0
2020-08-25T13:00:00Z,0,0,96.9,0,NA,0
2020-08-25T13:30:00Z,64.6,32.3,398.3,32.3,NA,21.5
2020-08-25T14:00:00Z,193.8,64.6,893.4,86.1,NA,43.1
2020-08-25T14:30:00Z,624.3,96.9,1550,236.8,NA,75.3
2020-08-25T15:00:00Z,1356.3,129.2,1808.3,398.3,NA,96.9
2020-08-25T15:30:00Z,1463.9,150.7,3272.2,645.8,NA,139.9
2020-08-25T16:00:00Z,1894.5,290.6,1980.6,495.1,NA,161.5
2020-08-25T16:30:00Z,818.1,301.4,1894.5,290.6,NA,161.5
2020-08-25T17:00:00Z,688.9,656.6,2755.6,366,NA,301.4
2020-08-25T17:30:00Z,419.8,258.3,2669.5,226,NA,183
2020-08-25T18:00:00Z,419.8,290.6,3100,204.5,NA,247.6
2020-08-25T18:30:00Z,559.7,398.3,4133.4,290.6,NA,333.7
2020-08-25T19:00:00Z,527.4,387.5,4477.8,279.9,NA,366
2020-08-25T19:30:00Z,236.8,333.7,1636.1,129.2,NA,764.2
2020-08-25T20:00:00Z,172.2,139.9,1463.9,86.1,NA,86.1
