7450-585180
OS REV: 1.04 Sensor Cal: 1557947487
Time (sec),  BV (Volts),  T (deg C),  DO (mg/l),  Q ()
1598141220,+3.51,+18.059, +7.194,+0.909
1598141820,+3.51,+18.042, +7.193,+0.908
1598142420,+3.51,+18.051, +7.194,+0.909
1598143020,+3.51,+18.042, +7.204,+0.909
1598143620,+3.51,+18.034, +7.198,+0.909
1598144220,+3.51,+18.051, +7.197,+0.909
1598144820,+3.51,+18.025, +7.206,+0.909
1598145420,+3.51,+18.025, +7.200,+0.909
1598146020,+3.51,+17.983, +7.195,+0.909
1598146620,+3.51,+17.966, +7.208,+0.909
1598147220,+3.51,+17.975, +7.205,+0.909
1598147820,+3.51,+17.958, +7.209,+0.909
1598148420,+3.51,+17.966, +7.195,+0.909
1598149020,+3.51,+17.966, +7.201,+0.909
1598149620,+3.51,+17.966, +7.203,+0.909
1598150220,+3.51,+17.992, +7.198,+0.909
1598150820,+3.51,+18.000, +7.201,+0.909
1598151420,+3.51,+17.992, +7.205,+0.909
1598152020,+3.51,+17.992, +7.197,+0.909
1598152620,+3.51,+17.983, +7.195,+0.909
1598153220,+3.51,+17.958, +7.196,+0.909
1598153820,+3.51,+17.924, +7.202,+0.909
1598154420,+3.50,+17.907, +7.200,+0.909
1598155020,+3.50,+17.899, +7.196,+0.909
1598155620,+3.50,+17.865, +7.199,+0.909
1598156220,+3.50,+17.865, +7.200,+0.909
1598156820,+3.50,+17.840, +7.200,+0.909
1598157420,+3.50,+17.823, +7.199,+0.909
1598158020,+3.50,+17.789, +7.196,+0.909
1598158620,+3.50,+17.789, +7.201,+0.909
1598159220,+3.50,+17.772, +7.211,+0.910
1598159820,+3.50,+17.755, +7.200,+0.909
1598160420,+3.50,+17.747, +7.199,+0.909
1598161020,+3.50,+17.722, +7.204,+0.909
1598161620,+3.50,+17.713, +7.204,+0.910
1598162220,+3.50,+17.705, +7.199,+0.909
1598162820,+3.50,+17.688, +7.200,+0.909
1598163420,+3.50,+17.671, +7.200,+0.909
1598164020,+3.50,+17.654, +7.207,+0.909
1598164620,+3.50,+17.646, +7.209,+0.909
1598165220,+3.50,+17.637, +7.202,+0.909
1598165820,+3.50,+17.629, +7.207,+0.909
1598166420,+3.50,+17.620, +7.203,+0.909
1598167020,+3.50,+17.603, +7.205,+0.909
1598167620,+3.50,+17.553, +7.199,+0.908
1598168220,+3.50,+17.544, +7.211,+0.909
1598168820,+3.50,+17.553, +7.203,+0.909
1598169420,+3.50,+17.519, +7.215,+0.910
1598170020,+3.50,+17.510, +7.203,+0.909
1598170620,+3.50,+17.502, +7.200,+0.909
1598171220,+3.50,+17.477, +7.205,+0.909
1598171820,+3.50,+17.451, +7.209,+0.909
1598172420,+3.50,+17.460, +7.205,+0.909
1598173020,+3.50,+17.443, +7.210,+0.909
1598173620,+3.50,+17.417, +7.213,+0.909
1598174220,+3.50,+17.434, +7.197,+0.909
1598174820,+3.50,+17.401, +7.209,+0.909
1598175420,+3.50,+17.384, +7.215,+0.909
1598176020,+3.50,+17.375, +7.203,+0.909
1598176620,+3.50,+17.375, +7.198,+0.908
1598177220,+3.50,+17.367, +7.213,+0.909
1598177820,+3.50,+17.333, +7.214,+0.909
1598178420,+3.50,+17.316, +7.211,+0.909
1598179020,+3.51,+17.316, +7.209,+0.909
1598179620,+3.51,+17.291, +7.215,+0.909
1598180220,+3.51,+17.274, +7.211,+0.909
1598180820,+3.51,+17.265, +7.215,+0.909
1598181420,+3.51,+17.257, +7.211,+0.909
1598182020,+3.51,+17.240, +7.218,+0.909
1598182620,+3.51,+17.223, +7.218,+0.909
1598183220,+3.51,+17.214, +7.216,+0.909
1598183820,+3.51,+17.197, +7.219,+0.909
1598184420,+3.51,+17.197, +7.213,+0.909
1598185020,+3.51,+17.197, +7.207,+0.909
1598185620,+3.51,+17.189, +7.213,+0.909
1598186220,+3.51,+17.155, +7.208,+0.909
1598186820,+3.51,+17.138, +7.216,+0.909
1598187420,+3.51,+17.147, +7.213,+0.909
1598188020,+3.51,+17.113, +7.216,+0.909
1598188620,+3.51,+17.096, +7.214,+0.909
1598189220,+3.51,+17.096, +7.218,+0.909
1598189820,+3.51,+17.096, +7.215,+0.909
1598190420,+3.51,+17.087, +7.225,+0.909
1598191020,+3.51,+17.087, +7.218,+0.909
1598191620,+3.51,+17.062, +7.226,+0.909
1598192220,+3.51,+17.079, +7.217,+0.909
1598192820,+3.51,+17.079, +7.216,+0.909
1598193420,+3.51,+17.096, +7.207,+0.909
1598194020,+3.51,+17.070, +7.215,+0.909
1598194620,+3.51,+17.087, +7.211,+0.909
1598195220,+3.51,+17.104, +7.208,+0.909
1598195820,+3.51,+17.130, +7.207,+0.909
1598196420,+3.51,+17.138, +7.210,+0.909
1598197020,+3.51,+17.155, +7.205,+0.909
1598197620,+3.51,+17.172, +7.205,+0.909
1598198220,+3.51,+17.189, +7.206,+0.909
1598198820,+3.51,+17.147, +7.215,+0.909
1598199420,+3.51,+17.147, +7.223,+0.909
1598200020,+3.51,+17.138, +7.219,+0.908
1598200620,+3.51,+17.155, +7.225,+0.909
1598201220,+3.51,+17.164, +7.223,+0.909
1598201820,+3.51,+17.155, +7.228,+0.909
1598202420,+3.51,+17.214, +7.228,+0.909
1598203020,+3.51,+17.214, +7.231,+0.909
1598203620,+3.50,+17.257, +7.219,+0.908
1598204220,+3.50,+17.291, +7.234,+0.909
1598204820,+3.50,+17.350, +7.218,+0.909
1598205420,+3.50,+17.324, +7.222,+0.909
1598206020,+3.50,+17.367, +7.221,+0.909
1598206620,+3.50,+17.367, +7.224,+0.909
1598207220,+3.50,+17.367, +7.229,+0.909
1598207820,+3.50,+17.392, +7.228,+0.909
1598208420,+3.50,+17.384, +7.226,+0.909
1598209020,+3.50,+17.426, +7.229,+0.909
1598209620,+3.50,+17.460, +7.215,+0.909
1598210220,+3.50,+17.502, +7.225,+0.909
1598210820,+3.50,+17.536, +7.222,+0.909
1598211420,+3.50,+17.561, +7.217,+0.909
1598212020,+3.50,+17.561, +7.220,+0.909
1598212620,+3.50,+17.646, +7.222,+0.909
1598213220,+3.50,+17.663, +7.228,+0.909
1598213820,+3.50,+17.713, +7.226,+0.909
1598214420,+3.50,+17.789, +7.213,+0.909
1598215020,+3.50,+17.806, +7.205,+0.909
1598215620,+3.50,+17.848, +7.207,+0.909
1598216220,+3.50,+17.848, +7.212,+0.909
1598216820,+3.50,+17.874, +7.214,+0.909
1598217420,+3.50,+17.924, +7.210,+0.909
1598218020,+3.51,+17.966, +7.204,+0.909
1598218620,+3.51,+17.958, +7.205,+0.909
1598219220,+3.51,+18.000, +7.207,+0.909
1598219820,+3.51,+18.017, +7.201,+0.909
1598220420,+3.51,+18.017, +7.194,+0.909
1598221020,+3.51,+18.034, +7.192,+0.909
1598221620,+3.51,+18.051, +7.197,+0.909
1598222220,+3.51,+18.076, +7.203,+0.909
1598222820,+3.51,+18.110, +7.191,+0.909
1598223420,+3.51,+18.118, +7.181,+0.908
1598224020,+3.51,+18.110, +7.203,+0.909
1598224620,+3.51,+18.118, +7.195,+0.909
1598225220,+3.51,+18.143, +7.187,+0.908
1598225820,+3.51,+18.152, +7.192,+0.909
1598226420,+3.51,+18.169, +7.195,+0.909
1598227020,+3.51,+18.160, +7.199,+0.909
1598227620,+3.51,+18.202, +7.203,+0.909
