7450-585180
OS REV: 1.04 Sensor Cal: 1557947487
Time (sec),  BV (Volts),  T (deg C),  DO (mg/l),  Q ()
1594333380,+3.47,+12.050, +8.505,+0.915
1594333980,+3.47,+12.077, +8.501,+0.914
1594334580,+3.47,+12.104, +8.502,+0.914
1594335180,+3.47,+12.166, +8.488,+0.914
1594335780,+3.47,+12.201, +8.491,+0.914
1594336380,+3.47,+12.237, +8.485,+0.914
1594336980,+3.47,+12.246, +8.491,+0.915
1594337580,+3.47,+12.317, +8.489,+0.915
1594338180,+3.47,+12.308, +8.477,+0.914
1594338780,+3.47,+12.325, +8.494,+0.915
1594339380,+3.47,+12.361, +8.481,+0.915
1594339980,+3.47,+12.361, +8.480,+0.915
1594340580,+3.47,+12.370, +8.487,+0.915
1594341180,+3.47,+12.396, +8.479,+0.915
1594341780,+3.47,+12.414, +8.491,+0.915
1594342380,+3.48,+12.458, +8.471,+0.915
1594342980,+3.48,+12.458, +8.472,+0.914
1594343580,+3.48,+12.494, +8.475,+0.915
1594344180,+3.48,+12.502, +8.468,+0.915
1594344780,+3.48,+12.511, +8.468,+0.915
1594345380,+3.48,+12.494, +8.473,+0.915
1594345980,+3.48,+12.511, +8.480,+0.915
1594346580,+3.48,+12.573, +8.470,+0.915
1594347180,+3.48,+12.555, +8.460,+0.915
1594347780,+3.48,+12.555, +8.467,+0.915
1594348380,+3.48,+12.582, +8.446,+0.915
1594348980,+3.48,+12.591, +8.444,+0.915
1594349580,+3.48,+12.600, +8.437,+0.915
1594350180,+3.48,+12.582, +8.440,+0.915
1594350780,+3.48,+12.582, +8.434,+0.915
1594351380,+3.48,+12.529, +8.442,+0.915
1594351980,+3.48,+12.582, +8.430,+0.915
1594352580,+3.48,+12.538, +8.438,+0.915
1594353180,+3.48,+12.006, +8.543,+0.914
1594353780,+3.48,+11.578, +8.656,+0.914
1594354380,+3.48,+11.614, +8.643,+0.915
1594354980,+3.48,+11.739, +8.602,+0.915
1594355580,+3.48,+11.712, +8.599,+0.915
1594356180,+3.48,+11.614, +8.616,+0.914
1594356780,+3.48,+11.658, +8.641,+0.915
1594357380,+3.48,+11.640, +8.599,+0.915
1594357980,+3.48,+11.881, +8.539,+0.915
1594358580,+3.48,+11.890, +8.541,+0.915
1594359180,+3.48,+11.863, +8.535,+0.915
1594359780,+3.48,+11.828, +8.540,+0.914
1594360380,+3.48,+11.953, +8.511,+0.914
1594360980,+3.48,+11.748, +8.576,+0.915
1594361580,+3.48,+11.587, +8.554,+0.915
1594362180,+3.48,+11.596, +8.568,+0.914
1594362780,+3.48,+11.658, +8.578,+0.915
1594363380,+3.48,+11.587, +8.617,+0.915
1594363980,+3.48,+11.739, +8.595,+0.914
1594364580,+3.48,+12.015, +8.479,+0.915
1594365180,+3.48,+11.917, +8.518,+0.915
1594365780,+3.48,+11.881, +8.538,+0.915
1594366380,+3.48,+11.774, +8.554,+0.914
1594366980,+3.48,+11.863, +8.521,+0.915
1594367580,+3.48,+11.890, +8.511,+0.915
1594368180,+3.48,+11.890, +8.499,+0.914
1594368780,+3.48,+11.961, +8.481,+0.915
1594369380,+3.48,+12.006, +8.466,+0.915
1594369980,+3.48,+11.970, +8.465,+0.915
1594370580,+3.48,+11.988, +8.463,+0.915
1594371180,+3.48,+12.006, +8.450,+0.915
1594371780,+3.48,+11.979, +8.455,+0.914
1594372380,+3.48,+11.961, +8.456,+0.915
1594372980,+3.48,+11.979, +8.437,+0.914
1594373580,+3.48,+11.953, +8.444,+0.915
1594374180,+3.48,+11.944, +8.441,+0.914
1594374780,+3.48,+11.953, +8.453,+0.915
1594375380,+3.48,+11.970, +8.440,+0.915
1594375980,+3.48,+11.997, +8.425,+0.914
1594376580,+3.48,+11.970, +8.437,+0.915
1594377180,+3.48,+11.997, +8.421,+0.914
1594377780,+3.48,+11.988, +8.421,+0.915
1594378380,+3.48,+11.944, +8.411,+0.914
1594378980,+3.48,+11.917, +8.419,+0.915
1594379580,+3.48,+11.899, +8.429,+0.915
1594380180,+3.48,+11.917, +8.423,+0.915
1594380780,+3.48,+11.828, +8.433,+0.915
1594381380,+3.48,+11.846, +8.434,+0.915
1594381980,+3.48,+11.855, +8.415,+0.914
1594382580,+3.48,+11.828, +8.429,+0.915
1594383180,+3.48,+11.828, +8.428,+0.915
1594383780,+3.48,+11.801, +8.429,+0.915
1594384380,+3.48,+11.667, +8.433,+0.915
1594384980,+3.48,+11.345, +8.433,+0.914
1594385580,+3.48,+11.381, +8.521,+0.915
1594386180,+3.48,+11.488, +8.462,+0.915
1594386780,+3.48,+11.739, +8.416,+0.915
1594387380,+3.48,+11.756, +8.405,+0.915
1594387980,+3.48,+11.246, +8.450,+0.914
1594388580,+3.48,+11.075, +8.569,+0.914
1594389180,+3.48,+11.640, +8.440,+0.915
1594389780,+3.48,+11.730, +8.416,+0.915
1594390380,+3.48,+11.309, +8.488,+0.914
1594390980,+3.48,+11.658, +8.422,+0.915
1594391580,+3.48,+11.703, +8.408,+0.914
1594392180,+3.48,+11.685, +8.411,+0.915
1594392780,+3.48,+11.703, +8.423,+0.914
1594393380,+3.48,+11.497, +8.498,+0.914
1594393980,+3.48,+11.748, +8.416,+0.914
1594394580,+3.48,+11.739, +8.404,+0.914
1594395180,+3.48,+11.667, +8.443,+0.914
1594395780,+3.48,+10.949, +8.678,+0.913
1594396380,+3.48,+10.868, +8.649,+0.914
1594396980,+3.48,+11.372, +8.581,+0.915
1594397580,+3.48,+11.390, +8.522,+0.914
1594398180,+3.48,+11.614, +8.538,+0.915
1594398780,+3.48,+11.219, +8.685,+0.914
1594399380,+3.48,+11.739, +8.454,+0.914
1594399980,+3.48,+11.828, +8.441,+0.915
1594400580,+3.48,+11.855, +8.440,+0.915
1594401180,+3.48,+11.899, +8.432,+0.914
1594401780,+3.48,+11.944, +8.405,+0.914
1594402380,+3.48,+11.979, +8.407,+0.915
1594402980,+3.48,+12.006, +8.410,+0.915
1594403580,+3.48,+12.015, +8.415,+0.915
1594404180,+3.48,+12.015, +8.416,+0.915
1594404780,+3.48,+12.015, +8.424,+0.915
1594405380,+3.48,+12.041, +8.424,+0.915
1594405980,+3.48,+12.033, +8.435,+0.915
1594406580,+3.48,+12.077, +8.422,+0.915
1594407180,+3.48,+12.121, +8.420,+0.915
1594407780,+3.48,+12.166, +8.430,+0.915
1594408380,+3.48,+12.139, +8.430,+0.915
1594408980,+3.48,+12.166, +8.425,+0.915
1594409580,+3.48,+12.192, +8.422,+0.915
1594410180,+3.48,+12.272, +8.430,+0.915
1594410780,+3.48,+12.343, +8.417,+0.915
1594411380,+3.48,+12.379, +8.414,+0.914
1594411980,+3.48,+12.387, +8.433,+0.915
1594412580,+3.48,+12.414, +8.415,+0.915
1594413180,+3.48,+12.423, +8.422,+0.915
1594413780,+3.48,+12.476, +8.417,+0.915
1594414380,+3.48,+12.502, +8.408,+0.915
1594414980,+3.48,+12.520, +8.424,+0.915
1594415580,+3.48,+12.564, +8.417,+0.915
1594416180,+3.48,+12.582, +8.414,+0.915
1594416780,+3.48,+12.600, +8.414,+0.915
1594417380,+3.48,+12.617, +8.411,+0.915
1594417980,+3.48,+12.626, +8.418,+0.915
1594418580,+3.48,+12.617, +8.425,+0.915
1594419180,+3.48,+12.635, +8.421,+0.915
1594419780,+3.48,+12.644, +8.417,+0.915
