7450-277916
OS REV: 1.05 Sensor Cal: 1592497888
Time (sec),  BV (Volts),  T (deg C),  DO (mg/l),  Q ()
1658348400,+3.51,+14.926, +8.110,+0.975
1658349000,+3.51,+14.952, +8.089,+0.974
1658349600,+3.51,+14.978, +8.099,+0.975
1658350200,+3.51,+15.073, +8.089,+0.975
1658350800,+3.51,+15.055, +8.111,+0.975
1658351400,+3.51,+15.124, +8.086,+0.975
1658352000,+3.51,+15.090, +8.086,+0.974
1658352600,+3.51,+15.090, +8.095,+0.975
1658353200,+3.51,+15.098, +8.089,+0.975
1658353800,+3.51,+15.055, +8.100,+0.974
1658354400,+3.51,+15.021, +8.103,+0.975
1658355000,+3.51,+15.038, +8.110,+0.975
1658355600,+3.50,+15.167, +8.094,+0.975
1658356200,+3.50,+15.176, +8.087,+0.974
1658356800,+3.50,+15.184, +8.090,+0.974
1658357400,+3.50,+15.193, +8.090,+0.974
1658358000,+3.50,+15.236, +8.103,+0.975
1658358600,+3.50,+15.262, +8.099,+0.975
1658359200,+3.50,+15.322, +8.072,+0.974
1658359800,+3.50,+15.176, +8.130,+0.975
1658360400,+3.50,+15.184, +8.124,+0.974
1658361000,+3.50,+15.116, +8.130,+0.974
1658361600,+3.50,+15.236, +8.105,+0.974
1658362200,+3.50,+15.305, +8.097,+0.974
1658362800,+3.50,+15.262, +8.105,+0.975
1658363400,+3.50,+15.262, +8.111,+0.975
1658364000,+3.50,+15.313, +8.103,+0.975
1658364600,+3.50,+15.253, +8.101,+0.975
1658365200,+3.50,+15.219, +8.108,+0.975
1658365800,+3.50,+15.159, +8.105,+0.974
1658366400,+3.50,+15.150, +8.102,+0.975
1658367000,+3.50,+15.150, +8.132,+0.975
1658367600,+3.50,+15.141, +8.081,+0.974
1658368200,+3.50,+15.133, +8.094,+0.975
1658368800,+3.50,+15.081, +8.105,+0.975
1658369400,+3.50,+15.098, +8.090,+0.974
1658370000,+3.50,+15.098, +8.100,+0.975
1658370600,+3.50,+15.098, +8.099,+0.974
1658371200,+3.50,+15.047, +8.126,+0.974
1658371800,+3.50,+14.961, +8.156,+0.975
1658372400,+3.50,+14.987, +8.131,+0.975
1658373000,+3.50,+14.943, +8.131,+0.974
1658373600,+3.50,+14.883, +8.147,+0.975
1658374200,+3.50,+14.788, +8.174,+0.975
1658374800,+3.50,+14.806, +8.160,+0.974
1658375400,+3.50,+14.909, +8.137,+0.974
1658376000,+3.50,+14.857, +8.142,+0.974
1658376600,+3.50,+14.857, +8.156,+0.975
1658377200,+3.50,+14.866, +8.141,+0.975
1658377800,+3.50,+14.814, +8.146,+0.974
1658378400,+3.50,+14.788, +8.165,+0.975
1658379000,+3.50,+14.797, +8.142,+0.974
1658379600,+3.50,+14.762, +8.144,+0.974
1658380200,+3.50,+14.745, +8.139,+0.974
1658380800,+3.50,+14.745, +8.157,+0.975
1658381400,+3.50,+14.745, +8.137,+0.974
1658382000,+3.50,+14.728, +8.141,+0.975
1658382600,+3.50,+14.719, +8.136,+0.974
1658383200,+3.50,+14.719, +8.130,+0.974
1658383800,+3.50,+14.685, +8.142,+0.975
1658384400,+3.50,+14.667, +8.143,+0.975
1658385000,+3.50,+14.667, +8.135,+0.974
1658385600,+3.50,+14.633, +8.146,+0.975
1658386200,+3.50,+14.607, +8.151,+0.974
1658386800,+3.50,+14.607, +8.135,+0.974
1658387400,+3.49,+14.581, +8.144,+0.974
1658388000,+3.50,+14.572, +8.150,+0.974
1658388600,+3.50,+14.572, +8.136,+0.974
1658389200,+3.49,+14.547, +8.144,+0.975
1658389800,+3.50,+14.555, +8.128,+0.974
1658390400,+3.50,+14.521, +8.137,+0.975
1658391000,+3.50,+14.529, +8.137,+0.975
1658391600,+3.49,+14.503, +8.124,+0.975
1658392200,+3.50,+14.477, +8.143,+0.975
1658392800,+3.49,+14.451, +8.149,+0.975
1658393400,+3.49,+14.443, +8.139,+0.974
1658394000,+3.49,+14.443, +8.132,+0.975
1658394600,+3.50,+14.417, +8.124,+0.975
1658395200,+3.50,+14.425, +8.119,+0.975
1658395800,+3.49,+14.399, +8.113,+0.975
1658396400,+3.50,+14.399, +8.105,+0.975
1658397000,+3.50,+14.382, +8.107,+0.974
1658397600,+3.50,+14.365, +8.104,+0.975
1658398200,+3.50,+14.356, +8.104,+0.975
1658398800,+3.49,+14.365, +8.094,+0.975
1658399400,+3.49,+14.356, +8.103,+0.975
1658400000,+3.49,+14.347, +8.101,+0.975
1658400600,+3.49,+14.330, +8.100,+0.975
1658401200,+3.49,+14.321, +8.092,+0.975
1658401800,+3.50,+14.304, +8.085,+0.974
1658402400,+3.49,+14.304, +8.101,+0.975
1658403000,+3.49,+14.295, +8.098,+0.975
1658403600,+3.49,+14.304, +8.107,+0.975
1658404200,+3.49,+14.278, +8.122,+0.975
1658404800,+3.49,+14.261, +8.127,+0.975
1658405400,+3.49,+14.269, +8.130,+0.975
1658406000,+3.49,+14.252, +8.100,+0.975
1658406600,+3.49,+14.235, +8.130,+0.975
1658407200,+3.49,+14.243, +8.133,+0.975
1658407800,+3.49,+14.235, +8.120,+0.975
1658408400,+3.49,+14.209, +8.114,+0.975
1658409000,+3.49,+14.200, +8.128,+0.974
1658409600,+3.49,+14.217, +8.108,+0.974
1658410200,+3.49,+14.183, +8.123,+0.975
1658410800,+3.49,+14.191, +8.137,+0.975
1658411400,+3.49,+14.191, +8.137,+0.975
1658412000,+3.49,+14.209, +8.105,+0.974
1658412600,+3.49,+14.226, +8.124,+0.975
1658413200,+3.49,+14.217, +8.106,+0.975
1658413800,+3.49,+14.243, +8.093,+0.974
1658414400,+3.49,+14.217, +8.103,+0.974
1658415000,+3.49,+14.209, +8.111,+0.974
1658415600,+3.49,+14.217, +8.117,+0.975
1658416200,+3.49,+14.209, +8.128,+0.974
1658416800,+3.49,+14.226, +8.092,+0.975
1658417400,+3.49,+14.226, +8.101,+0.975
1658418000,+3.49,+14.209, +8.120,+0.974
1658418600,+3.49,+14.209, +8.134,+0.975
1658419200,+3.49,+14.209, +8.110,+0.974
1658419800,+3.49,+14.209, +8.135,+0.975
1658420400,+3.49,+14.226, +8.129,+0.974
1658421000,+3.49,+14.235, +8.137,+0.975
1658421600,+3.49,+14.252, +8.152,+0.975
1658422200,+3.49,+14.261, +8.088,+0.975
1658422800,+3.49,+14.295, +8.100,+0.975
1658423400,+3.49,+14.339, +8.136,+0.975
1658424000,+3.49,+14.443, +8.151,+0.975
1658424600,+3.49,+14.503, +8.152,+0.974
1658425200,+3.49,+14.564, +8.162,+0.974
1658425800,+3.49,+14.624, +8.154,+0.975
1658426400,+3.49,+14.650, +8.161,+0.975
1658427000,+3.49,+14.685, +8.159,+0.975
1658427600,+3.49,+14.711, +8.152,+0.974
1658428200,+3.49,+14.737, +8.164,+0.975
1658428800,+3.49,+14.745, +8.160,+0.974
1658429400,+3.49,+14.806, +8.156,+0.974
1658430000,+3.49,+14.866, +8.148,+0.974
1658430600,+3.49,+14.866, +8.150,+0.974
1658431200,+3.49,+14.875, +8.168,+0.974
1658431800,+3.49,+14.883, +8.177,+0.974
1658432400,+3.49,+14.900, +8.177,+0.974
1658433000,+3.49,+14.952, +8.170,+0.974
1658433600,+3.49,+14.935, +8.160,+0.974
1658434200,+3.49,+14.935, +8.172,+0.974
1658434800,+3.49,+14.875, +8.189,+0.974
