7450-585180
OS REV: 1.04 Sensor Cal: 1557947487
Time (sec),  BV (Volts),  T (deg C),  DO (mg/l),  Q ()
1632039360,+3.13,+15.913, +7.730,+0.905
1632039960,+3.13,+15.930, +7.715,+0.905
1632040560,+3.13,+15.947, +7.720,+0.905
1632041160,+3.13,+15.930, +7.712,+0.905
1632041760,+3.13,+15.939, +7.702,+0.905
1632042360,+3.13,+15.913, +7.729,+0.906
1632042960,+3.13,+15.930, +7.725,+0.906
1632043560,+3.13,+15.905, +7.704,+0.905
1632044160,+3.13,+15.905, +7.713,+0.905
1632044760,+3.13,+15.905, +7.717,+0.905
1632045360,+3.13,+15.913, +7.706,+0.905
1632045960,+3.13,+15.879, +7.725,+0.905
1632046560,+3.13,+15.913, +7.705,+0.904
1632047160,+3.13,+15.905, +7.711,+0.904
1632047760,+3.13,+15.905, +7.714,+0.905
1632048360,+3.13,+15.905, +7.711,+0.905
1632048960,+3.13,+15.905, +7.707,+0.905
1632049560,+3.13,+15.870, +7.709,+0.905
1632050160,+3.13,+15.862, +7.706,+0.905
1632050760,+3.13,+15.870, +7.688,+0.905
1632051360,+3.13,+15.870, +7.689,+0.905
1632051960,+3.13,+15.828, +7.682,+0.905
1632052560,+3.13,+15.870, +7.662,+0.905
1632053160,+3.13,+15.879, +7.651,+0.905
1632053760,+3.13,+15.870, +7.647,+0.905
1632054360,+3.13,+15.845, +7.642,+0.905
1632054960,+3.13,+15.853, +7.619,+0.905
1632055560,+3.13,+15.828, +7.621,+0.905
1632056160,+3.13,+15.845, +7.613,+0.905
1632056760,+3.13,+15.819, +7.610,+0.905
1632057360,+3.13,+15.845, +7.611,+0.905
1632057960,+3.13,+15.819, +7.623,+0.905
1632058560,+3.13,+15.828, +7.620,+0.905
1632059160,+3.13,+15.811, +7.619,+0.905
1632059760,+3.13,+15.794, +7.652,+0.905
1632060360,+3.13,+15.828, +7.625,+0.905
1632060960,+3.13,+15.819, +7.633,+0.905
1632061560,+3.13,+15.819, +7.626,+0.905
1632062160,+3.13,+15.819, +7.634,+0.905
1632062760,+3.13,+15.819, +7.649,+0.905
1632063360,+3.13,+15.819, +7.639,+0.905
1632063960,+3.13,+15.828, +7.640,+0.905
1632064560,+3.13,+15.811, +7.642,+0.905
1632065160,+3.13,+15.785, +7.657,+0.905
1632065760,+3.13,+15.811, +7.669,+0.906
1632066360,+3.13,+15.802, +7.669,+0.905
1632066960,+3.13,+15.802, +7.647,+0.905
1632067560,+3.13,+15.794, +7.633,+0.905
1632068160,+3.13,+15.811, +7.660,+0.905
1632068760,+3.13,+15.811, +7.659,+0.905
1632069360,+3.13,+15.811, +7.623,+0.905
1632069960,+3.13,+15.802, +7.642,+0.904
1632070560,+3.13,+15.828, +7.644,+0.905
1632071160,+3.13,+15.819, +7.680,+0.905
1632071760,+3.13,+15.845, +7.709,+0.905
1632072360,+3.13,+15.862, +7.748,+0.905
1632072960,+3.13,+15.870, +7.693,+0.905
1632073560,+3.13,+15.862, +7.682,+0.905
1632074160,+3.13,+15.853, +7.694,+0.905
1632074760,+3.13,+15.922, +7.751,+0.905
1632075360,+3.13,+15.939, +7.734,+0.905
1632075960,+3.13,+15.922, +7.689,+0.905
1632076560,+3.13,+15.922, +7.708,+0.905
1632077160,+3.13,+15.930, +7.698,+0.905
1632077760,+3.13,+15.930, +7.705,+0.905
1632078360,+3.13,+15.905, +7.732,+0.905
1632078960,+3.13,+15.896, +7.734,+0.905
1632079560,+3.13,+15.879, +7.733,+0.905
1632080160,+3.13,+15.879, +7.700,+0.905
1632080760,+3.13,+15.845, +7.691,+0.905
1632081360,+3.13,+15.896, +7.697,+0.905
1632081960,+3.13,+15.939, +7.727,+0.905
1632082560,+3.13,+15.896, +7.685,+0.905
1632083160,+3.13,+15.853, +7.678,+0.905
1632083760,+3.13,+15.845, +7.688,+0.905
1632084360,+3.13,+15.845, +7.667,+0.905
1632084960,+3.13,+15.853, +7.682,+0.905
1632085560,+3.13,+15.870, +7.686,+0.905
1632086160,+3.13,+15.913, +7.717,+0.905
1632086760,+3.13,+15.922, +7.704,+0.905
1632087360,+3.13,+15.939, +7.729,+0.905
1632087960,+3.13,+15.982, +7.768,+0.905
1632088560,+3.13,+15.956, +7.549,+0.905
1632089160,+3.13,+15.913, +7.621,+0.905
1632089760,+3.13,+15.879, +7.632,+0.905
1632090360,+3.13,+15.862, +7.712,+0.905
1632090960,+3.13,+15.888, +7.798,+0.905
1632091560,+3.13,+15.870, +7.750,+0.905
1632092160,+3.13,+15.862, +7.706,+0.905
1632092760,+3.13,+15.836, +7.680,+0.905
1632093360,+3.13,+15.828, +7.660,+0.905
1632093960,+3.13,+15.828, +7.663,+0.905
1632094560,+3.13,+15.845, +7.686,+0.905
1632095160,+3.13,+15.862, +7.697,+0.905
1632095760,+3.13,+15.879, +7.695,+0.905
1632096360,+3.13,+15.862, +7.657,+0.905
1632096960,+3.13,+15.853, +7.636,+0.905
1632097560,+3.13,+15.828, +7.618,+0.905
1632098160,+3.13,+15.836, +7.611,+0.905
1632098760,+3.13,+15.802, +7.625,+0.905
1632099360,+3.13,+15.819, +7.612,+0.905
1632099960,+3.13,+15.802, +7.613,+0.905
1632100560,+3.13,+15.811, +7.607,+0.905
1632101160,+3.13,+15.802, +7.608,+0.905
1632101760,+3.13,+15.776, +7.589,+0.905
1632102360,+3.13,+15.759, +7.601,+0.905
1632102960,+3.13,+15.768, +7.610,+0.905
1632103560,+3.13,+15.776, +7.601,+0.905
1632104160,+3.13,+15.759, +7.604,+0.905
1632104760,+3.13,+15.776, +7.604,+0.905
1632105360,+3.13,+15.785, +7.596,+0.905
1632105960,+3.13,+15.768, +7.604,+0.906
1632106560,+3.12,+15.759, +7.604,+0.905
1632107160,+3.13,+15.759, +7.610,+0.905
1632107760,+3.12,+15.742, +7.615,+0.905
1632108360,+3.12,+15.742, +7.597,+0.905
1632108960,+3.12,+15.725, +7.597,+0.905
1632109560,+3.12,+15.751, +7.593,+0.905
1632110160,+3.12,+15.742, +7.584,+0.905
1632110760,+3.12,+15.734, +7.595,+0.905
1632111360,+3.12,+15.742, +7.590,+0.905
1632111960,+3.12,+15.717, +7.591,+0.905
1632112560,+3.12,+15.734, +7.571,+0.905
1632113160,+3.12,+15.725, +7.580,+0.905
1632113760,+3.12,+15.717, +7.578,+0.906
1632114360,+3.12,+15.717, +7.561,+0.905
1632114960,+3.12,+15.734, +7.553,+0.905
1632115560,+3.12,+15.699, +7.556,+0.905
1632116160,+3.12,+15.691, +7.570,+0.905
1632116760,+3.12,+15.691, +7.573,+0.905
1632117360,+3.12,+15.691, +7.574,+0.905
1632117960,+3.12,+15.665, +7.589,+0.905
1632118560,+3.12,+15.682, +7.580,+0.905
1632119160,+3.12,+15.674, +7.571,+0.905
1632119760,+3.12,+15.682, +7.561,+0.905
1632120360,+3.12,+15.648, +7.567,+0.905
1632120960,+3.12,+15.648, +7.561,+0.905
1632121560,+3.12,+15.665, +7.549,+0.905
1632122160,+3.12,+15.665, +7.540,+0.905
1632122760,+3.12,+15.648, +7.557,+0.905
1632123360,+3.12,+15.682, +7.552,+0.905
1632123960,+3.12,+15.657, +7.555,+0.905
1632124560,+3.12,+15.657, +7.554,+0.905
1632125160,+3.12,+15.648, +7.555,+0.905
1632125760,+3.12,+15.631, +7.554,+0.905
