7450-585180
OS REV: 1.04 Sensor Cal: 1557947487
Time (sec),  BV (Volts),  T (deg C),  DO (mg/l),  Q ()
1626210360,+3.16,+22.039, +8.236,+0.910
1626210960,+3.16,+22.056, +8.247,+0.911
1626211560,+3.16,+22.090, +8.239,+0.911
1626212160,+3.16,+22.064, +8.192,+0.910
1626212760,+3.16,+22.081, +8.209,+0.911
1626213360,+3.16,+22.123, +8.185,+0.911
1626213960,+3.17,+22.215, +8.178,+0.911
1626214560,+3.17,+22.332, +8.167,+0.911
1626215160,+3.17,+22.390, +8.149,+0.911
1626215760,+3.17,+22.441, +8.129,+0.910
1626216360,+3.17,+22.482, +8.155,+0.911
1626216960,+3.17,+22.474, +8.148,+0.911
1626217560,+3.17,+22.549, +8.112,+0.911
1626218160,+3.17,+22.474, +8.156,+0.910
1626218760,+3.17,+22.457, +8.156,+0.911
1626219360,+3.17,+22.566, +8.111,+0.911
1626219960,+3.17,+22.608, +8.072,+0.910
1626220560,+3.17,+22.591, +8.057,+0.911
1626221160,+3.17,+22.599, +8.061,+0.911
1626221760,+3.17,+22.574, +8.063,+0.911
1626222360,+3.17,+22.516, +8.047,+0.910
1626222960,+3.17,+22.516, +8.053,+0.910
1626223560,+3.17,+22.499, +8.066,+0.911
1626224160,+3.17,+22.499, +8.042,+0.911
1626224760,+3.17,+22.474, +8.037,+0.910
1626225360,+3.17,+22.491, +8.041,+0.911
1626225960,+3.17,+22.474, +8.040,+0.911
1626226560,+3.17,+22.432, +8.074,+0.910
1626227160,+3.17,+22.399, +8.109,+0.911
1626227760,+3.17,+22.399, +8.132,+0.911
1626228360,+3.17,+22.374, +8.122,+0.911
1626228960,+3.17,+22.374, +8.127,+0.911
1626229560,+3.17,+22.357, +8.097,+0.910
1626230160,+3.17,+22.357, +8.102,+0.911
1626230760,+3.17,+22.324, +8.100,+0.911
1626231360,+3.17,+22.315, +8.109,+0.911
1626231960,+3.17,+22.307, +8.083,+0.911
1626232560,+3.17,+22.257, +8.083,+0.910
1626233160,+3.17,+22.282, +8.086,+0.910
1626233760,+3.17,+22.240, +8.088,+0.911
1626234360,+3.17,+22.257, +8.093,+0.911
1626234960,+3.17,+22.240, +8.100,+0.911
1626235560,+3.17,+22.257, +8.082,+0.911
1626236160,+3.17,+22.240, +8.055,+0.911
1626236760,+3.17,+22.257, +8.050,+0.911
1626237360,+3.17,+22.257, +8.053,+0.911
1626237960,+3.17,+22.265, +8.051,+0.910
1626238560,+3.17,+22.248, +8.059,+0.911
1626239160,+3.17,+22.248, +8.046,+0.911
1626239760,+3.17,+22.257, +8.039,+0.911
1626240360,+3.17,+22.240, +8.041,+0.911
1626240960,+3.17,+22.215, +8.061,+0.912
1626241560,+3.16,+22.198, +8.062,+0.911
1626242160,+3.16,+22.190, +8.051,+0.911
1626242760,+3.16,+22.156, +8.054,+0.911
1626243360,+3.16,+22.140, +8.049,+0.910
1626243960,+3.16,+22.131, +8.047,+0.911
1626244560,+3.16,+22.148, +8.035,+0.910
1626245160,+3.16,+22.098, +8.061,+0.911
1626245760,+3.16,+22.106, +8.061,+0.911
1626246360,+3.16,+22.106, +8.040,+0.910
1626246960,+3.16,+22.081, +8.034,+0.911
1626247560,+3.16,+22.090, +8.046,+0.911
1626248160,+3.16,+22.081, +8.049,+0.911
1626248760,+3.16,+22.056, +8.056,+0.911
1626249360,+3.16,+22.031, +8.047,+0.910
1626249960,+3.16,+22.031, +8.065,+0.911
1626250560,+3.16,+22.023, +8.061,+0.910
1626251160,+3.16,+22.031, +8.069,+0.911
1626251760,+3.16,+21.998, +8.068,+0.911
1626252360,+3.16,+21.989, +8.087,+0.911
1626252960,+3.16,+21.981, +8.084,+0.910
1626253560,+3.16,+21.956, +8.078,+0.911
1626254160,+3.16,+21.947, +8.075,+0.910
1626254760,+3.16,+21.922, +8.092,+0.911
1626255360,+3.16,+21.881, +8.084,+0.911
1626255960,+3.16,+21.881, +8.079,+0.911
1626256560,+3.16,+21.864, +8.090,+0.910
1626257160,+3.16,+21.847, +8.082,+0.910
1626257760,+3.16,+21.805, +8.078,+0.911
1626258360,+3.16,+21.789, +8.104,+0.911
1626258960,+3.16,+21.772, +8.093,+0.910
1626259560,+3.16,+21.747, +8.090,+0.910
1626260160,+3.16,+21.730, +8.083,+0.910
1626260760,+3.16,+21.697, +8.098,+0.911
1626261360,+3.16,+21.672, +8.087,+0.910
1626261960,+3.16,+21.663, +8.102,+0.911
1626262560,+3.16,+21.630, +8.090,+0.910
1626263160,+3.16,+21.621, +8.091,+0.910
1626263760,+3.16,+21.613, +8.113,+0.910
1626264360,+3.17,+21.605, +8.087,+0.910
1626264960,+3.17,+21.596, +8.090,+0.910
1626265560,+3.17,+21.538, +8.095,+0.911
1626266160,+3.17,+21.530, +8.126,+0.911
1626266760,+3.17,+21.496, +8.119,+0.911
1626267360,+3.17,+21.488, +8.099,+0.910
1626267960,+3.17,+21.471, +8.113,+0.910
1626268560,+3.17,+21.454, +8.099,+0.911
1626269160,+3.17,+21.446, +8.102,+0.911
1626269760,+3.17,+21.438, +8.118,+0.910
1626270360,+3.17,+21.429, +8.141,+0.910
1626270960,+3.17,+21.413, +8.146,+0.910
1626271560,+3.17,+21.396, +8.159,+0.911
1626272160,+3.17,+21.404, +8.166,+0.911
1626272760,+3.17,+21.396, +8.165,+0.910
1626273360,+3.17,+21.396, +8.170,+0.910
1626273960,+3.17,+21.387, +8.156,+0.910
1626274560,+3.17,+21.379, +8.166,+0.910
1626275160,+3.17,+21.404, +8.148,+0.910
1626275760,+3.17,+21.387, +8.151,+0.910
1626276360,+3.17,+21.421, +8.147,+0.910
1626276960,+3.17,+21.421, +8.133,+0.910
1626277560,+3.17,+21.446, +8.145,+0.910
1626278160,+3.17,+21.446, +8.156,+0.911
1626278760,+3.17,+21.471, +8.150,+0.910
1626279360,+3.17,+21.463, +8.161,+0.910
1626279960,+3.17,+21.463, +8.158,+0.910
1626280560,+3.17,+21.479, +8.170,+0.910
1626281160,+3.17,+21.504, +8.174,+0.911
1626281760,+3.17,+21.513, +8.154,+0.910
1626282360,+3.17,+21.530, +8.156,+0.910
1626282960,+3.16,+21.555, +8.168,+0.911
1626283560,+3.16,+21.571, +8.162,+0.911
1626284160,+3.16,+21.613, +8.135,+0.910
1626284760,+3.16,+21.621, +8.160,+0.911
1626285360,+3.16,+21.638, +8.142,+0.910
1626285960,+3.16,+21.655, +8.149,+0.911
1626286560,+3.16,+21.688, +8.143,+0.910
1626287160,+3.16,+21.713, +8.147,+0.911
1626287760,+3.16,+21.738, +8.151,+0.911
1626288360,+3.16,+21.772, +8.141,+0.910
1626288960,+3.16,+21.780, +8.139,+0.910
1626289560,+3.16,+21.822, +8.142,+0.911
1626290160,+3.16,+21.847, +8.141,+0.910
1626290760,+3.16,+21.830, +8.152,+0.911
1626291360,+3.16,+21.847, +8.140,+0.910
1626291960,+3.16,+21.830, +8.149,+0.910
1626292560,+3.16,+21.839, +8.148,+0.911
1626293160,+3.16,+21.847, +8.144,+0.910
1626293760,+3.16,+21.847, +8.117,+0.910
1626294360,+3.16,+21.855, +8.148,+0.911
1626294960,+3.16,+21.897, +8.122,+0.911
1626295560,+3.16,+21.931, +8.118,+0.910
1626296160,+3.16,+21.947, +8.134,+0.911
1626296760,+3.16,+22.023, +8.123,+0.911
