7450-585180
OS REV: 1.04 Sensor Cal: 1557947487
Time (sec),  BV (Volts),  T (deg C),  DO (mg/l),  Q ()
1629342360,+3.14,+20.074, +5.339,+0.894
1629342960,+3.14,+20.074, +5.196,+0.896
1629343560,+3.14,+20.049, +5.189,+0.895
1629344160,+3.14,+20.074, +5.063,+0.894
1629344760,+3.14,+20.058, +4.974,+0.894
1629345360,+3.14,+20.024, +5.046,+0.893
1629345960,+3.14,+20.024, +4.853,+0.893
1629346560,+3.14,+20.016, +4.839,+0.890
1629347160,+3.14,+20.024, +4.774,+0.891
1629347760,+3.13,+20.024, +5.145,+0.892
1629348360,+3.13,+20.007, +4.842,+0.890
1629348960,+3.14,+20.007, +4.718,+0.889
1629349560,+3.13,+19.991, +4.681,+0.889
1629350160,+3.13,+19.999, +4.580,+0.889
1629350760,+3.13,+19.982, +4.896,+0.890
1629351360,+3.13,+19.974, +4.839,+0.893
1629351960,+3.13,+19.982, +4.717,+0.893
1629352560,+3.13,+19.982, +4.919,+0.894
1629353160,+3.13,+19.974, +5.155,+0.895
1629353760,+3.13,+19.966, +5.430,+0.896
1629354360,+3.13,+19.949, +5.585,+0.897
1629354960,+3.13,+19.966, +5.736,+0.898
1629355560,+3.13,+19.957, +5.547,+0.897
1629356160,+3.13,+19.915, +5.664,+0.897
1629356760,+3.13,+19.966, +5.735,+0.897
1629357360,+3.13,+19.899, +5.739,+0.897
1629357960,+3.13,+19.915, +5.892,+0.897
1629358560,+3.13,+19.907, +6.064,+0.897
1629359160,+3.13,+19.924, +5.963,+0.896
1629359760,+3.13,+19.899, +6.354,+0.897
1629360360,+3.13,+19.907, +6.262,+0.897
1629360960,+3.13,+19.873, +6.024,+0.897
1629361560,+3.13,+19.907, +6.165,+0.897
1629362160,+3.13,+19.882, +6.252,+0.899
1629362760,+3.13,+19.865, +6.054,+0.898
1629363360,+3.13,+19.882, +6.119,+0.898
1629363960,+3.13,+19.857, +5.959,+0.897
1629364560,+3.13,+19.857, +5.861,+0.897
1629365160,+3.13,+19.848, +6.149,+0.897
1629365760,+3.13,+19.832, +6.150,+0.897
1629366360,+3.13,+19.840, +6.092,+0.898
1629366960,+3.13,+19.840, +6.154,+0.898
1629367560,+3.13,+19.823, +6.415,+0.898
1629368160,+3.13,+19.823, +6.365,+0.898
1629368760,+3.13,+19.806, +6.315,+0.898
1629369360,+3.13,+19.815, +6.060,+0.896
1629369960,+3.13,+19.790, +6.099,+0.896
1629370560,+3.13,+19.790, +6.154,+0.896
1629371160,+3.13,+19.790, +6.118,+0.896
1629371760,+3.13,+19.765, +5.994,+0.895
1629372360,+3.13,+19.748, +6.064,+0.895
1629372960,+3.13,+19.748, +6.013,+0.896
1629373560,+3.13,+19.731, +5.878,+0.895
1629374160,+3.13,+19.731, +6.086,+0.895
1629374760,+3.13,+19.739, +5.993,+0.895
1629375360,+3.13,+19.714, +5.879,+0.895
1629375960,+3.13,+19.723, +6.081,+0.895
1629376560,+3.13,+19.698, +6.224,+0.896
1629377160,+3.14,+19.681, +6.294,+0.896
1629377760,+3.14,+19.698, +6.250,+0.897
1629378360,+3.14,+19.681, +6.194,+0.896
1629378960,+3.14,+19.672, +6.410,+0.897
1629379560,+3.14,+19.656, +6.255,+0.897
1629380160,+3.14,+19.664, +6.143,+0.897
1629380760,+3.14,+19.656, +6.174,+0.899
1629381360,+3.14,+19.639, +6.104,+0.900
1629381960,+3.14,+19.656, +5.982,+0.899
1629382560,+3.14,+19.647, +6.259,+0.900
1629383160,+3.14,+19.622, +6.307,+0.901
1629383760,+3.14,+19.630, +6.491,+0.901
1629384360,+3.14,+19.647, +6.221,+0.902
1629384960,+3.14,+19.639, +6.198,+0.902
1629385560,+3.14,+19.647, +6.295,+0.902
1629386160,+3.14,+19.647, +6.307,+0.902
1629386760,+3.14,+19.639, +6.344,+0.902
1629387360,+3.14,+19.656, +6.294,+0.903
1629387960,+3.14,+19.639, +6.220,+0.903
1629388560,+3.14,+19.630, +6.148,+0.903
1629389160,+3.14,+19.639, +6.379,+0.903
1629389760,+3.14,+19.614, +6.410,+0.903
1629390360,+3.14,+19.639, +6.396,+0.902
1629390960,+3.14,+19.664, +6.331,+0.903
1629391560,+3.13,+19.672, +6.538,+0.903
1629392160,+3.13,+19.664, +6.680,+0.904
1629392760,+3.13,+19.681, +6.671,+0.904
1629393360,+3.14,+19.706, +6.707,+0.904
1629393960,+3.13,+19.714, +6.689,+0.904
1629394560,+3.13,+19.706, +6.660,+0.905
1629395160,+3.13,+19.714, +6.551,+0.904
1629395760,+3.13,+19.723, +6.701,+0.904
1629396360,+3.13,+19.748, +7.022,+0.905
1629396960,+3.13,+19.781, +7.312,+0.905
1629397560,+3.13,+19.806, +7.373,+0.905
1629398160,+3.13,+19.806, +7.397,+0.905
1629398760,+3.13,+19.840, +7.421,+0.905
1629399360,+3.13,+19.848, +7.421,+0.905
1629399960,+3.13,+19.865, +7.454,+0.905
1629400560,+3.13,+19.857, +7.472,+0.905
1629401160,+3.13,+19.848, +7.464,+0.906
1629401760,+3.13,+19.848, +7.469,+0.905
1629402360,+3.13,+19.840, +7.431,+0.906
1629402960,+3.13,+19.857, +7.457,+0.906
1629403560,+3.13,+19.882, +7.364,+0.906
1629404160,+3.13,+19.890, +7.382,+0.906
1629404760,+3.13,+19.915, +7.358,+0.905
1629405360,+3.13,+19.924, +7.332,+0.905
1629405960,+3.13,+19.924, +7.250,+0.906
1629406560,+3.13,+19.924, +7.259,+0.905
1629407160,+3.13,+19.949, +7.274,+0.905
1629407760,+3.13,+19.957, +7.231,+0.906
1629408360,+3.13,+19.982, +7.255,+0.905
1629408960,+3.13,+19.974, +7.306,+0.906
1629409560,+3.13,+19.991, +7.327,+0.906
1629410160,+3.13,+19.991, +7.312,+0.906
1629410760,+3.13,+19.999, +7.288,+0.906
1629411360,+3.13,+19.999, +7.297,+0.905
1629411960,+3.13,+20.007, +7.350,+0.905
1629412560,+3.13,+19.991, +7.338,+0.905
1629413160,+3.13,+19.999, +7.330,+0.905
1629413760,+3.13,+19.991, +7.374,+0.905
1629414360,+3.13,+19.991, +7.385,+0.906
1629414960,+3.13,+19.974, +7.348,+0.905
1629415560,+3.13,+20.007, +7.369,+0.905
1629416160,+3.13,+19.991, +7.339,+0.906
1629416760,+3.13,+19.991, +7.294,+0.906
1629417360,+3.13,+19.991, +7.276,+0.905
1629417960,+3.13,+20.016, +7.294,+0.905
1629418560,+3.13,+20.007, +7.305,+0.906
1629419160,+3.13,+19.982, +7.288,+0.905
1629419760,+3.13,+20.016, +7.268,+0.905
1629420360,+3.13,+20.016, +7.244,+0.905
1629420960,+3.13,+20.007, +7.290,+0.906
1629421560,+3.13,+19.999, +7.195,+0.905
1629422160,+3.13,+19.999, +7.120,+0.905
1629422760,+3.13,+19.966, +7.133,+0.905
1629423360,+3.13,+19.966, +7.091,+0.905
1629423960,+3.13,+19.982, +6.970,+0.904
1629424560,+3.13,+19.940, +6.910,+0.905
1629425160,+3.13,+19.932, +6.595,+0.904
1629425760,+3.14,+20.033, +6.829,+0.904
1629426360,+3.14,+20.033, +6.659,+0.904
1629426960,+3.14,+20.091, +6.845,+0.904
1629427560,+3.14,+20.083, +6.749,+0.905
1629428160,+3.14,+20.058, +6.591,+0.904
1629428760,+3.14,+20.049, +6.641,+0.905
