7450-585180
OS REV: 1.04 Sensor Cal: 1557947487
Time (sec),  BV (Volts),  T (deg C),  DO (mg/l),  Q ()
1623948360,+3.21,+16.773, +8.322,+0.912
1623948960,+3.21,+16.756, +8.352,+0.912
1623949560,+3.21,+16.756, +8.368,+0.913
1623950160,+3.21,+16.799, +8.340,+0.912
1623950760,+3.21,+16.739, +8.376,+0.912
1623951360,+3.21,+16.748, +8.372,+0.913
1623951960,+3.21,+16.807, +8.350,+0.912
1623952560,+3.21,+16.773, +8.387,+0.913
1623953160,+3.21,+16.756, +8.410,+0.913
1623953760,+3.21,+16.773, +8.425,+0.912
1623954360,+3.21,+16.807, +8.433,+0.913
1623954960,+3.21,+16.833, +8.435,+0.913
1623955560,+3.21,+16.909, +8.411,+0.912
1623956160,+3.21,+17.019, +8.388,+0.913
1623956760,+3.21,+17.147, +8.356,+0.913
1623957360,+3.21,+17.197, +8.375,+0.913
1623957960,+3.21,+17.282, +8.334,+0.913
1623958560,+3.21,+17.299, +8.344,+0.913
1623959160,+3.21,+17.367, +8.340,+0.913
1623959760,+3.21,+17.358, +8.342,+0.913
1623960360,+3.21,+17.384, +8.335,+0.913
1623960960,+3.21,+17.409, +8.336,+0.913
1623961560,+3.21,+17.426, +8.336,+0.913
1623962160,+3.21,+17.451, +8.325,+0.912
1623962760,+3.21,+17.451, +8.336,+0.913
1623963360,+3.21,+17.468, +8.342,+0.913
1623963960,+3.21,+17.485, +8.328,+0.912
1623964560,+3.21,+17.468, +8.344,+0.913
1623965160,+3.21,+17.477, +8.346,+0.912
1623965760,+3.21,+17.502, +8.344,+0.913
1623966360,+3.21,+17.527, +8.341,+0.912
1623966960,+3.21,+17.527, +8.347,+0.913
1623967560,+3.21,+17.553, +8.345,+0.913
1623968160,+3.21,+17.570, +8.352,+0.913
1623968760,+3.21,+17.570, +8.339,+0.912
1623969360,+3.21,+17.620, +8.330,+0.912
1623969960,+3.21,+17.595, +8.346,+0.912
1623970560,+3.21,+17.612, +8.340,+0.912
1623971160,+3.21,+17.654, +8.336,+0.913
1623971760,+3.21,+17.671, +8.322,+0.912
1623972360,+3.21,+17.663, +8.332,+0.913
1623972960,+3.21,+17.663, +8.323,+0.912
1623973560,+3.21,+17.646, +8.320,+0.912
1623974160,+3.21,+17.654, +8.334,+0.913
1623974760,+3.21,+17.620, +8.314,+0.912
1623975360,+3.21,+17.637, +8.319,+0.912
1623975960,+3.21,+17.663, +8.327,+0.913
1623976560,+3.21,+17.688, +8.322,+0.913
1623977160,+3.21,+17.705, +8.330,+0.913
1623977760,+3.21,+17.739, +8.302,+0.912
1623978360,+3.21,+17.705, +8.318,+0.912
1623978960,+3.21,+17.713, +8.312,+0.912
1623979560,+3.21,+17.696, +8.327,+0.912
1623980160,+3.21,+17.722, +8.320,+0.912
1623980760,+3.21,+17.696, +8.315,+0.913
1623981360,+3.21,+17.696, +8.317,+0.913
1623981960,+3.21,+17.688, +8.320,+0.913
1623982560,+3.21,+17.671, +8.301,+0.913
1623983160,+3.21,+17.654, +8.294,+0.912
1623983760,+3.21,+17.646, +8.316,+0.913
1623984360,+3.21,+17.637, +8.305,+0.912
1623984960,+3.21,+17.620, +8.311,+0.913
1623985560,+3.21,+17.663, +8.310,+0.913
1623986160,+3.21,+17.764, +8.299,+0.912
1623986760,+3.21,+17.722, +8.301,+0.913
1623987360,+3.21,+17.713, +8.291,+0.912
1623987960,+3.21,+17.730, +8.298,+0.913
1623988560,+3.21,+17.722, +8.298,+0.912
1623989160,+3.21,+17.722, +8.290,+0.912
1623989760,+3.21,+17.688, +8.293,+0.913
1623990360,+3.21,+17.705, +8.290,+0.913
1623990960,+3.20,+17.764, +8.315,+0.913
1623991560,+3.20,+17.840, +8.301,+0.913
1623992160,+3.21,+17.924, +8.310,+0.912
1623992760,+3.21,+18.017, +8.336,+0.913
1623993360,+3.21,+18.042, +8.346,+0.913
1623993960,+3.21,+18.000, +8.335,+0.912
1623994560,+3.21,+18.051, +8.327,+0.912
1623995160,+3.21,+17.958, +8.333,+0.913
1623995760,+3.21,+17.916, +8.316,+0.913
1623996360,+3.21,+17.857, +8.312,+0.912
1623996960,+3.20,+17.848, +8.321,+0.912
1623997560,+3.21,+17.823, +8.308,+0.913
1623998160,+3.21,+17.798, +8.302,+0.912
1623998760,+3.20,+17.764, +8.308,+0.913
1623999360,+3.21,+17.722, +8.295,+0.912
1623999960,+3.21,+17.679, +8.297,+0.912
1624000560,+3.21,+17.671, +8.293,+0.912
1624001160,+3.21,+17.620, +8.299,+0.913
1624001760,+3.21,+17.620, +8.275,+0.912
1624002360,+3.21,+17.612, +8.283,+0.912
1624002960,+3.21,+17.578, +8.277,+0.912
1624003560,+3.21,+17.536, +8.279,+0.912
1624004160,+3.21,+17.527, +8.297,+0.913
1624004760,+3.21,+17.527, +8.295,+0.913
1624005360,+3.21,+17.477, +8.304,+0.912
1624005960,+3.21,+17.443, +8.295,+0.913
1624006560,+3.21,+17.426, +8.279,+0.912
1624007160,+3.21,+17.401, +8.290,+0.913
1624007760,+3.21,+17.367, +8.290,+0.912
1624008360,+3.21,+17.367, +8.294,+0.913
1624008960,+3.21,+17.324, +8.279,+0.912
1624009560,+3.21,+17.324, +8.292,+0.913
1624010160,+3.21,+17.299, +8.284,+0.912
1624010760,+3.21,+17.274, +8.280,+0.912
1624011360,+3.21,+17.265, +8.273,+0.912
1624011960,+3.21,+17.265, +8.267,+0.912
1624012560,+3.21,+17.206, +8.277,+0.913
1624013160,+3.21,+17.197, +8.274,+0.912
1624013760,+3.21,+17.172, +8.277,+0.913
1624014360,+3.21,+17.172, +8.269,+0.912
1624014960,+3.21,+17.130, +8.276,+0.912
1624015560,+3.21,+17.121, +8.274,+0.912
1624016160,+3.21,+17.096, +8.272,+0.912
1624016760,+3.21,+17.087, +8.277,+0.912
1624017360,+3.21,+17.045, +8.289,+0.913
1624017960,+3.21,+17.019, +8.295,+0.912
1624018560,+3.21,+17.011, +8.288,+0.912
1624019160,+3.21,+16.994, +8.301,+0.912
1624019760,+3.21,+16.977, +8.321,+0.912
1624020360,+3.21,+16.943, +8.315,+0.912
1624020960,+3.21,+16.926, +8.337,+0.912
1624021560,+3.21,+16.892, +8.359,+0.913
1624022160,+3.21,+16.858, +8.370,+0.913
1624022760,+3.21,+16.850, +8.345,+0.912
1624023360,+3.21,+16.841, +8.356,+0.912
1624023960,+3.21,+16.807, +8.330,+0.912
1624024560,+3.21,+16.867, +8.334,+0.912
1624025160,+3.21,+16.867, +8.327,+0.912
1624025760,+3.21,+16.909, +8.317,+0.911
1624026360,+3.21,+16.918, +8.320,+0.912
1624026960,+3.21,+16.943, +8.307,+0.912
1624027560,+3.21,+16.969, +8.311,+0.912
1624028160,+3.21,+16.986, +8.296,+0.912
1624028760,+3.21,+17.019, +8.288,+0.911
1624029360,+3.21,+17.019, +8.292,+0.912
1624029960,+3.21,+17.019, +8.300,+0.912
1624030560,+3.21,+17.053, +8.285,+0.912
1624031160,+3.21,+17.036, +8.291,+0.911
1624031760,+3.21,+17.036, +8.299,+0.912
1624032360,+3.21,+17.053, +8.303,+0.912
1624032960,+3.21,+17.045, +8.311,+0.912
1624033560,+3.21,+17.028, +8.340,+0.912
1624034160,+3.21,+17.019, +8.337,+0.912
1624034760,+3.21,+17.045, +8.298,+0.912
