7450-585180
OS REV: 1.04 Sensor Cal: 1557947487
Time (sec),  BV (Volts),  T (deg C),  DO (mg/l),  Q ()
1658538120,+3.05,+17.409, +7.652,+0.909
1658538720,+3.05,+17.460, +7.662,+0.909
1658539320,+3.05,+17.468, +7.637,+0.909
1658539920,+3.05,+17.451, +7.651,+0.909
1658540520,+3.05,+17.434, +7.651,+0.909
1658541120,+3.05,+17.443, +7.595,+0.909
1658541720,+3.05,+17.401, +7.532,+0.909
1658542320,+3.05,+17.367, +7.538,+0.909
1658542920,+3.05,+17.324, +7.536,+0.909
1658543520,+3.05,+17.240, +7.533,+0.909
1658544120,+3.05,+17.155, +7.482,+0.909
1658544720,+3.05,+17.104, +7.471,+0.909
1658545320,+3.05,+17.062, +7.425,+0.909
1658545920,+3.05,+17.062, +7.269,+0.909
1658546520,+3.05,+17.053, +7.166,+0.909
1658547120,+3.05,+16.986, +7.127,+0.909
1658547720,+3.05,+16.960, +7.078,+0.909
1658548320,+3.05,+16.926, +7.064,+0.909
1658548920,+3.05,+16.918, +6.972,+0.909
1658549520,+3.05,+16.892, +6.954,+0.909
1658550120,+3.05,+16.850, +6.945,+0.908
1658550720,+3.05,+16.833, +7.011,+0.909
1658551320,+3.05,+16.807, +6.990,+0.909
1658551920,+3.05,+16.799, +6.903,+0.909
1658552520,+3.05,+16.782, +6.949,+0.909
1658553120,+3.05,+16.773, +6.927,+0.909
1658553720,+3.05,+16.739, +6.932,+0.909
1658554320,+3.05,+16.739, +6.910,+0.909
1658554920,+3.05,+16.654, +6.988,+0.908
1658555520,+3.05,+16.620, +7.026,+0.909
1658556120,+3.05,+16.646, +6.975,+0.909
1658556720,+3.05,+16.603, +6.946,+0.909
1658557320,+3.05,+16.603, +6.933,+0.908
1658557920,+3.05,+16.484, +7.014,+0.909
1658558520,+3.05,+16.501, +6.986,+0.909
1658559120,+3.05,+16.493, +7.034,+0.909
1658559720,+3.05,+16.501, +7.049,+0.909
1658560320,+3.05,+16.467, +7.065,+0.909
1658560920,+3.05,+16.408, +7.074,+0.909
1658561520,+3.05,+16.416, +7.076,+0.909
1658562120,+3.05,+16.399, +7.041,+0.909
1658562720,+3.05,+16.365, +7.129,+0.909
1658563320,+3.05,+16.357, +7.094,+0.909
1658563920,+3.05,+16.314, +7.082,+0.909
1658564520,+3.05,+16.306, +7.049,+0.908
1658565120,+3.05,+16.306, +7.092,+0.909
1658565720,+3.05,+16.280, +7.032,+0.909
1658566320,+3.05,+16.272, +7.031,+0.909
1658566920,+3.05,+16.246, +7.016,+0.909
1658567520,+3.05,+16.195, +7.104,+0.909
1658568120,+3.05,+16.220, +7.050,+0.909
1658568720,+3.05,+16.203, +7.104,+0.909
1658569320,+3.05,+16.195, +7.057,+0.909
1658569920,+3.05,+16.203, +7.064,+0.909
1658570520,+3.05,+16.212, +7.008,+0.909
1658571120,+3.05,+16.212, +6.991,+0.909
1658571720,+3.05,+16.195, +7.012,+0.909
1658572320,+3.05,+16.186, +6.969,+0.909
1658572920,+3.05,+16.178, +7.065,+0.909
1658573520,+3.05,+16.118, +6.999,+0.908
1658574120,+3.05,+16.092, +7.013,+0.908
1658574720,+3.05,+16.084, +7.079,+0.909
1658575320,+3.05,+16.050, +7.080,+0.909
1658575920,+3.05,+16.058, +7.056,+0.908
1658576520,+3.05,+15.999, +6.939,+0.909
1658577120,+3.05,+15.999, +6.836,+0.908
1658577720,+3.05,+16.007, +6.921,+0.909
1658578320,+3.05,+15.982, +7.042,+0.908
1658578920,+3.05,+15.982, +7.096,+0.909
1658579520,+3.05,+15.973, +7.166,+0.908
1658580120,+3.05,+15.947, +6.724,+0.907
1658580720,+3.05,+16.016, +6.795,+0.908
1658581320,+3.05,+15.990, +7.300,+0.909
1658581920,+3.05,+16.075, +7.461,+0.909
1658582520,+3.05,+16.110, +7.167,+0.908
1658583120,+3.05,+16.220, +7.578,+0.909
1658583720,+3.05,+16.263, +8.022,+0.909
1658584320,+3.05,+16.348, +8.156,+0.910
1658584920,+3.05,+16.433, +8.475,+0.910
1658585520,+3.05,+16.518, +8.440,+0.910
1658586120,+3.05,+16.578, +7.970,+0.909
1658586720,+3.05,+16.688, +7.558,+0.909
1658587320,+3.05,+16.731, +8.147,+0.909
1658587920,+3.05,+16.799, +8.179,+0.910
1658588520,+3.05,+16.884, +8.158,+0.909
1658589120,+3.05,+16.901, +8.122,+0.909
1658589720,+3.05,+16.943, +8.063,+0.909
1658590320,+3.05,+17.002, +8.029,+0.909
1658590920,+3.05,+17.079, +8.080,+0.909
1658591520,+3.05,+17.155, +8.044,+0.910
1658592120,+3.05,+17.231, +8.006,+0.910
1658592720,+3.05,+17.333, +7.975,+0.910
1658593320,+3.05,+17.494, +8.020,+0.910
1658593920,+3.05,+17.409, +8.046,+0.910
1658594520,+3.05,+17.401, +8.037,+0.909
1658595120,+3.05,+17.392, +7.988,+0.909
1658595720,+3.05,+17.307, +7.992,+0.909
1658596320,+3.05,+17.375, +8.002,+0.909
1658596920,+3.05,+17.367, +8.013,+0.910
1658597520,+3.05,+17.451, +8.041,+0.909
1658598120,+3.05,+17.502, +7.956,+0.909
1658598720,+3.05,+17.570, +7.981,+0.909
1658599320,+3.05,+17.730, +8.032,+0.910
1658599920,+3.05,+17.857, +7.879,+0.909
1658600520,+3.05,+17.907, +7.662,+0.909
1658601120,+3.05,+17.857, +7.678,+0.909
1658601720,+3.05,+18.076, +7.785,+0.909
1658602320,+3.05,+18.152, +7.975,+0.909
1658602920,+3.05,+18.245, +8.007,+0.909
1658603520,+3.05,+18.354, +8.020,+0.909
1658604120,+3.05,+18.177, +8.189,+0.909
1658604720,+3.05,+18.101, +8.144,+0.908
1658605320,+3.04,+17.857, +7.998,+0.908
1658605920,+3.05,+18.017, +8.038,+0.909
1658606520,+3.05,+18.228, +8.054,+0.909
1658607120,+3.05,+18.253, +7.830,+0.908
1658607720,+3.05,+18.261, +7.870,+0.908
1658608320,+3.05,+18.118, +7.918,+0.908
1658608920,+3.05,+18.135, +7.928,+0.909
1658609520,+3.05,+18.278, +7.990,+0.908
1658610120,+3.05,+18.320, +7.931,+0.908
1658610720,+3.05,+18.270, +7.904,+0.909
1658611320,+3.05,+18.590, +7.799,+0.909
1658611920,+3.05,+18.489, +7.794,+0.908
1658612520,+3.05,+18.404, +7.808,+0.909
1658613120,+3.04,+18.741, +7.974,+0.909
1658613720,+3.05,+18.615, +8.008,+0.908
1658614320,+3.05,+18.539, +8.017,+0.909
1658614920,+3.04,+18.615, +8.051,+0.909
1658615520,+3.04,+18.623, +7.953,+0.909
1658616120,+3.04,+18.674, +7.899,+0.909
1658616720,+3.05,+19.337, +8.048,+0.909
1658617320,+3.05,+19.387, +7.949,+0.909
1658617920,+3.05,+19.413, +7.928,+0.909
1658618520,+3.05,+19.161, +7.946,+0.909
1658619120,+3.04,+18.741, +7.874,+0.909
1658619720,+3.04,+18.783, +7.863,+0.909
1658620320,+3.04,+18.648, +7.843,+0.910
1658620920,+3.05,+18.505, +7.776,+0.909
1658621520,+3.05,+18.472, +7.801,+0.910
1658622120,+3.05,+18.421, +7.794,+0.909
1658622720,+3.05,+18.388, +7.773,+0.909
1658623320,+3.05,+18.303, +7.759,+0.910
1658623920,+3.05,+18.228, +7.693,+0.910
1658624520,+3.05,+18.127, +7.678,+0.910
