7450-585180
OS REV: 1.04 Sensor Cal: 1557947487
Time (sec),  BV (Volts),  T (deg C),  DO (mg/l),  Q ()
1663497120,+3.02,+13.931, +6.998,+0.904
1663497720,+3.02,+13.940, +7.027,+0.904
1663498320,+3.02,+13.923, +7.055,+0.904
1663498920,+3.02,+13.931, +7.036,+0.905
1663499520,+3.02,+13.914, +7.031,+0.904
1663500120,+3.02,+13.931, +7.017,+0.904
1663500720,+3.02,+13.888, +7.003,+0.904
1663501320,+3.02,+13.853, +6.986,+0.904
1663501920,+3.02,+13.853, +6.965,+0.904
1663502520,+3.02,+13.836, +6.938,+0.904
1663503120,+3.02,+13.862, +6.904,+0.905
1663503720,+3.02,+13.853, +6.919,+0.904
1663504320,+3.02,+13.836, +6.863,+0.904
1663504920,+3.02,+13.836, +6.880,+0.904
1663505520,+3.02,+13.836, +6.863,+0.904
1663506120,+3.02,+13.818, +6.844,+0.904
1663506720,+3.02,+13.836, +6.793,+0.904
1663507320,+3.02,+13.827, +6.803,+0.904
1663507920,+3.02,+13.818, +6.841,+0.905
1663508520,+3.02,+13.810, +6.892,+0.904
1663509120,+3.02,+13.827, +6.938,+0.904
1663509720,+3.02,+13.818, +6.952,+0.904
1663510320,+3.02,+13.818, +7.003,+0.904
1663510920,+3.02,+13.827, +7.109,+0.904
1663511520,+3.02,+13.897, +7.101,+0.904
1663512120,+3.02,+13.914, +7.163,+0.905
1663512720,+3.02,+13.966, +7.330,+0.905
1663513320,+3.02,+14.044, +7.516,+0.904
1663513920,+3.02,+14.149, +7.629,+0.904
1663514520,+3.02,+14.123, +7.692,+0.904
1663515120,+3.02,+14.166, +7.781,+0.904
1663515720,+3.02,+14.227, +7.858,+0.904
1663516320,+3.02,+14.201, +7.820,+0.904
1663516920,+3.02,+14.157, +7.789,+0.904
1663517520,+3.02,+14.192, +7.919,+0.904
1663518120,+3.02,+14.209, +7.936,+0.904
1663518720,+3.02,+14.244, +7.926,+0.904
1663519320,+3.02,+14.322, +7.945,+0.904
1663519920,+3.02,+14.400, +8.020,+0.904
1663520520,+3.02,+14.409, +7.998,+0.904
1663521120,+3.02,+14.357, +7.959,+0.904
1663521720,+3.02,+14.417, +8.012,+0.904
1663522320,+3.02,+14.512, +8.079,+0.904
1663522920,+3.02,+14.547, +8.087,+0.904
1663523520,+3.02,+14.685, +8.132,+0.904
1663524120,+3.02,+14.728, +8.048,+0.904
1663524720,+3.02,+14.772, +8.111,+0.904
1663525320,+3.02,+14.849, +8.223,+0.904
1663525920,+3.02,+14.918, +8.243,+0.904
1663526520,+3.02,+14.841, +8.312,+0.904
1663527120,+3.02,+14.832, +8.289,+0.904
1663527720,+3.02,+14.772, +8.286,+0.904
1663528320,+3.02,+14.763, +8.292,+0.904
1663528920,+3.02,+14.746, +8.260,+0.904
1663529520,+3.02,+14.703, +8.220,+0.904
1663530120,+3.02,+14.633, +8.162,+0.904
1663530720,+3.02,+14.599, +8.113,+0.905
1663531320,+3.02,+14.582, +8.099,+0.905
1663531920,+3.02,+14.573, +8.044,+0.904
1663532520,+3.02,+14.556, +8.000,+0.905
1663533120,+3.02,+14.642, +8.136,+0.904
1663533720,+3.02,+14.927, +8.575,+0.905
1663534320,+3.02,+15.056, +8.496,+0.905
1663534920,+3.02,+15.039, +8.222,+0.904
1663535520,+3.02,+15.090, +8.225,+0.904
1663536120,+3.02,+15.004, +8.284,+0.904
1663536720,+3.02,+14.978, +8.297,+0.904
1663537320,+3.02,+14.858, +8.334,+0.904
1663537920,+3.02,+14.849, +8.321,+0.904
1663538520,+3.02,+14.780, +8.372,+0.904
1663539120,+3.02,+14.711, +8.378,+0.904
1663539720,+3.02,+14.694, +8.381,+0.904
1663540320,+3.02,+14.659, +8.400,+0.905
1663540920,+3.02,+14.703, +8.396,+0.904
1663541520,+3.02,+14.832, +8.455,+0.905
1663542120,+3.02,+14.935, +8.577,+0.905
1663542720,+3.02,+14.927, +8.487,+0.905
1663543320,+3.02,+14.875, +8.404,+0.905
1663543920,+3.02,+14.858, +8.388,+0.905
1663544520,+3.02,+14.866, +8.383,+0.905
1663545120,+3.02,+14.884, +8.355,+0.905
1663545720,+3.02,+14.806, +8.280,+0.905
1663546320,+3.02,+14.659, +8.344,+0.905
1663546920,+3.02,+14.590, +8.331,+0.905
1663547520,+3.02,+14.556, +8.299,+0.904
1663548120,+3.02,+14.616, +8.256,+0.904
1663548720,+3.02,+14.677, +8.217,+0.905
1663549320,+3.02,+14.720, +8.179,+0.905
1663549920,+3.02,+14.685, +8.180,+0.904
1663550520,+3.02,+14.694, +8.167,+0.904
1663551120,+3.02,+14.685, +8.138,+0.904
1663551720,+3.02,+14.677, +8.137,+0.905
1663552320,+3.02,+14.642, +8.101,+0.904
1663552920,+3.02,+14.582, +8.044,+0.905
1663553520,+3.02,+14.564, +7.943,+0.904
1663554120,+3.02,+14.538, +7.904,+0.904
1663554720,+3.02,+14.538, +7.858,+0.904
1663555320,+3.02,+14.547, +7.815,+0.904
1663555920,+3.02,+14.556, +7.772,+0.905
1663556520,+3.02,+14.538, +7.712,+0.904
1663557120,+3.02,+14.521, +7.645,+0.905
1663557720,+3.02,+14.521, +7.594,+0.904
1663558320,+3.02,+14.495, +7.570,+0.904
1663558920,+3.02,+14.478, +7.534,+0.904
1663559520,+3.02,+14.495, +7.508,+0.904
1663560120,+3.02,+14.495, +7.358,+0.904
1663560720,+3.02,+14.435, +7.277,+0.904
1663561320,+3.02,+14.409, +7.192,+0.904
1663561920,+3.02,+14.409, +7.087,+0.904
1663562520,+3.02,+14.374, +7.070,+0.904
1663563120,+3.02,+14.365, +6.954,+0.905
1663563720,+3.02,+14.357, +6.979,+0.904
1663564320,+3.02,+14.339, +6.899,+0.904
1663564920,+3.02,+14.331, +6.871,+0.904
1663565520,+3.02,+14.296, +6.781,+0.904
1663566120,+3.02,+14.279, +6.656,+0.904
1663566720,+3.02,+14.244, +6.584,+0.905
1663567320,+3.02,+14.218, +6.492,+0.904
1663567920,+3.02,+14.227, +6.492,+0.904
1663568520,+3.02,+14.201, +6.504,+0.904
1663569120,+3.02,+14.149, +6.547,+0.904
1663569720,+3.02,+14.149, +6.617,+0.904
1663570320,+3.02,+14.157, +6.671,+0.905
1663570920,+3.02,+14.149, +6.730,+0.905
1663571520,+3.02,+14.114, +6.766,+0.905
1663572120,+3.02,+14.062, +6.754,+0.904
1663572720,+3.02,+14.036, +6.769,+0.904
1663573320,+3.02,+14.010, +6.728,+0.904
1663573920,+3.02,+14.010, +6.655,+0.904
1663574520,+3.02,+14.018, +6.676,+0.904
1663575120,+3.02,+14.018, +6.710,+0.904
1663575720,+3.02,+14.044, +6.832,+0.904
1663576320,+3.02,+14.010, +6.898,+0.905
1663576920,+3.02,+13.957, +6.885,+0.905
1663577520,+3.02,+13.957, +6.770,+0.904
1663578120,+3.02,+13.957, +6.694,+0.904
1663578720,+3.02,+13.966, +6.587,+0.904
1663579320,+3.02,+13.992, +6.653,+0.904
1663579920,+3.02,+13.940, +6.743,+0.905
1663580520,+3.02,+13.914, +6.714,+0.904
1663581120,+3.02,+13.888, +6.717,+0.904
1663581720,+3.02,+13.853, +6.607,+0.904
1663582320,+3.02,+13.836, +6.457,+0.904
1663582920,+3.02,+13.879, +6.355,+0.904
1663583520,+3.02,+13.862, +6.429,+0.904
