7450-585180
OS REV: 1.04 Sensor Cal: 1557947487
Time (sec),  BV (Volts),  T (deg C),  DO (mg/l),  Q ()
1663062120,+3.02,+15.339, +6.626,+0.905
1663062720,+3.02,+15.331, +6.600,+0.905
1663063320,+3.02,+15.339, +6.571,+0.905
1663063920,+3.02,+15.314, +6.554,+0.905
1663064520,+3.02,+15.297, +6.541,+0.905
1663065120,+3.02,+15.297, +6.537,+0.905
1663065720,+3.02,+15.305, +6.583,+0.905
1663066320,+3.02,+15.322, +6.683,+0.905
1663066920,+3.02,+15.297, +6.725,+0.905
1663067520,+3.02,+15.297, +6.671,+0.905
1663068120,+3.02,+15.314, +6.584,+0.905
1663068720,+3.02,+15.297, +6.527,+0.904
1663069320,+3.02,+15.288, +6.484,+0.905
1663069920,+3.02,+15.262, +6.454,+0.905
1663070520,+3.02,+15.262, +6.474,+0.905
1663071120,+3.02,+15.262, +6.452,+0.905
1663071720,+3.02,+15.254, +6.478,+0.905
1663072320,+3.02,+15.262, +6.481,+0.905
1663072920,+3.02,+15.236, +6.520,+0.905
1663073520,+3.02,+15.228, +6.529,+0.905
1663074120,+3.02,+15.236, +6.525,+0.905
1663074720,+3.02,+15.236, +6.538,+0.905
1663075320,+3.02,+15.236, +6.565,+0.905
1663075920,+3.02,+15.211, +6.573,+0.905
1663076520,+3.02,+15.228, +6.542,+0.905
1663077120,+3.02,+15.228, +6.579,+0.905
1663077720,+3.02,+15.245, +6.563,+0.905
1663078320,+3.02,+15.245, +6.584,+0.905
1663078920,+3.02,+15.245, +6.571,+0.905
1663079520,+3.02,+15.236, +6.542,+0.905
1663080120,+3.02,+15.245, +6.556,+0.905
1663080720,+3.02,+15.228, +6.575,+0.905
1663081320,+3.02,+15.228, +6.610,+0.905
1663081920,+3.02,+15.245, +6.641,+0.905
1663082520,+3.02,+15.202, +6.700,+0.905
1663083120,+3.02,+15.202, +6.728,+0.905
1663083720,+3.02,+15.211, +6.725,+0.905
1663084320,+3.02,+15.211, +6.738,+0.905
1663084920,+3.02,+15.219, +6.791,+0.905
1663085520,+3.02,+15.219, +6.851,+0.905
1663086120,+3.02,+15.228, +6.880,+0.905
1663086720,+3.02,+15.211, +6.944,+0.905
1663087320,+3.02,+15.228, +7.037,+0.905
1663087920,+3.02,+15.288, +7.184,+0.905
1663088520,+3.02,+15.279, +7.370,+0.905
1663089120,+3.02,+15.262, +7.517,+0.905
1663089720,+3.02,+15.254, +7.555,+0.905
1663090320,+3.02,+15.271, +7.559,+0.904
1663090920,+3.02,+15.254, +7.573,+0.905
1663091520,+3.02,+15.288, +7.608,+0.905
1663092120,+3.02,+15.322, +7.656,+0.905
1663092720,+3.02,+15.314, +7.775,+0.905
1663093320,+3.02,+15.331, +7.741,+0.904
1663093920,+3.02,+15.314, +7.810,+0.905
1663094520,+3.02,+15.297, +7.845,+0.905
1663095120,+3.02,+15.279, +7.711,+0.905
1663095720,+3.02,+15.279, +7.658,+0.905
1663096320,+3.02,+15.254, +7.631,+0.905
1663096920,+3.02,+15.297, +7.662,+0.905
1663097520,+3.02,+15.297, +7.677,+0.905
1663098120,+3.02,+15.314, +7.687,+0.905
1663098720,+3.02,+15.305, +7.669,+0.905
1663099320,+3.02,+15.271, +7.658,+0.905
1663099920,+3.02,+15.262, +7.705,+0.904
1663100520,+3.02,+15.288, +7.736,+0.905
1663101120,+3.02,+15.305, +7.694,+0.905
1663101720,+3.02,+15.314, +7.739,+0.906
1663102320,+3.02,+15.417, +7.797,+0.905
1663102920,+3.02,+15.442, +8.015,+0.905
1663103520,+3.02,+15.417, +8.211,+0.905
1663104120,+3.02,+15.477, +8.249,+0.905
1663104720,+3.02,+15.442, +8.087,+0.904
1663105320,+3.02,+15.442, +7.984,+0.904
1663105920,+3.02,+15.477, +7.934,+0.904
1663106520,+3.02,+15.494, +7.954,+0.905
1663107120,+3.02,+15.511, +7.982,+0.904
1663107720,+3.02,+15.451, +7.943,+0.905
1663108320,+3.02,+15.442, +7.833,+0.905
1663108920,+3.02,+15.460, +7.843,+0.905
1663109520,+3.02,+15.460, +7.874,+0.905
1663110120,+3.02,+15.442, +7.918,+0.905
1663110720,+3.02,+15.477, +7.916,+0.905
1663111320,+3.02,+15.460, +8.004,+0.905
1663111920,+3.02,+15.460, +8.069,+0.905
1663112520,+3.02,+15.460, +8.125,+0.905
1663113120,+3.02,+15.468, +8.126,+0.904
1663113720,+3.02,+15.451, +8.039,+0.905
1663114320,+3.02,+15.468, +8.056,+0.905
1663114920,+3.02,+15.468, +8.046,+0.905
1663115520,+3.02,+15.451, +8.024,+0.905
1663116120,+3.02,+15.460, +7.978,+0.905
1663116720,+3.02,+15.417, +7.946,+0.905
1663117320,+3.02,+15.417, +7.949,+0.905
1663117920,+3.02,+15.408, +7.956,+0.905
1663118520,+3.02,+15.400, +7.916,+0.905
1663119120,+3.02,+15.382, +7.909,+0.905
1663119720,+3.02,+15.348, +7.897,+0.905
1663120320,+3.02,+15.357, +7.847,+0.906
1663120920,+3.02,+15.322, +7.768,+0.905
1663121520,+3.02,+15.297, +7.688,+0.906
1663122120,+3.02,+15.245, +7.588,+0.905
1663122720,+3.02,+15.211, +7.462,+0.905
1663123320,+3.02,+15.151, +7.360,+0.905
1663123920,+3.02,+15.125, +7.264,+0.905
1663124520,+3.02,+15.142, +7.240,+0.905
1663125120,+3.02,+15.133, +7.137,+0.905
1663125720,+3.02,+15.116, +7.072,+0.905
1663126320,+3.02,+15.142, +7.061,+0.905
1663126920,+3.02,+15.151, +7.070,+0.905
1663127520,+3.02,+15.142, +7.096,+0.905
1663128120,+3.02,+15.108, +7.105,+0.905
1663128720,+3.02,+15.116, +7.049,+0.905
1663129320,+3.02,+15.099, +7.040,+0.905
1663129920,+3.02,+15.082, +6.927,+0.905
1663130520,+3.02,+15.064, +6.908,+0.905
1663131120,+3.02,+15.073, +6.886,+0.905
1663131720,+3.02,+15.056, +6.886,+0.905
1663132320,+3.02,+15.030, +6.921,+0.905
1663132920,+3.02,+15.013, +6.891,+0.905
1663133520,+3.02,+15.047, +7.016,+0.905
1663134120,+3.02,+15.030, +7.021,+0.905
1663134720,+3.02,+15.013, +6.955,+0.905
1663135320,+3.02,+15.021, +6.944,+0.905
1663135920,+3.02,+15.013, +6.917,+0.905
1663136520,+3.02,+14.996, +6.862,+0.905
1663137120,+3.02,+15.004, +6.837,+0.905
1663137720,+3.02,+14.996, +6.825,+0.905
1663138320,+3.02,+14.987, +6.822,+0.905
1663138920,+3.02,+14.996, +6.846,+0.905
1663139520,+3.02,+14.996, +6.868,+0.905
1663140120,+3.02,+14.987, +6.865,+0.904
1663140720,+3.02,+14.996, +6.880,+0.905
1663141320,+3.02,+14.996, +6.935,+0.905
1663141920,+3.02,+15.004, +6.957,+0.904
1663142520,+3.02,+14.996, +6.995,+0.905
1663143120,+3.02,+14.987, +7.018,+0.905
1663143720,+3.02,+14.996, +7.035,+0.905
1663144320,+3.02,+14.996, +7.020,+0.905
1663144920,+3.02,+14.996, +7.008,+0.905
1663145520,+3.02,+14.987, +7.036,+0.905
1663146120,+3.02,+14.978, +7.040,+0.905
1663146720,+3.02,+14.961, +7.030,+0.905
1663147320,+3.02,+14.961, +7.006,+0.905
1663147920,+3.02,+14.970, +6.996,+0.905
1663148520,+3.02,+14.978, +6.968,+0.905
