7450-585180
OS REV: 1.04 Sensor Cal: 1557947487
Time (sec),  BV (Volts),  T (deg C),  DO (mg/l),  Q ()
1663671120,+3.02,+13.714, +7.019,+0.904
1663671720,+3.02,+13.688, +6.991,+0.904
1663672320,+3.02,+13.688, +6.942,+0.904
1663672920,+3.02,+13.679, +6.904,+0.904
1663673520,+3.02,+13.679, +6.888,+0.904
1663674120,+3.02,+13.653, +6.918,+0.904
1663674720,+3.02,+13.635, +6.912,+0.904
1663675320,+3.02,+13.626, +6.930,+0.905
1663675920,+3.02,+13.592, +6.934,+0.904
1663676520,+3.02,+13.592, +6.928,+0.904
1663677120,+3.02,+13.574, +6.918,+0.904
1663677720,+3.02,+13.548, +6.905,+0.904
1663678320,+3.02,+13.565, +6.919,+0.904
1663678920,+3.02,+13.539, +6.939,+0.904
1663679520,+3.02,+13.539, +6.920,+0.904
1663680120,+3.02,+13.504, +6.910,+0.904
1663680720,+3.02,+13.522, +6.887,+0.904
1663681320,+3.02,+13.522, +6.882,+0.904
1663681920,+3.02,+13.539, +6.894,+0.904
1663682520,+3.02,+13.548, +6.963,+0.904
1663683120,+3.02,+13.557, +7.056,+0.904
1663683720,+3.02,+13.557, +7.142,+0.904
1663684320,+3.02,+13.565, +7.208,+0.904
1663684920,+3.02,+13.557, +7.287,+0.904
1663685520,+3.02,+13.626, +7.444,+0.904
1663686120,+3.02,+13.801, +7.653,+0.905
1663686720,+3.02,+13.853, +7.806,+0.904
1663687320,+3.02,+13.870, +7.943,+0.904
1663687920,+3.02,+13.879, +7.928,+0.904
1663688520,+3.02,+13.940, +7.973,+0.904
1663689120,+3.02,+13.870, +7.945,+0.904
1663689720,+3.02,+13.923, +7.944,+0.904
1663690320,+3.02,+13.888, +7.852,+0.903
1663690920,+3.02,+13.940, +7.884,+0.904
1663691520,+3.02,+14.001, +7.914,+0.904
1663692120,+3.02,+14.044, +7.915,+0.904
1663692720,+3.02,+14.062, +7.924,+0.904
1663693320,+3.02,+14.105, +7.942,+0.904
1663693920,+3.02,+14.088, +7.878,+0.903
1663694520,+3.02,+14.123, +7.913,+0.903
1663695120,+3.02,+14.140, +7.945,+0.904
1663695720,+3.02,+14.088, +7.920,+0.904
1663696320,+3.02,+14.070, +7.884,+0.904
1663696920,+3.02,+14.097, +7.909,+0.904
1663697520,+3.02,+14.070, +7.879,+0.904
1663698120,+3.02,+14.027, +7.918,+0.904
1663698720,+3.02,+14.105, +7.996,+0.904
1663699320,+3.02,+14.201, +8.010,+0.903
1663699920,+3.02,+14.279, +8.014,+0.903
1663700520,+3.02,+14.201, +7.951,+0.904
1663701120,+3.02,+14.201, +8.011,+0.904
1663701720,+3.02,+14.218, +8.014,+0.904
1663702320,+3.02,+14.244, +8.047,+0.904
1663702920,+3.02,+14.339, +8.059,+0.904
1663703520,+3.02,+14.357, +8.086,+0.904
1663704120,+3.02,+14.409, +8.086,+0.904
1663704720,+3.02,+14.417, +8.104,+0.904
1663705320,+3.02,+14.426, +8.110,+0.904
1663705920,+3.02,+14.426, +8.086,+0.903
1663706520,+3.02,+14.435, +8.068,+0.904
1663707120,+3.02,+14.417, +8.075,+0.904
1663707720,+3.02,+14.435, +8.097,+0.904
1663708320,+3.02,+14.400, +8.092,+0.904
1663708920,+3.02,+14.391, +8.063,+0.904
1663709520,+3.02,+14.313, +8.041,+0.904
1663710120,+3.02,+14.279, +8.040,+0.904
1663710720,+3.02,+14.322, +8.057,+0.904
1663711320,+3.02,+14.331, +8.083,+0.904
1663711920,+3.02,+14.313, +8.011,+0.904
1663712520,+3.02,+14.253, +7.965,+0.904
1663713120,+3.02,+14.235, +7.930,+0.904
1663713720,+3.02,+14.227, +7.897,+0.904
1663714320,+3.02,+14.218, +7.856,+0.904
1663714920,+3.02,+14.201, +7.837,+0.904
1663715520,+3.02,+14.227, +7.838,+0.904
1663716120,+3.02,+14.218, +7.829,+0.904
1663716720,+3.02,+14.201, +7.816,+0.904
1663717320,+3.02,+14.157, +7.808,+0.904
1663717920,+3.02,+14.105, +7.797,+0.904
1663718520,+3.02,+14.123, +7.785,+0.905
1663719120,+3.02,+14.105, +7.767,+0.904
1663719720,+3.02,+14.062, +7.749,+0.904
1663720320,+3.02,+14.027, +7.719,+0.904
1663720920,+3.02,+14.001, +7.593,+0.904
1663721520,+3.02,+13.984, +7.506,+0.904
1663722120,+3.02,+13.949, +7.511,+0.904
1663722720,+3.02,+13.949, +7.460,+0.904
1663723320,+3.02,+13.940, +7.356,+0.904
1663723920,+3.02,+13.914, +7.318,+0.904
1663724520,+3.02,+13.897, +7.386,+0.904
1663725120,+3.02,+13.897, +7.471,+0.905
1663725720,+3.02,+13.897, +7.442,+0.904
1663726320,+3.02,+13.818, +7.183,+0.904
1663726920,+3.02,+13.757, +6.967,+0.904
1663727520,+3.02,+13.722, +6.961,+0.904
1663728120,+3.02,+13.766, +7.145,+0.905
1663728720,+3.02,+13.775, +7.395,+0.904
1663729320,+3.02,+13.757, +7.481,+0.904
1663729920,+3.02,+13.801, +7.578,+0.904
1663730520,+3.02,+13.783, +7.573,+0.904
1663731120,+3.02,+13.801, +7.623,+0.904
1663731720,+3.02,+13.740, +7.622,+0.905
1663732320,+3.02,+13.749, +7.658,+0.904
1663732920,+3.02,+13.749, +7.656,+0.904
1663733520,+3.02,+13.722, +7.618,+0.904
1663734120,+3.02,+13.696, +7.592,+0.904
1663734720,+3.02,+13.670, +7.608,+0.904
1663735320,+3.02,+13.644, +7.563,+0.904
1663735920,+3.02,+13.609, +7.604,+0.904
1663736520,+3.02,+13.609, +7.625,+0.904
1663737120,+3.02,+13.635, +7.651,+0.904
1663737720,+3.02,+13.600, +7.639,+0.904
1663738320,+3.02,+13.539, +7.628,+0.904
1663738920,+3.02,+13.522, +7.597,+0.904
1663739520,+3.02,+13.513, +7.576,+0.904
1663740120,+3.02,+13.513, +7.610,+0.904
1663740720,+3.02,+13.522, +7.612,+0.904
1663741320,+3.02,+13.495, +7.587,+0.904
1663741920,+3.02,+13.495, +7.589,+0.904
1663742520,+3.02,+13.469, +7.571,+0.904
1663743120,+3.02,+13.452, +7.568,+0.904
1663743720,+3.02,+13.461, +7.581,+0.905
1663744320,+3.02,+13.452, +7.576,+0.904
1663744920,+3.02,+13.426, +7.535,+0.904
1663745520,+3.02,+13.391, +7.564,+0.904
1663746120,+3.02,+13.373, +7.524,+0.904
1663746720,+3.02,+13.347, +7.506,+0.904
1663747320,+3.02,+13.364, +7.605,+0.904
1663747920,+3.02,+13.347, +7.576,+0.904
1663748520,+3.02,+13.329, +7.507,+0.904
1663749120,+3.02,+13.329, +7.605,+0.904
1663749720,+3.02,+13.321, +7.614,+0.904
1663750320,+3.02,+13.338, +7.602,+0.905
1663750920,+3.02,+13.321, +7.556,+0.904
1663751520,+3.02,+13.303, +7.568,+0.904
1663752120,+3.02,+13.329, +7.507,+0.904
1663752720,+3.02,+13.312, +7.438,+0.904
1663753320,+3.02,+13.268, +7.450,+0.904
1663753920,+3.02,+13.259, +7.424,+0.904
1663754520,+3.02,+13.268, +7.407,+0.904
1663755120,+3.02,+13.259, +7.356,+0.904
1663755720,+3.02,+13.286, +7.303,+0.904
1663756320,+3.02,+13.286, +7.271,+0.904
1663756920,+3.02,+13.259, +7.359,+0.904
1663757520,+3.02,+13.286, +7.380,+0.904
