7450-293738
OS REV: 1.05 Sensor Cal: 1592496161
Time (sec),  BV (Volts),  T (deg C),  DO (mg/l),  Q ()
1630826340,+3.15,+17.024, +9.307,+1.015
1630826940,+3.15,+16.982, +9.436,+1.016
1630827540,+3.15,+16.948, +9.349,+1.015
1630828140,+3.15,+16.897, +9.447,+1.016
1630828740,+3.15,+16.863, +9.283,+1.016
1630829340,+3.15,+16.821, +9.306,+1.015
1630829940,+3.14,+16.812, +9.306,+1.016
1630830540,+3.14,+16.804, +9.309,+1.016
1630831140,+3.14,+16.753, +9.375,+1.015
1630831740,+3.14,+16.745, +9.364,+1.015
1630832340,+3.14,+16.677, +9.427,+1.015
1630832940,+3.14,+16.668, +9.418,+1.016
1630833540,+3.14,+16.643, +9.433,+1.015
1630834140,+3.14,+16.634, +9.491,+1.015
1630834740,+3.14,+16.592, +9.520,+1.016
1630835340,+3.14,+16.558, +9.416,+1.015
1630835940,+3.14,+16.532, +9.395,+1.015
1630836540,+3.14,+16.532, +9.405,+1.015
1630837140,+3.14,+16.507, +9.399,+1.015
1630837740,+3.14,+16.464, +9.427,+1.015
1630838340,+3.14,+16.439, +9.442,+1.015
1630838940,+3.14,+16.413, +9.459,+1.016
1630839540,+3.14,+16.396, +9.413,+1.016
1630840140,+3.14,+16.371, +9.379,+1.015
1630840740,+3.14,+16.345, +9.376,+1.016
1630841340,+3.14,+16.337, +9.301,+1.015
1630841940,+3.14,+16.320, +9.316,+1.015
1630842540,+3.14,+16.303, +9.225,+1.016
1630843140,+3.14,+16.294, +9.293,+1.016
1630843740,+3.14,+16.243, +9.303,+1.016
1630844340,+3.14,+16.252, +9.281,+1.016
1630844940,+3.14,+16.260, +9.276,+1.016
1630845540,+3.14,+16.252, +9.253,+1.016
1630846140,+3.14,+16.201, +9.279,+1.016
1630846740,+3.14,+16.184, +9.284,+1.016
1630847340,+3.14,+16.167, +9.242,+1.016
1630847940,+3.14,+16.158, +9.282,+1.016
1630848540,+3.14,+16.150, +9.220,+1.015
1630849140,+3.14,+16.116, +9.239,+1.015
1630849740,+3.15,+16.116, +9.211,+1.016
1630850340,+3.15,+16.107, +9.204,+1.016
1630850940,+3.14,+16.099, +9.205,+1.016
1630851540,+3.15,+16.090, +9.150,+1.015
1630852140,+3.15,+16.048, +9.167,+1.016
1630852740,+3.15,+16.039, +9.161,+1.016
1630853340,+3.15,+16.048, +9.153,+1.016
1630853940,+3.14,+16.030, +9.165,+1.016
1630854540,+3.15,+16.056, +9.145,+1.015
1630855140,+3.15,+16.056, +9.140,+1.015
1630855740,+3.15,+16.056, +9.133,+1.016
1630856340,+3.15,+16.056, +9.119,+1.016
1630856940,+3.14,+16.082, +9.124,+1.016
1630857540,+3.15,+16.065, +9.115,+1.015
1630858140,+3.15,+16.065, +9.129,+1.015
1630858740,+3.14,+16.082, +9.143,+1.016
1630859340,+3.15,+16.090, +9.145,+1.015
1630859940,+3.14,+16.141, +9.134,+1.015
1630860540,+3.14,+16.150, +9.148,+1.016
1630861140,+3.14,+16.150, +9.134,+1.016
1630861740,+3.14,+16.192, +9.140,+1.015
1630862340,+3.14,+16.235, +9.122,+1.015
1630862940,+3.14,+16.269, +9.134,+1.015
1630863540,+3.14,+16.277, +9.139,+1.015
1630864140,+3.14,+16.294, +9.127,+1.015
1630864740,+3.14,+16.337, +9.102,+1.015
1630865340,+3.14,+16.362, +9.091,+1.015
1630865940,+3.14,+16.354, +9.122,+1.015
1630866540,+3.14,+16.405, +9.105,+1.015
1630867140,+3.14,+16.388, +9.146,+1.015
1630867740,+3.14,+16.379, +9.091,+1.015
1630868340,+3.14,+16.371, +9.056,+1.015
1630868940,+3.14,+16.354, +9.071,+1.014
1630869540,+3.14,+16.320, +9.152,+1.016
1630870140,+3.14,+16.345, +9.137,+1.015
1630870740,+3.14,+16.345, +9.134,+1.015
1630871340,+3.14,+16.371, +9.148,+1.016
1630871940,+3.14,+16.379, +9.153,+1.015
1630872540,+3.14,+16.405, +9.161,+1.015
1630873140,+3.14,+16.422, +9.198,+1.015
1630873740,+3.14,+16.422, +9.338,+1.015
1630874340,+3.14,+16.439, +9.322,+1.016
1630874940,+3.14,+16.464, +9.244,+1.015
1630875540,+3.14,+16.532, +9.300,+1.015
1630876140,+3.14,+16.745, +9.631,+1.015
1630876740,+3.15,+16.973, +9.686,+1.015
1630877340,+3.14,+17.151, +9.344,+1.014
1630877940,+3.14,+17.193, +9.248,+1.015
1630878540,+3.14,+17.227, +9.265,+1.015
1630879140,+3.14,+17.160, +9.397,+1.014
1630879740,+3.14,+17.143, +9.494,+1.015
1630880340,+3.15,+16.973, +9.805,+1.015
1630880940,+3.14,+16.812,+10.070,+1.015
1630881540,+3.15,+16.990,+10.100,+1.014
1630882140,+3.15,+16.914, +9.932,+1.015
1630882740,+3.14,+17.481, +9.428,+1.015
1630883340,+3.14,+17.590, +9.389,+1.015
1630883940,+3.14,+17.624, +9.461,+1.015
1630884540,+3.14,+17.641, +9.441,+1.015
1630885140,+3.14,+17.658, +9.418,+1.015
1630885740,+3.14,+17.666, +9.424,+1.015
1630886340,+3.14,+17.624, +9.471,+1.015
1630886940,+3.14,+17.633, +9.494,+1.015
1630887540,+3.14,+17.666, +9.451,+1.015
1630888140,+3.14,+17.675, +9.384,+1.014
1630888740,+3.14,+17.776, +9.249,+1.014
1630889340,+3.14,+17.827, +9.158,+1.014
1630889940,+3.14,+17.835, +9.121,+1.014
1630890540,+3.14,+17.843, +9.117,+1.014
1630891140,+3.14,+17.641, +9.493,+1.014
1630891740,+3.14,+17.599, +9.519,+1.014
1630892340,+3.14,+17.531, +9.620,+1.015
1630892940,+3.14,+17.498, +9.627,+1.015
1630893540,+3.14,+17.481, +9.609,+1.015
1630894140,+3.14,+17.455, +9.606,+1.014
1630894740,+3.14,+17.354, +9.751,+1.014
1630895340,+3.14,+17.202, +9.746,+1.015
1630895940,+3.14,+17.117, +9.658,+1.015
1630896540,+3.14,+17.092, +9.675,+1.015
1630897140,+3.14,+17.109, +9.626,+1.015
1630897740,+3.14,+17.083, +9.616,+1.015
1630898340,+3.14,+17.058, +9.654,+1.015
1630898940,+3.14,+17.033, +9.671,+1.015
1630899540,+3.14,+17.083, +9.683,+1.015
1630900140,+3.14,+16.982, +9.520,+1.015
1630900740,+3.15,+16.948, +9.524,+1.015
1630901340,+3.14,+16.990, +9.598,+1.015
1630901940,+3.14,+16.965, +9.599,+1.015
1630902540,+3.14,+16.973, +9.570,+1.015
1630903140,+3.14,+17.007, +9.616,+1.015
1630903740,+3.14,+17.033, +9.702,+1.015
1630904340,+3.14,+17.024, +9.753,+1.015
1630904940,+3.14,+17.033, +9.702,+1.015
1630905540,+3.14,+17.024, +9.953,+1.016
1630906140,+3.14,+16.999, +9.907,+1.015
1630906740,+3.14,+16.973,+10.192,+1.015
1630907340,+3.14,+16.999, +9.996,+1.015
1630907940,+3.14,+16.982,+10.134,+1.015
1630908540,+3.14,+16.973, +9.952,+1.014
1630909140,+3.14,+17.041, +9.806,+1.015
1630909740,+3.14,+17.033, +9.901,+1.015
1630910340,+3.14,+16.956,+10.031,+1.016
1630910940,+3.14,+17.033, +9.777,+1.016
1630911540,+3.14,+17.092, +9.446,+1.015
1630912140,+3.14,+17.050, +9.609,+1.016
1630912740,+3.14,+17.033, +9.461,+1.015
