7450-293738
OS REV: 1.05 Sensor Cal: 1592496161
Time (sec),  BV (Volts),  T (deg C),  DO (mg/l),  Q ()
1624649340,+3.21,+21.337, +8.558,+1.015
1624649940,+3.20,+21.328, +8.559,+1.014
1624650540,+3.20,+21.487, +8.535,+1.014
1624651140,+3.20,+21.579, +8.540,+1.015
1624651740,+3.20,+21.679, +8.571,+1.014
1624652340,+3.20,+21.796, +8.599,+1.014
1624652940,+3.20,+21.679, +8.688,+1.014
1624653540,+3.20,+21.813, +8.665,+1.016
1624654140,+3.20,+21.846, +8.660,+1.014
1624654740,+3.20,+21.971, +8.631,+1.014
1624655340,+3.20,+22.113, +8.575,+1.014
1624655940,+3.20,+22.205, +8.550,+1.015
1624656540,+3.20,+22.272, +8.540,+1.015
1624657140,+3.20,+22.255, +8.553,+1.014
1624657740,+3.20,+22.289, +8.550,+1.014
1624658340,+3.20,+22.314, +8.582,+1.015
1624658940,+3.20,+22.322, +8.602,+1.014
1624659540,+3.20,+22.414, +8.592,+1.014
1624660140,+3.20,+22.456, +8.650,+1.015
1624660740,+3.20,+22.147, +9.048,+1.013
1624661340,+3.20,+22.122, +9.040,+1.014
1624661940,+3.20,+22.297, +8.804,+1.014
1624662540,+3.20,+22.356, +8.750,+1.014
1624663140,+3.20,+22.606, +8.544,+1.014
1624663740,+3.20,+22.514, +8.606,+1.015
1624664340,+3.20,+22.197, +8.946,+1.014
1624664940,+3.20,+22.631, +8.551,+1.014
1624665540,+3.20,+22.681, +8.526,+1.014
1624666140,+3.20,+22.731, +8.488,+1.015
1624666740,+3.20,+22.757, +8.527,+1.015
1624667340,+3.20,+22.798, +8.527,+1.015
1624667940,+3.20,+22.823, +8.532,+1.015
1624668540,+3.20,+22.848, +8.477,+1.014
1624669140,+3.20,+22.815, +8.478,+1.014
1624669740,+3.20,+22.823, +8.430,+1.014
1624670340,+3.20,+22.790, +8.446,+1.014
1624670940,+3.20,+22.765, +8.460,+1.014
1624671540,+3.20,+22.782, +8.463,+1.014
1624672140,+3.20,+22.681, +8.485,+1.014
1624672740,+3.20,+22.606, +8.634,+1.015
1624673340,+3.20,+22.656, +8.559,+1.014
1624673940,+3.20,+22.673, +8.462,+1.014
1624674540,+3.20,+22.548, +8.667,+1.015
1624675140,+3.20,+22.564, +8.609,+1.014
1624675740,+3.20,+22.506, +8.639,+1.014
1624676340,+3.20,+22.372, +8.892,+1.014
1624676940,+3.20,+22.431, +8.756,+1.015
1624677540,+3.20,+22.088, +8.937,+1.014
1624678140,+3.20,+22.247, +8.914,+1.015
1624678740,+3.20,+22.097, +8.890,+1.014
1624679340,+3.20,+22.113, +9.074,+1.014
1624679940,+3.20,+22.389, +8.560,+1.015
1624680540,+3.20,+22.239, +8.755,+1.015
1624681140,+3.20,+22.406, +8.356,+1.014
1624681740,+3.20,+22.280, +8.571,+1.014
1624682340,+3.20,+22.264, +8.682,+1.014
1624682940,+3.20,+22.305, +8.409,+1.014
1624683540,+3.20,+22.138, +8.722,+1.014
1624684140,+3.20,+22.138, +8.766,+1.014
1624684740,+3.20,+22.205, +8.496,+1.015
1624685340,+3.20,+22.180, +8.295,+1.014
1624685940,+3.20,+22.214, +8.501,+1.014
1624686540,+3.20,+22.172, +8.465,+1.015
1624687140,+3.20,+22.088, +8.700,+1.014
1624687740,+3.20,+22.097, +8.948,+1.015
1624688340,+3.20,+22.088, +8.808,+1.014
1624688940,+3.20,+22.097, +8.573,+1.014
1624689540,+3.19,+22.080, +8.638,+1.014
1624690140,+3.20,+22.030, +8.586,+1.014
1624690740,+3.20,+21.988, +8.659,+1.015
1624691340,+3.20,+22.005, +8.422,+1.014
1624691940,+3.20,+21.971, +8.347,+1.015
1624692540,+3.20,+21.896, +8.513,+1.015
1624693140,+3.20,+21.871, +8.436,+1.014
1624693740,+3.20,+21.846, +8.332,+1.015
1624694340,+3.20,+21.829, +8.470,+1.015
1624694940,+3.20,+21.813, +8.314,+1.015
1624695540,+3.20,+21.771, +8.434,+1.015
1624696140,+3.20,+21.738, +8.611,+1.015
1624696740,+3.20,+21.696, +8.396,+1.014
1624697340,+3.20,+21.646, +8.400,+1.014
1624697940,+3.20,+21.612, +8.483,+1.014
1624698540,+3.20,+21.587, +8.367,+1.014
1624699140,+3.20,+21.562, +8.345,+1.015
1624699740,+3.20,+21.529, +8.336,+1.015
1624700340,+3.20,+21.512, +8.343,+1.015
1624700940,+3.20,+21.462, +8.319,+1.014
1624701540,+3.20,+21.445, +8.314,+1.015
1624702140,+3.20,+21.395, +8.344,+1.014
1624702740,+3.20,+21.370, +8.349,+1.015
1624703340,+3.20,+21.345, +8.304,+1.014
1624703940,+3.20,+21.287, +8.357,+1.015
1624704540,+3.20,+21.295, +8.341,+1.015
1624705140,+3.20,+21.253, +8.370,+1.015
1624705740,+3.20,+21.212, +8.297,+1.014
1624706340,+3.20,+21.186, +8.362,+1.014
1624706940,+3.20,+21.161, +8.312,+1.015
1624707540,+3.20,+21.153, +8.413,+1.016
1624708140,+3.20,+21.095, +8.408,+1.015
1624708740,+3.20,+21.053, +8.529,+1.015
1624709340,+3.20,+21.028, +8.511,+1.014
1624709940,+3.20,+21.019, +8.391,+1.014
1624710540,+3.20,+21.003, +8.417,+1.014
1624711140,+3.20,+20.961, +8.443,+1.014
1624711740,+3.20,+20.919, +8.431,+1.015
1624712340,+3.20,+20.894, +8.422,+1.015
1624712940,+3.20,+20.886, +8.478,+1.015
1624713540,+3.20,+20.869, +8.437,+1.014
1624714140,+3.20,+20.861, +8.432,+1.015
1624714740,+3.20,+20.844, +8.427,+1.015
1624715340,+3.20,+20.802, +8.419,+1.015
1624715940,+3.20,+20.827, +8.418,+1.015
1624716540,+3.20,+20.844, +8.430,+1.015
1624717140,+3.20,+20.827, +8.474,+1.014
1624717740,+3.20,+20.836, +8.474,+1.015
1624718340,+3.20,+20.827, +8.450,+1.016
1624718940,+3.20,+20.836, +8.440,+1.016
1624719540,+3.20,+20.836, +8.445,+1.015
1624720140,+3.20,+20.827, +8.425,+1.015
1624720740,+3.20,+20.819, +8.446,+1.015
1624721340,+3.20,+20.827, +8.415,+1.015
1624721940,+3.20,+20.852, +8.431,+1.015
1624722540,+3.20,+20.861, +8.477,+1.014
1624723140,+3.20,+20.869, +8.453,+1.014
1624723740,+3.20,+20.911, +8.465,+1.014
1624724340,+3.20,+20.911, +8.458,+1.015
1624724940,+3.20,+20.928, +8.448,+1.014
1624725540,+3.20,+20.919, +8.478,+1.015
1624726140,+3.20,+20.919, +8.495,+1.015
1624726740,+3.20,+20.961, +8.391,+1.015
1624727340,+3.20,+20.969, +8.379,+1.015
1624727940,+3.20,+21.011, +8.380,+1.015
1624728540,+3.20,+20.994, +8.491,+1.015
1624729140,+3.20,+21.003, +8.516,+1.015
1624729740,+3.20,+21.061, +8.495,+1.014
1624730340,+3.20,+21.061, +8.552,+1.015
1624730940,+3.20,+21.053, +8.561,+1.015
1624731540,+3.20,+21.111, +8.526,+1.015
1624732140,+3.20,+21.120, +8.561,+1.014
1624732740,+3.20,+21.111, +8.582,+1.015
1624733340,+3.20,+21.178, +8.599,+1.015
1624733940,+3.20,+21.245, +8.681,+1.014
1624734540,+3.20,+21.596, +8.599,+1.015
1624735140,+3.20,+21.905, +8.512,+1.015
1624735740,+3.20,+22.013, +8.486,+1.014
