7450-293738
OS REV: 1.05 Sensor Cal: 1592496161
Time (sec),  BV (Volts),  T (deg C),  DO (mg/l),  Q ()
1631435340,+3.14,+15.928, +8.204,+1.016
1631435940,+3.14,+15.903, +8.183,+1.016
1631436540,+3.14,+15.903, +8.225,+1.016
1631437140,+3.14,+15.877, +8.196,+1.016
1631437740,+3.14,+15.886, +8.222,+1.016
1631438340,+3.14,+15.868, +8.149,+1.016
1631438940,+3.14,+15.834, +8.181,+1.016
1631439540,+3.14,+15.826, +8.195,+1.016
1631440140,+3.14,+15.809, +8.201,+1.016
1631440740,+3.14,+15.800, +8.184,+1.016
1631441340,+3.14,+15.783, +8.154,+1.016
1631441940,+3.14,+15.723, +8.164,+1.016
1631442540,+3.14,+15.732, +8.140,+1.016
1631443140,+3.14,+15.740, +8.116,+1.016
1631443740,+3.14,+15.732, +8.085,+1.016
1631444340,+3.14,+15.715, +8.062,+1.016
1631444940,+3.14,+15.706, +8.052,+1.016
1631445540,+3.14,+15.672, +8.057,+1.017
1631446140,+3.14,+15.664, +8.025,+1.016
1631446740,+3.14,+15.638, +8.018,+1.016
1631447340,+3.14,+15.612, +8.001,+1.016
1631447940,+3.14,+15.595, +7.988,+1.016
1631448540,+3.14,+15.595, +7.983,+1.016
1631449140,+3.14,+15.578, +7.940,+1.016
1631449740,+3.14,+15.535, +7.926,+1.016
1631450340,+3.14,+15.527, +7.930,+1.016
1631450940,+3.14,+15.510, +7.919,+1.016
1631451540,+3.14,+15.484, +7.904,+1.016
1631452140,+3.14,+15.441, +7.885,+1.016
1631452740,+3.14,+15.415, +7.882,+1.016
1631453340,+3.14,+15.381, +7.892,+1.017
1631453940,+3.14,+15.364, +7.856,+1.016
1631454540,+3.14,+15.355, +7.856,+1.017
1631455140,+3.14,+15.304, +7.856,+1.017
1631455740,+3.14,+15.287, +7.840,+1.017
1631456340,+3.14,+15.278, +7.808,+1.016
1631456940,+3.14,+15.235, +7.819,+1.017
1631457540,+3.14,+15.227, +7.815,+1.017
1631458140,+3.14,+15.193, +7.793,+1.017
1631458740,+3.14,+15.193, +7.762,+1.016
1631459340,+3.14,+15.175, +7.765,+1.017
1631459940,+3.14,+15.201, +7.787,+1.017
1631460540,+3.14,+15.218, +7.794,+1.016
1631461140,+3.14,+15.193, +7.832,+1.017
1631461740,+3.14,+15.201, +7.812,+1.016
1631462340,+3.14,+15.210, +7.778,+1.016
1631462940,+3.14,+15.210, +7.815,+1.016
1631463540,+3.14,+15.218, +7.835,+1.017
1631464140,+3.14,+15.278, +7.895,+1.017
1631464740,+3.14,+15.261, +7.873,+1.017
1631465340,+3.14,+15.270, +7.882,+1.016
1631465940,+3.14,+15.261, +7.873,+1.017
1631466540,+3.14,+15.227, +7.851,+1.016
1631467140,+3.14,+15.227, +7.878,+1.016
1631467740,+3.14,+15.321, +7.905,+1.016
1631468340,+3.14,+15.313, +7.916,+1.017
1631468940,+3.14,+15.313, +7.904,+1.016
1631469540,+3.14,+15.373, +7.894,+1.016
1631470140,+3.14,+15.398, +7.873,+1.016
1631470740,+3.14,+15.373, +7.921,+1.017
1631471340,+3.14,+15.390, +7.936,+1.017
1631471940,+3.14,+15.415, +7.947,+1.016
1631472540,+3.14,+15.415, +7.959,+1.016
1631473140,+3.14,+15.424, +7.967,+1.016
1631473740,+3.14,+15.475, +7.967,+1.016
1631474340,+3.14,+15.552, +7.976,+1.016
1631474940,+3.14,+15.518, +7.992,+1.016
1631475540,+3.14,+15.475, +8.013,+1.016
1631476140,+3.14,+15.424, +8.015,+1.016
1631476740,+3.14,+15.398, +8.215,+1.016
1631477340,+3.14,+15.407, +8.160,+1.016
1631477940,+3.14,+15.433, +8.128,+1.016
1631478540,+3.14,+15.510, +8.180,+1.016
1631479140,+3.14,+15.458, +8.166,+1.016
1631479740,+3.14,+15.441, +8.256,+1.016
1631480340,+3.14,+15.304, +8.269,+1.016
1631480940,+3.14,+15.158, +8.116,+1.016
1631481540,+3.14,+15.184, +8.127,+1.016
1631482140,+3.14,+15.218, +8.214,+1.016
1631482740,+3.14,+15.338, +8.267,+1.017
1631483340,+3.14,+15.629, +8.268,+1.016
1631483940,+3.14,+15.826, +8.213,+1.016
1631484540,+3.14,+15.894, +8.233,+1.016
1631485140,+3.14,+15.920, +8.257,+1.016
1631485740,+3.14,+15.971, +8.256,+1.016
1631486340,+3.14,+15.971, +8.271,+1.016
1631486940,+3.14,+15.979, +8.264,+1.015
1631487540,+3.14,+16.013, +8.254,+1.016
1631488140,+3.14,+15.988, +8.317,+1.016
1631488740,+3.14,+16.030, +8.234,+1.015
1631489340,+3.14,+16.048, +8.248,+1.016
1631489940,+3.14,+16.039, +8.236,+1.016
1631490540,+3.14,+15.996, +8.259,+1.016
1631491140,+3.14,+16.013, +8.279,+1.016
1631491740,+3.14,+16.039, +8.295,+1.017
1631492340,+3.14,+16.048, +8.299,+1.016
1631492940,+3.14,+16.030, +8.279,+1.016
1631493540,+3.14,+16.056, +8.302,+1.016
1631494140,+3.14,+16.048, +8.329,+1.016
1631494740,+3.14,+16.039, +8.335,+1.016
1631495340,+3.14,+16.082, +8.328,+1.015
1631495940,+3.14,+16.073, +8.399,+1.016
1631496540,+3.14,+16.124, +8.440,+1.015
1631497140,+3.14,+16.107, +8.570,+1.016
1631497740,+3.14,+16.158, +8.427,+1.016
1631498340,+3.14,+16.158, +8.408,+1.016
1631498940,+3.14,+16.150, +8.409,+1.016
1631499540,+3.14,+16.150, +8.340,+1.016
1631500140,+3.14,+16.141, +8.377,+1.017
1631500740,+3.14,+16.090, +8.398,+1.016
1631501340,+3.14,+16.107, +8.341,+1.016
1631501940,+3.14,+16.082, +8.305,+1.016
1631502540,+3.14,+16.056, +8.311,+1.016
1631503140,+3.14,+16.048, +8.358,+1.016
1631503740,+3.14,+16.056, +8.315,+1.015
1631504340,+3.14,+16.039, +8.322,+1.016
1631504940,+3.14,+16.013, +8.345,+1.016
1631505540,+3.14,+15.971, +8.353,+1.016
1631506140,+3.14,+15.962, +8.381,+1.016
1631506740,+3.14,+15.937, +8.360,+1.016
1631507340,+3.14,+15.937, +8.382,+1.016
1631507940,+3.14,+15.911, +8.300,+1.016
1631508540,+3.14,+15.877, +8.356,+1.015
1631509140,+3.14,+15.868, +8.278,+1.016
1631509740,+3.14,+15.834, +8.385,+1.016
1631510340,+3.14,+15.817, +8.349,+1.016
1631510940,+3.14,+15.800, +8.412,+1.016
1631511540,+3.14,+15.749, +8.384,+1.016
1631512140,+3.14,+15.732, +8.390,+1.016
1631512740,+3.14,+15.732, +8.396,+1.016
1631513340,+3.14,+15.715, +8.380,+1.015
1631513940,+3.14,+15.689, +8.400,+1.016
1631514540,+3.14,+15.655, +8.429,+1.016
1631515140,+3.14,+15.629, +8.371,+1.016
1631515740,+3.14,+15.629, +8.413,+1.016
1631516340,+3.14,+15.587, +8.370,+1.016
1631516940,+3.14,+15.604, +8.382,+1.016
1631517540,+3.14,+15.544, +8.286,+1.016
1631518140,+3.14,+15.535, +8.308,+1.016
1631518740,+3.14,+15.518, +8.326,+1.016
1631519340,+3.14,+15.484, +8.399,+1.016
1631519940,+3.14,+15.441, +8.409,+1.016
1631520540,+3.14,+15.441, +8.384,+1.016
1631521140,+3.14,+15.398, +8.342,+1.016
1631521740,+3.14,+15.390, +8.359,+1.016
