7450-293738
OS REV: 1.05 Sensor Cal: 1592496161
Time (sec),  BV (Volts),  T (deg C),  DO (mg/l),  Q ()
1624475340,+3.21,+21.345, +8.647,+1.014
1624475940,+3.21,+21.353, +8.649,+1.015
1624476540,+3.21,+21.320, +8.675,+1.015
1624477140,+3.21,+21.353, +8.661,+1.015
1624477740,+3.21,+21.379, +8.672,+1.015
1624478340,+3.20,+21.362, +8.683,+1.015
1624478940,+3.21,+21.295, +8.763,+1.014
1624479540,+3.21,+21.320, +8.752,+1.014
1624480140,+3.21,+21.312, +8.772,+1.014
1624480740,+3.20,+21.320, +8.773,+1.014
1624481340,+3.20,+21.345, +8.872,+1.015
1624481940,+3.21,+21.379, +8.846,+1.014
1624482540,+3.20,+21.395, +8.830,+1.015
1624483140,+3.20,+21.404, +8.837,+1.014
1624483740,+3.20,+21.445, +8.783,+1.015
1624484340,+3.20,+21.445, +8.748,+1.015
1624484940,+3.20,+21.445, +8.715,+1.014
1624485540,+3.20,+21.445, +8.711,+1.014
1624486140,+3.20,+21.429, +8.729,+1.014
1624486740,+3.20,+21.412, +8.742,+1.015
1624487340,+3.20,+21.445, +8.719,+1.014
1624487940,+3.20,+21.454, +8.711,+1.015
1624488540,+3.20,+21.437, +8.713,+1.014
1624489140,+3.20,+21.445, +8.709,+1.014
1624489740,+3.20,+21.454, +8.696,+1.014
1624490340,+3.20,+21.445, +8.680,+1.014
1624490940,+3.20,+21.462, +8.698,+1.015
1624491540,+3.20,+21.479, +8.697,+1.014
1624492140,+3.20,+21.420, +8.811,+1.015
1624492740,+3.20,+21.462, +8.746,+1.015
1624493340,+3.20,+21.479, +8.725,+1.014
1624493940,+3.20,+21.454, +8.734,+1.014
1624494540,+3.20,+21.462, +8.716,+1.014
1624495140,+3.20,+21.495, +8.674,+1.014
1624495740,+3.20,+21.437, +8.729,+1.015
1624496340,+3.20,+21.462, +8.695,+1.014
1624496940,+3.20,+21.445, +8.701,+1.015
1624497540,+3.20,+21.404, +8.739,+1.015
1624498140,+3.20,+21.387, +8.670,+1.014
1624498740,+3.20,+21.412, +8.668,+1.014
1624499340,+3.20,+21.370, +8.707,+1.014
1624499940,+3.20,+21.337, +8.665,+1.014
1624500540,+3.20,+21.328, +8.658,+1.015
1624501140,+3.20,+21.303, +8.727,+1.014
1624501740,+3.20,+21.312, +8.644,+1.014
1624502340,+3.20,+21.262, +8.663,+1.014
1624502940,+3.20,+21.253, +8.622,+1.014
1624503540,+3.21,+21.212, +8.651,+1.014
1624504140,+3.20,+21.203, +8.629,+1.014
1624504740,+3.21,+21.195, +8.639,+1.015
1624505340,+3.20,+21.120, +8.688,+1.014
1624505940,+3.20,+21.120, +8.632,+1.015
1624506540,+3.20,+21.120, +8.606,+1.015
1624507140,+3.20,+21.103, +8.596,+1.014
1624507740,+3.20,+21.086, +8.595,+1.014
1624508340,+3.20,+21.036, +8.621,+1.015
1624508940,+3.20,+21.028, +8.588,+1.015
1624509540,+3.20,+20.961, +8.558,+1.014
1624510140,+3.20,+20.944, +8.557,+1.014
1624510740,+3.20,+20.919, +8.565,+1.015
1624511340,+3.20,+20.894, +8.595,+1.015
1624511940,+3.20,+20.861, +8.640,+1.015
1624512540,+3.20,+20.794, +8.563,+1.015
1624513140,+3.20,+20.735, +8.585,+1.015
1624513740,+3.20,+20.710, +8.615,+1.015
1624514340,+3.20,+20.694, +8.639,+1.015
1624514940,+3.20,+20.652, +8.650,+1.015
1624515540,+3.20,+20.602, +8.673,+1.015
1624516140,+3.20,+20.568, +8.627,+1.014
1624516740,+3.20,+20.543, +8.625,+1.015
1624517340,+3.20,+20.527, +8.651,+1.015
1624517940,+3.20,+20.501, +8.607,+1.015
1624518540,+3.20,+20.476, +8.610,+1.015
1624519140,+3.20,+20.443, +8.608,+1.015
1624519740,+3.20,+20.418, +8.604,+1.015
1624520340,+3.20,+20.393, +8.623,+1.014
1624520940,+3.20,+20.384, +8.609,+1.015
1624521540,+3.21,+20.376, +8.636,+1.015
1624522140,+3.20,+20.351, +8.608,+1.015
1624522740,+3.20,+20.343, +8.618,+1.015
1624523340,+3.21,+20.326, +8.606,+1.014
1624523940,+3.21,+20.293, +8.609,+1.015
1624524540,+3.21,+20.259, +8.604,+1.015
1624525140,+3.21,+20.226, +8.607,+1.015
1624525740,+3.21,+20.201, +8.595,+1.015
1624526340,+3.21,+20.184, +8.604,+1.015
1624526940,+3.21,+20.159, +8.593,+1.015
1624527540,+3.21,+20.117, +8.588,+1.015
1624528140,+3.21,+20.117, +8.583,+1.015
1624528740,+3.21,+20.109, +8.584,+1.015
1624529340,+3.20,+20.058, +8.605,+1.015
1624529940,+3.20,+20.033, +8.626,+1.015
1624530540,+3.20,+20.017, +8.609,+1.014
1624531140,+3.20,+20.000, +8.583,+1.015
1624531740,+3.20,+19.975, +8.574,+1.015
1624532340,+3.20,+19.933, +8.587,+1.015
1624532940,+3.20,+19.925, +8.595,+1.015
1624533540,+3.20,+19.891, +8.566,+1.015
1624534140,+3.20,+19.849, +8.558,+1.015
1624534740,+3.20,+19.799, +8.505,+1.015
1624535340,+3.20,+19.791, +8.562,+1.015
1624535940,+3.20,+19.740, +8.520,+1.015
1624536540,+3.20,+19.707, +8.535,+1.015
1624537140,+3.20,+19.690, +8.572,+1.016
1624537740,+3.20,+19.648, +8.483,+1.015
1624538340,+3.20,+19.640, +8.563,+1.015
1624538940,+3.20,+19.607, +8.552,+1.015
1624539540,+3.20,+19.598, +8.565,+1.015
1624540140,+3.20,+19.573, +8.590,+1.015
1624540740,+3.20,+19.556, +8.568,+1.016
1624541340,+3.20,+19.548, +8.573,+1.016
1624541940,+3.20,+19.514, +8.556,+1.015
1624542540,+3.20,+19.506, +8.569,+1.016
1624543140,+3.20,+19.481, +8.579,+1.016
1624543740,+3.20,+19.481, +8.560,+1.015
1624544340,+3.20,+19.447, +8.583,+1.015
1624544940,+3.20,+19.447, +8.561,+1.015
1624545540,+3.20,+19.422, +8.583,+1.015
1624546140,+3.21,+19.422, +8.585,+1.015
1624546740,+3.20,+19.422, +8.593,+1.015
1624547340,+3.20,+19.464, +8.583,+1.015
1624547940,+3.20,+19.456, +8.593,+1.015
1624548540,+3.20,+19.464, +8.593,+1.015
1624549140,+3.20,+19.489, +8.595,+1.015
1624549740,+3.20,+19.514, +8.595,+1.015
1624550340,+3.20,+19.514, +8.602,+1.015
1624550940,+3.20,+19.548, +8.586,+1.014
1624551540,+3.20,+19.540, +8.613,+1.015
1624552140,+3.20,+19.573, +8.611,+1.015
1624552740,+3.20,+19.623, +8.617,+1.015
1624553340,+3.20,+19.640, +8.618,+1.015
1624553940,+3.20,+19.674, +8.568,+1.014
1624554540,+3.20,+19.690, +8.589,+1.016
1624555140,+3.20,+19.724, +8.584,+1.015
1624555740,+3.20,+19.749, +8.584,+1.015
1624556340,+3.20,+19.807, +8.573,+1.015
1624556940,+3.20,+19.799, +8.611,+1.015
1624557540,+3.20,+19.824, +8.596,+1.015
1624558140,+3.20,+19.833, +8.590,+1.015
1624558740,+3.20,+19.824, +8.602,+1.015
1624559340,+3.20,+19.824, +8.611,+1.014
1624559940,+3.20,+19.791, +8.635,+1.015
1624560540,+3.20,+19.841, +8.617,+1.015
1624561140,+3.21,+20.075, +8.601,+1.016
1624561740,+3.20,+20.351, +8.553,+1.015
