7450-671179
OS REV: 1.04 Sensor Cal: 1560966684
Time (sec),  BV (Volts),  T (deg C),  DO (mg/l),  Q ()
1593380460,+3.14,+16.772, +9.169,+0.980
1593381060,+3.15,+16.832, +9.116,+0.979
1593381660,+3.14,+16.789, +9.148,+0.980
1593382260,+3.14,+16.764, +9.135,+0.979
1593382860,+3.14,+16.772, +9.107,+0.979
1593383460,+3.14,+16.789, +9.097,+0.980
1593384060,+3.14,+16.789, +9.070,+0.979
1593384660,+3.15,+16.832, +9.060,+0.980
1593385260,+3.15,+16.832, +9.062,+0.980
1593385860,+3.15,+16.832, +9.059,+0.980
1593386460,+3.15,+16.815, +9.067,+0.980
1593387060,+3.15,+16.823, +9.052,+0.979
1593387660,+3.15,+16.815, +9.052,+0.979
1593388260,+3.15,+16.823, +9.046,+0.980
1593388860,+3.15,+16.832, +9.024,+0.979
1593389460,+3.15,+16.823, +9.026,+0.979
1593390060,+3.15,+16.823, +9.027,+0.979
1593390660,+3.15,+16.798, +9.024,+0.979
1593391260,+3.15,+16.840, +9.007,+0.979
1593391860,+3.15,+16.849, +9.010,+0.979
1593392460,+3.15,+16.866, +9.001,+0.979
1593393060,+3.15,+16.883, +9.012,+0.980
1593393660,+3.15,+16.857, +8.987,+0.979
1593394260,+3.15,+16.866, +8.979,+0.979
1593394860,+3.15,+16.874, +8.974,+0.979
1593395460,+3.15,+16.899, +8.921,+0.979
1593396060,+3.15,+16.883, +8.899,+0.979
1593396660,+3.15,+16.857, +8.912,+0.979
1593397260,+3.15,+16.823, +8.948,+0.979
1593397860,+3.14,+16.806, +8.945,+0.979
1593398460,+3.14,+16.772, +8.962,+0.979
1593399060,+3.14,+16.730, +8.966,+0.979
1593399660,+3.14,+16.730, +8.972,+0.980
1593400260,+3.14,+16.721, +8.973,+0.979
1593400860,+3.14,+16.687, +8.966,+0.979
1593401460,+3.14,+16.679, +8.937,+0.979
1593402060,+3.14,+16.653, +8.929,+0.979
1593402660,+3.14,+16.645, +8.909,+0.979
1593403260,+3.14,+16.619, +8.941,+0.979
1593403860,+3.14,+16.602, +8.941,+0.979
1593404460,+3.14,+16.585, +8.941,+0.979
1593405060,+3.14,+16.560, +8.938,+0.979
1593405660,+3.14,+16.543, +8.948,+0.979
1593406260,+3.14,+16.492, +8.963,+0.980
1593406860,+3.14,+16.483, +8.980,+0.979
1593407460,+3.14,+16.483, +8.967,+0.979
1593408060,+3.14,+16.466, +8.980,+0.980
1593408660,+3.14,+16.424, +8.975,+0.980
1593409260,+3.14,+16.432, +8.948,+0.979
1593409860,+3.14,+16.441, +8.961,+0.980
1593410460,+3.15,+16.432, +8.948,+0.979
1593411060,+3.14,+16.432, +8.977,+0.980
1593411660,+3.14,+16.424, +8.968,+0.980
1593412260,+3.14,+16.406, +8.955,+0.979
1593412860,+3.14,+16.406, +8.944,+0.979
1593413460,+3.14,+16.389, +8.942,+0.979
1593414060,+3.14,+16.364, +8.946,+0.979
1593414660,+3.15,+16.364, +8.954,+0.979
1593415260,+3.14,+16.355, +8.941,+0.979
1593415860,+3.15,+16.347, +8.941,+0.979
1593416460,+3.15,+16.330, +8.949,+0.979
1593417060,+3.15,+16.321, +8.944,+0.979
1593417660,+3.15,+16.313, +8.952,+0.979
1593418260,+3.15,+16.313, +8.953,+0.979
1593418860,+3.15,+16.304, +8.947,+0.979
1593419460,+3.15,+16.287, +8.941,+0.979
1593420060,+3.15,+16.262, +8.932,+0.979
1593420660,+3.15,+16.270, +8.929,+0.979
1593421260,+3.15,+16.287, +8.927,+0.979
1593421860,+3.15,+16.262, +8.941,+0.979
1593422460,+3.15,+16.236, +8.939,+0.979
1593423060,+3.15,+16.245, +8.927,+0.979
1593423660,+3.15,+16.219, +8.918,+0.979
1593424260,+3.15,+16.211, +8.920,+0.979
1593424860,+3.15,+16.211, +8.906,+0.979
1593425460,+3.15,+16.185, +8.920,+0.979
1593426060,+3.15,+16.168, +8.919,+0.979
1593426660,+3.15,+16.168, +8.916,+0.979
1593427260,+3.15,+16.134, +8.917,+0.980
1593427860,+3.15,+16.134, +8.919,+0.979
1593428460,+3.15,+16.100, +8.924,+0.979
1593429060,+3.15,+16.091, +8.912,+0.979
1593429660,+3.15,+16.074, +8.905,+0.980
1593430260,+3.15,+16.048, +8.916,+0.980
1593430860,+3.15,+16.066, +8.901,+0.979
1593431460,+3.15,+16.057, +8.905,+0.980
1593432060,+3.15,+16.048, +8.892,+0.979
1593432660,+3.15,+16.057, +8.904,+0.979
1593433260,+3.15,+16.066, +8.881,+0.979
1593433860,+3.15,+16.014, +8.894,+0.979
1593434460,+3.15,+16.014, +8.895,+0.979
1593435060,+3.15,+16.006, +8.888,+0.979
1593435660,+3.15,+15.997, +8.901,+0.979
1593436260,+3.15,+15.972, +8.897,+0.979
1593436860,+3.15,+15.937, +8.913,+0.979
1593437460,+3.15,+15.963, +8.893,+0.979
1593438060,+3.15,+15.937, +8.902,+0.980
1593438660,+3.15,+15.946, +8.896,+0.979
1593439260,+3.15,+15.937, +8.876,+0.979
1593439860,+3.15,+15.937, +8.887,+0.979
1593440460,+3.15,+15.937, +8.877,+0.979
1593441060,+3.15,+15.955, +8.877,+0.979
1593441660,+3.15,+15.963, +8.892,+0.979
1593442260,+3.15,+15.946, +8.890,+0.979
1593442860,+3.15,+15.963, +8.901,+0.979
1593443460,+3.15,+15.946, +8.923,+0.979
1593444060,+3.15,+15.955, +8.918,+0.979
1593444660,+3.15,+15.955, +8.924,+0.979
1593445260,+3.15,+15.937, +8.934,+0.980
1593445860,+3.15,+15.946, +8.933,+0.979
1593446460,+3.15,+15.946, +8.927,+0.979
1593447060,+3.15,+15.937, +8.935,+0.979
1593447660,+3.15,+15.937, +8.935,+0.979
1593448260,+3.15,+15.946, +8.931,+0.979
1593448860,+3.15,+15.937, +8.937,+0.979
1593449460,+3.15,+15.929, +8.944,+0.979
1593450060,+3.15,+15.929, +8.922,+0.979
1593450660,+3.15,+15.929, +8.929,+0.979
1593451260,+3.15,+15.912, +8.929,+0.980
1593451860,+3.15,+15.920, +8.917,+0.979
1593452460,+3.15,+15.895, +8.928,+0.979
1593453060,+3.15,+15.903, +8.927,+0.980
1593453660,+3.15,+15.912, +8.922,+0.979
1593454260,+3.15,+15.920, +8.912,+0.979
1593454860,+3.15,+15.912, +8.909,+0.979
1593455460,+3.15,+15.929, +8.900,+0.979
1593456060,+3.15,+15.946, +8.887,+0.979
1593456660,+3.15,+15.912, +8.896,+0.979
1593457260,+3.15,+15.929, +8.888,+0.979
1593457860,+3.15,+15.912, +8.899,+0.979
1593458460,+3.15,+15.920, +8.893,+0.980
1593459060,+3.15,+15.929, +8.896,+0.979
1593459660,+3.15,+15.937, +8.884,+0.979
1593460260,+3.15,+15.929, +8.901,+0.980
1593460860,+3.15,+15.920, +8.889,+0.979
1593461460,+3.15,+15.903, +8.897,+0.979
1593462060,+3.15,+15.912, +8.904,+0.979
1593462660,+3.15,+15.937, +8.890,+0.979
1593463260,+3.15,+15.912, +8.901,+0.979
1593463860,+3.15,+15.903, +8.902,+0.979
1593464460,+3.15,+15.895, +8.901,+0.979
1593465060,+3.15,+15.895, +8.919,+0.980
1593465660,+3.15,+15.895, +8.905,+0.979
1593466260,+3.15,+15.903, +8.896,+0.979
1593466860,+3.15,+15.920, +8.894,+0.979
