7450-027328
OS REV: 1.05 Sensor Cal: 1592497139
Time (sec),  BV (Volts),  T (deg C),  DO (mg/l),  Q ()
1597019100,+3.53,+17.091, +8.106,+0.984
1597019700,+3.53,+17.083, +8.123,+0.984
1597020300,+3.53,+17.074, +8.144,+0.984
1597020900,+3.53,+17.066, +8.144,+0.984
1597021500,+3.53,+17.040, +8.150,+0.984
1597022100,+3.53,+17.032, +8.106,+0.984
1597022700,+3.53,+17.023, +8.111,+0.985
1597023300,+3.53,+17.023, +8.113,+0.985
1597023900,+3.53,+16.990, +8.115,+0.984
1597024500,+3.53,+16.973, +8.146,+0.984
1597025100,+3.53,+16.973, +8.162,+0.984
1597025700,+3.53,+16.947, +8.135,+0.984
1597026300,+3.53,+16.896, +8.112,+0.984
1597026900,+3.53,+16.930, +8.093,+0.984
1597027500,+3.53,+16.905, +8.124,+0.984
1597028100,+3.53,+16.888, +8.127,+0.984
1597028700,+3.53,+16.888, +8.145,+0.984
1597029300,+3.53,+16.871, +8.147,+0.984
1597029900,+3.53,+16.879, +8.124,+0.984
1597030500,+3.53,+16.871, +8.143,+0.985
1597031100,+3.53,+16.828, +8.154,+0.985
1597031700,+3.52,+16.820, +8.159,+0.985
1597032300,+3.52,+16.803, +8.162,+0.984
1597032900,+3.53,+16.794, +8.179,+0.984
1597033500,+3.52,+16.777, +8.165,+0.984
1597034100,+3.52,+16.760, +8.170,+0.984
1597034700,+3.52,+16.752, +8.162,+0.984
1597035300,+3.52,+16.735, +8.153,+0.985
1597035900,+3.52,+16.743, +8.142,+0.984
1597036500,+3.52,+16.709, +8.149,+0.984
1597037100,+3.52,+16.692, +8.146,+0.985
1597037700,+3.52,+16.692, +8.145,+0.984
1597038300,+3.52,+16.701, +8.145,+0.985
1597038900,+3.52,+16.658, +8.153,+0.984
1597039500,+3.52,+16.658, +8.150,+0.985
1597040100,+3.52,+16.667, +8.137,+0.984
1597040700,+3.52,+16.658, +8.134,+0.984
1597041300,+3.52,+16.616, +8.139,+0.985
1597041900,+3.52,+16.616, +8.133,+0.984
1597042500,+3.52,+16.624, +8.128,+0.985
1597043100,+3.52,+16.607, +8.138,+0.985
1597043700,+3.52,+16.582, +8.125,+0.984
1597044300,+3.52,+16.565, +8.166,+0.985
1597044900,+3.52,+16.548, +8.140,+0.985
1597045500,+3.52,+16.505, +8.150,+0.984
1597046100,+3.52,+16.514, +8.159,+0.985
1597046700,+3.52,+16.497, +8.149,+0.984
1597047300,+3.52,+16.480, +8.145,+0.984
1597047900,+3.52,+16.428, +8.148,+0.984
1597048500,+3.52,+16.420, +8.139,+0.985
1597049100,+3.52,+16.411, +8.136,+0.984
1597049700,+3.52,+16.420, +8.118,+0.984
1597050300,+3.52,+16.394, +8.130,+0.985
1597050900,+3.52,+16.377, +8.116,+0.984
1597051500,+3.52,+16.352, +8.112,+0.984
1597052100,+3.52,+16.386, +8.099,+0.984
1597052700,+3.53,+16.352, +8.114,+0.985
1597053300,+3.52,+16.335, +8.118,+0.985
1597053900,+3.52,+16.326, +8.103,+0.985
1597054500,+3.53,+16.318, +8.080,+0.984
1597055100,+3.53,+16.292, +8.086,+0.985
1597055700,+3.53,+16.267, +8.094,+0.985
1597056300,+3.53,+16.284, +8.064,+0.985
1597056900,+3.53,+16.250, +8.074,+0.985
1597057500,+3.53,+16.258, +8.068,+0.985
1597058100,+3.53,+16.250, +8.061,+0.985
1597058700,+3.53,+16.207, +8.071,+0.985
1597059300,+3.53,+16.207, +8.059,+0.985
1597059900,+3.53,+16.190, +8.053,+0.985
1597060500,+3.53,+16.181, +8.044,+0.985
1597061100,+3.53,+16.156, +8.045,+0.985
1597061700,+3.53,+16.147, +8.020,+0.984
1597062300,+3.53,+16.122, +8.031,+0.985
1597062900,+3.53,+16.104, +8.024,+0.985
1597063500,+3.53,+16.096, +8.023,+0.985
1597064100,+3.53,+16.070, +8.006,+0.985
1597064700,+3.53,+16.045, +8.015,+0.985
1597065300,+3.53,+16.036, +8.008,+0.985
1597065900,+3.53,+16.011, +8.002,+0.985
1597066500,+3.53,+15.993, +7.996,+0.985
1597067100,+3.53,+16.002, +7.978,+0.984
1597067700,+3.53,+15.985, +7.985,+0.985
1597068300,+3.53,+15.985, +7.978,+0.985
1597068900,+3.53,+15.959, +7.961,+0.985
1597069500,+3.53,+15.942, +7.961,+0.985
1597070100,+3.53,+15.951, +7.973,+0.986
1597070700,+3.53,+15.959, +7.960,+0.985
1597071300,+3.53,+15.951, +7.967,+0.985
1597071900,+3.53,+15.968, +7.953,+0.985
1597072500,+3.53,+15.976, +7.960,+0.985
1597073100,+3.53,+16.011, +7.951,+0.985
1597073700,+3.53,+16.011, +7.940,+0.985
1597074300,+3.53,+16.028, +7.946,+0.985
1597074900,+3.53,+16.028, +7.942,+0.984
1597075500,+3.53,+16.019, +7.950,+0.985
1597076100,+3.53,+16.036, +7.938,+0.985
1597076700,+3.53,+16.028, +7.937,+0.985
1597077300,+3.53,+16.028, +7.944,+0.985
1597077900,+3.53,+16.062, +7.945,+0.985
1597078500,+3.53,+16.070, +7.954,+0.985
1597079100,+3.53,+16.096, +7.945,+0.985
1597079700,+3.52,+16.139, +7.946,+0.985
1597080300,+3.53,+16.147, +7.937,+0.985
1597080900,+3.52,+16.164, +7.943,+0.985
1597081500,+3.52,+16.232, +7.943,+0.985
1597082100,+3.52,+16.224, +7.947,+0.985
1597082700,+3.52,+16.275, +7.934,+0.985
1597083300,+3.52,+16.258, +7.929,+0.985
1597083900,+3.52,+16.275, +7.943,+0.985
1597084500,+3.52,+16.284, +7.945,+0.985
1597085100,+3.52,+16.343, +7.925,+0.984
1597085700,+3.52,+16.360, +7.973,+0.985
1597086300,+3.52,+16.428, +7.997,+0.984
1597086900,+3.52,+16.454, +8.015,+0.985
1597087500,+3.52,+16.480, +8.011,+0.984
1597088100,+3.52,+16.505, +8.030,+0.984
1597088700,+3.52,+16.607, +8.043,+0.984
1597089300,+3.52,+16.522, +8.003,+0.985
1597089900,+3.52,+16.641, +8.022,+0.985
1597090500,+3.52,+16.684, +8.085,+0.985
1597091100,+3.52,+16.777, +8.041,+0.984
1597091700,+3.53,+16.896, +8.106,+0.984
1597092300,+3.53,+16.862, +8.073,+0.984
1597092900,+3.53,+16.947, +8.082,+0.984
1597093500,+3.53,+17.074, +8.099,+0.984
1597094100,+3.53,+17.049, +8.140,+0.984
1597094700,+3.53,+17.108, +8.124,+0.983
1597095300,+3.53,+17.108, +8.081,+0.984
1597095900,+3.53,+17.049, +8.082,+0.984
1597096500,+3.53,+17.066, +8.078,+0.984
1597097100,+3.53,+17.100, +8.084,+0.984
1597097700,+3.53,+17.023, +8.105,+0.984
1597098300,+3.53,+17.074, +8.077,+0.984
1597098900,+3.53,+17.159, +8.101,+0.984
1597099500,+3.52,+17.193, +8.148,+0.984
1597100100,+3.53,+17.083, +8.113,+0.984
1597100700,+3.53,+17.117, +8.195,+0.984
1597101300,+3.52,+17.193, +8.243,+0.984
1597101900,+3.52,+17.227, +8.256,+0.984
1597102500,+3.52,+17.303, +8.253,+0.984
1597103100,+3.52,+17.439, +8.514,+0.984
1597103700,+3.52,+17.439, +8.408,+0.984
1597104300,+3.52,+17.515, +8.357,+0.984
1597104900,+3.52,+17.549, +8.379,+0.984
1597105500,+3.52,+17.557, +8.282,+0.984
