7450-293738
OS REV: 1.05 Sensor Cal: 1592496161
Time (sec),  BV (Volts),  T (deg C),  DO (mg/l),  Q ()
1659574560,+3.06,+18.995, +8.554,+1.023
1659575160,+3.06,+18.987, +8.491,+1.023
1659575760,+3.06,+18.953, +8.456,+1.023
1659576360,+3.06,+18.945, +8.454,+1.022
1659576960,+3.05,+18.903, +8.536,+1.023
1659577560,+3.05,+18.911, +8.553,+1.024
1659578160,+3.05,+18.852, +8.581,+1.023
1659578760,+3.05,+18.836, +8.710,+1.024
1659579360,+3.05,+18.836, +8.618,+1.024
1659579960,+3.05,+18.810, +8.634,+1.024
1659580560,+3.05,+18.802, +8.514,+1.023
1659581160,+3.05,+18.785, +8.430,+1.023
1659581760,+3.05,+18.777, +8.446,+1.024
1659582360,+3.05,+18.743, +8.449,+1.024
1659582960,+3.05,+18.726, +8.410,+1.023
1659583560,+3.05,+18.693, +8.388,+1.023
1659584160,+3.05,+18.684, +8.346,+1.023
1659584760,+3.05,+18.668, +8.362,+1.023
1659585360,+3.05,+18.668, +8.322,+1.023
1659585960,+3.05,+18.651, +8.335,+1.023
1659586560,+3.05,+18.634, +8.335,+1.023
1659587160,+3.05,+18.634, +8.337,+1.023
1659587760,+3.05,+18.617, +8.357,+1.024
1659588360,+3.05,+18.609, +8.325,+1.023
1659588960,+3.06,+18.567, +8.336,+1.024
1659589560,+3.05,+18.600, +8.305,+1.023
1659590160,+3.05,+18.592, +8.303,+1.023
1659590760,+3.05,+18.575, +8.311,+1.024
1659591360,+3.05,+18.575, +8.284,+1.023
1659591960,+3.05,+18.558, +8.294,+1.024
1659592560,+3.05,+18.550, +8.278,+1.023
1659593160,+3.05,+18.542, +8.265,+1.023
1659593760,+3.06,+18.516, +8.263,+1.023
1659594360,+3.05,+18.542, +8.253,+1.023
1659594960,+3.06,+18.483, +8.260,+1.023
1659595560,+3.06,+18.483, +8.235,+1.023
1659596160,+3.06,+18.491, +8.253,+1.023
1659596760,+3.06,+18.474, +8.244,+1.024
1659597360,+3.06,+18.483, +8.217,+1.023
1659597960,+3.06,+18.441, +8.215,+1.023
1659598560,+3.06,+18.458, +8.221,+1.023
1659599160,+3.06,+18.449, +8.216,+1.023
1659599760,+3.06,+18.458, +8.219,+1.024
1659600360,+3.06,+18.441, +8.209,+1.024
1659600960,+3.06,+18.441, +8.191,+1.023
1659601560,+3.06,+18.424, +8.188,+1.023
1659602160,+3.06,+18.407, +8.196,+1.024
1659602760,+3.06,+18.374, +8.200,+1.024
1659603360,+3.06,+18.365, +8.173,+1.024
1659603960,+3.06,+18.348, +8.186,+1.023
1659604560,+3.06,+18.374, +8.177,+1.023
1659605160,+3.06,+18.382, +8.177,+1.023
1659605760,+3.06,+18.357, +8.180,+1.024
1659606360,+3.06,+18.357, +8.170,+1.023
1659606960,+3.06,+18.357, +8.156,+1.023
1659607560,+3.06,+18.332, +8.182,+1.024
1659608160,+3.06,+18.340, +8.179,+1.024
1659608760,+3.06,+18.315, +8.174,+1.024
1659609360,+3.06,+18.323, +8.155,+1.023
1659609960,+3.06,+18.273, +8.168,+1.023
1659610560,+3.06,+18.273, +8.166,+1.023
1659611160,+3.06,+18.290, +8.155,+1.023
1659611760,+3.06,+18.264, +8.126,+1.024
1659612360,+3.06,+18.247, +8.174,+1.023
1659612960,+3.06,+18.247, +8.160,+1.023
1659613560,+3.06,+18.247, +8.147,+1.023
1659614160,+3.06,+18.222, +8.164,+1.024
1659614760,+3.06,+18.214, +8.131,+1.023
1659615360,+3.06,+18.205, +8.131,+1.024
1659615960,+3.06,+18.180, +8.088,+1.023
1659616560,+3.06,+18.155, +8.112,+1.023
1659617160,+3.06,+18.163, +8.124,+1.023
1659617760,+3.06,+18.180, +8.113,+1.024
1659618360,+3.06,+18.155, +8.107,+1.023
1659618960,+3.06,+18.147, +8.120,+1.023
1659619560,+3.06,+18.113, +8.131,+1.024
1659620160,+3.06,+18.121, +8.136,+1.024
1659620760,+3.06,+18.113, +8.123,+1.024
1659621360,+3.06,+18.088, +8.126,+1.023
1659621960,+3.06,+18.046, +8.115,+1.024
1659622560,+3.06,+18.054, +8.141,+1.024
1659623160,+3.06,+18.071, +8.134,+1.024
1659623760,+3.06,+18.062, +8.124,+1.024
1659624360,+3.06,+18.003, +8.150,+1.024
1659624960,+3.06,+18.029, +8.142,+1.024
1659625560,+3.06,+18.029, +8.122,+1.023
1659626160,+3.06,+18.020, +8.103,+1.023
1659626760,+3.06,+17.978, +8.139,+1.024
1659627360,+3.06,+17.961, +8.105,+1.024
1659627960,+3.06,+17.970, +8.098,+1.024
1659628560,+3.06,+17.936, +8.093,+1.023
1659629160,+3.06,+17.936, +8.096,+1.024
1659629760,+3.06,+17.911, +8.107,+1.024
1659630360,+3.06,+17.911, +8.104,+1.023
1659630960,+3.06,+17.885, +8.112,+1.023
1659631560,+3.06,+17.894, +8.134,+1.024
1659632160,+3.06,+17.894, +8.125,+1.023
1659632760,+3.06,+17.894, +8.122,+1.024
1659633360,+3.06,+17.852, +8.111,+1.024
1659633960,+3.06,+17.860, +8.134,+1.024
1659634560,+3.06,+17.928, +8.178,+1.023
1659635160,+3.06,+18.020, +8.181,+1.024
1659635760,+3.06,+18.037, +8.172,+1.023
1659636360,+3.06,+18.046, +8.176,+1.024
1659636960,+3.06,+18.096, +8.170,+1.023
1659637560,+3.06,+18.247, +8.175,+1.023
1659638160,+3.06,+18.306, +8.194,+1.023
1659638760,+3.06,+18.365, +8.238,+1.023
1659639360,+3.06,+18.365, +8.244,+1.024
1659639960,+3.06,+18.432, +8.335,+1.024
1659640560,+3.06,+18.508, +8.488,+1.023
1659641160,+3.06,+18.558, +8.580,+1.023
1659641760,+3.06,+18.525, +8.589,+1.023
1659642360,+3.05,+18.592, +8.670,+1.023
1659642960,+3.05,+18.558, +8.669,+1.023
1659643560,+3.05,+18.558, +8.686,+1.023
1659644160,+3.05,+18.542, +8.678,+1.024
1659644760,+3.05,+18.567, +8.636,+1.023
1659645360,+3.05,+18.575, +8.585,+1.023
1659645960,+3.05,+18.634, +8.625,+1.023
1659646560,+3.05,+18.626, +8.596,+1.023
1659647160,+3.05,+18.600, +8.554,+1.023
1659647760,+3.05,+18.684, +8.614,+1.023
1659648360,+3.05,+18.609, +8.569,+1.023
1659648960,+3.05,+18.634, +8.597,+1.023
1659649560,+3.05,+18.659, +8.602,+1.023
1659650160,+3.05,+18.642, +8.581,+1.023
1659650760,+3.05,+18.626, +8.592,+1.023
1659651360,+3.05,+18.676, +8.634,+1.023
1659651960,+3.05,+18.701, +8.569,+1.023
1659652560,+3.05,+18.668, +8.462,+1.023
1659653160,+3.05,+18.651, +8.449,+1.023
1659653760,+3.05,+18.642, +8.395,+1.023
1659654360,+3.05,+18.651, +8.417,+1.023
1659654960,+3.05,+18.693, +8.405,+1.023
1659655560,+3.05,+18.752, +8.511,+1.023
1659656160,+3.05,+18.836, +8.544,+1.023
1659656760,+3.05,+18.852, +8.627,+1.024
1659657360,+3.05,+18.844, +8.552,+1.023
1659657960,+3.05,+18.785, +8.528,+1.024
1659658560,+3.05,+18.785, +8.518,+1.023
1659659160,+3.05,+18.802, +8.540,+1.023
1659659760,+3.05,+18.743, +8.523,+1.023
1659660360,+3.05,+18.718, +8.717,+1.023
1659660960,+3.05,+18.735, +8.540,+1.023
