7450-293738
OS REV: 1.05 Sensor Cal: 1592496161
Time (sec),  BV (Volts),  T (deg C),  DO (mg/l),  Q ()
1663141560,+3.05,+14.935, +8.125,+1.024
1663142160,+3.05,+14.943, +8.133,+1.025
1663142760,+3.05,+14.926, +8.136,+1.025
1663143360,+3.05,+14.935, +8.124,+1.024
1663143960,+3.05,+14.926, +8.146,+1.024
1663144560,+3.05,+14.892, +8.186,+1.025
1663145160,+3.05,+14.909, +8.183,+1.025
1663145760,+3.05,+14.909, +8.133,+1.025
1663146360,+3.05,+14.900, +8.139,+1.024
1663146960,+3.05,+14.918, +8.118,+1.025
1663147560,+3.05,+14.918, +8.048,+1.024
1663148160,+3.05,+14.892, +8.021,+1.025
1663148760,+3.05,+14.892, +8.058,+1.025
1663149360,+3.05,+14.883, +8.039,+1.025
1663149960,+3.05,+14.866, +8.037,+1.024
1663150560,+3.05,+14.883, +8.045,+1.025
1663151160,+3.05,+14.900, +8.009,+1.024
1663151760,+3.05,+14.857, +7.996,+1.025
1663152360,+3.05,+14.857, +7.965,+1.025
1663152960,+3.05,+14.840, +7.927,+1.024
1663153560,+3.05,+14.857, +7.935,+1.025
1663154160,+3.05,+14.849, +7.953,+1.025
1663154760,+3.05,+14.832, +7.954,+1.025
1663155360,+3.05,+14.832, +7.919,+1.024
1663155960,+3.05,+14.832, +7.965,+1.025
1663156560,+3.05,+14.823, +7.994,+1.025
1663157160,+3.05,+14.823, +7.979,+1.024
1663157760,+3.05,+14.814, +8.000,+1.024
1663158360,+3.05,+14.806, +8.037,+1.025
1663158960,+3.05,+14.806, +8.051,+1.025
1663159560,+3.05,+14.814, +8.007,+1.025
1663160160,+3.05,+14.780, +7.981,+1.025
1663160760,+3.05,+14.789, +7.904,+1.025
1663161360,+3.05,+14.763, +7.895,+1.025
1663161960,+3.05,+14.780, +7.893,+1.025
1663162560,+3.05,+14.771, +7.942,+1.025
1663163160,+3.05,+14.763, +7.973,+1.025
1663163760,+3.05,+14.780, +8.028,+1.025
1663164360,+3.05,+14.780, +8.087,+1.025
1663164960,+3.05,+14.789, +8.080,+1.025
1663165560,+3.05,+14.806, +8.109,+1.025
1663166160,+3.05,+14.806, +8.150,+1.024
1663166760,+3.05,+14.797, +8.226,+1.025
1663167360,+3.05,+14.823, +8.230,+1.024
1663167960,+3.05,+14.823, +8.309,+1.024
1663168560,+3.05,+14.832, +8.416,+1.025
1663169160,+3.05,+14.849, +8.530,+1.024
1663169760,+3.05,+14.875, +8.654,+1.025
1663170360,+3.05,+14.875, +8.808,+1.025
1663170960,+3.05,+14.875, +8.955,+1.025
1663171560,+3.05,+14.900, +9.068,+1.025
1663172160,+3.05,+14.909, +9.139,+1.025
1663172760,+3.05,+14.935, +9.192,+1.024
1663173360,+3.05,+14.935, +9.304,+1.024
1663173960,+3.05,+14.918, +9.414,+1.024
1663174560,+3.05,+14.952, +9.535,+1.025
1663175160,+3.05,+14.986, +9.593,+1.025
1663175760,+3.05,+15.021, +9.694,+1.025
1663176360,+3.05,+15.090, +9.840,+1.024
1663176960,+3.05,+15.038, +9.961,+1.025
1663177560,+3.05,+15.021, +9.841,+1.025
1663178160,+3.05,+14.995, +9.689,+1.025
1663178760,+3.05,+15.021, +9.669,+1.024
1663179360,+3.05,+14.986, +9.610,+1.025
1663179960,+3.05,+14.943, +9.542,+1.025
1663180560,+3.05,+14.918, +9.461,+1.024
1663181160,+3.05,+14.918, +9.430,+1.024
1663181760,+3.05,+14.918, +9.379,+1.025
1663182360,+3.05,+14.926, +9.312,+1.025
1663182960,+3.05,+14.900, +9.261,+1.025
1663183560,+3.05,+14.918, +9.406,+1.025
1663184160,+3.05,+15.029, +9.679,+1.024
1663184760,+3.05,+15.047, +9.599,+1.024
1663185360,+3.05,+15.098, +9.667,+1.024
1663185960,+3.05,+15.227,+10.027,+1.025
1663186560,+3.05,+15.304,+10.160,+1.024
1663187160,+3.05,+15.287,+10.194,+1.025
1663187760,+3.05,+15.304,+10.245,+1.025
1663188360,+3.05,+15.295,+10.352,+1.025
1663188960,+3.05,+15.295,+10.558,+1.025
1663189560,+3.04,+15.433,+10.673,+1.024
1663190160,+3.04,+15.433,+10.768,+1.025
1663190760,+3.05,+15.458,+10.769,+1.025
1663191360,+3.04,+15.450,+10.771,+1.024
1663191960,+3.04,+15.544,+10.795,+1.024
1663192560,+3.04,+15.561,+10.736,+1.024
1663193160,+3.04,+15.621,+10.761,+1.026
1663193760,+3.04,+15.612,+10.774,+1.025
1663194360,+3.04,+15.646,+10.653,+1.024
1663194960,+3.04,+15.655,+10.696,+1.024
1663195560,+3.05,+15.732,+10.725,+1.024
1663196160,+3.05,+15.792,+10.798,+1.025
1663196760,+3.05,+15.868,+10.658,+1.025
1663197360,+3.05,+16.056,+10.666,+1.024
1663197960,+3.05,+16.175,+10.699,+1.025
1663198560,+3.05,+16.090,+10.559,+1.024
1663199160,+3.05,+16.107,+10.410,+1.024
1663199760,+3.05,+16.082,+10.497,+1.024
1663200360,+3.05,+16.056,+10.658,+1.025
1663200960,+3.05,+16.005,+10.550,+1.024
1663201560,+3.05,+15.988,+10.445,+1.024
1663202160,+3.05,+15.971,+10.367,+1.025
1663202760,+3.05,+15.979,+10.266,+1.025
1663203360,+3.05,+15.945,+10.308,+1.025
1663203960,+3.05,+15.783,+10.106,+1.024
1663204560,+3.05,+15.749, +9.942,+1.024
1663205160,+3.04,+15.587,+10.005,+1.025
1663205760,+3.04,+15.441,+10.116,+1.025
1663206360,+3.05,+15.338,+10.144,+1.025
1663206960,+3.05,+15.261, +9.930,+1.024
1663207560,+3.05,+15.227, +9.658,+1.024
1663208160,+3.05,+15.227, +9.453,+1.024
1663208760,+3.05,+15.201, +9.291,+1.024
1663209360,+3.05,+15.175, +9.146,+1.025
1663209960,+3.05,+15.167, +9.009,+1.024
1663210560,+3.05,+15.184, +8.878,+1.025
1663211160,+3.05,+15.193, +8.759,+1.025
1663211760,+3.05,+15.201, +8.659,+1.024
1663212360,+3.05,+15.193, +8.588,+1.024
1663212960,+3.05,+15.210, +8.543,+1.025
1663213560,+3.05,+15.201, +8.479,+1.024
1663214160,+3.05,+15.193, +8.403,+1.025
1663214760,+3.05,+15.167, +8.324,+1.024
1663215360,+3.05,+15.107, +8.268,+1.025
1663215960,+3.05,+15.107, +8.183,+1.024
1663216560,+3.05,+15.098, +8.136,+1.024
1663217160,+3.05,+15.072, +8.082,+1.024
1663217760,+3.05,+15.038, +8.013,+1.024
1663218360,+3.05,+15.047, +7.974,+1.025
1663218960,+3.05,+15.021, +7.937,+1.025
1663219560,+3.05,+14.986, +7.897,+1.024
1663220160,+3.05,+14.986, +7.830,+1.025
1663220760,+3.05,+14.986, +7.806,+1.025
1663221360,+3.05,+14.969, +7.782,+1.024
1663221960,+3.05,+14.986, +7.769,+1.025
1663222560,+3.05,+14.952, +7.766,+1.025
1663223160,+3.05,+14.943, +7.792,+1.024
1663223760,+3.05,+14.918, +7.789,+1.024
1663224360,+3.05,+14.883, +7.805,+1.025
1663224960,+3.05,+14.892, +7.804,+1.024
1663225560,+3.05,+14.900, +7.780,+1.025
1663226160,+3.05,+14.892, +7.759,+1.025
1663226760,+3.05,+14.892, +7.731,+1.025
1663227360,+3.05,+14.875, +7.688,+1.025
1663227960,+3.05,+14.857, +7.642,+1.025
