7450-293738
OS REV: 1.05 Sensor Cal: 1592496161
Time (sec),  BV (Volts),  T (deg C),  DO (mg/l),  Q ()
1659661560,+3.05,+18.710, +8.566,+1.023
1659662160,+3.05,+18.676, +8.555,+1.023
1659662760,+3.05,+18.634, +8.630,+1.023
1659663360,+3.05,+18.575, +8.730,+1.023
1659663960,+3.05,+18.542, +8.679,+1.024
1659664560,+3.05,+18.516, +8.558,+1.023
1659665160,+3.06,+18.466, +8.543,+1.024
1659665760,+3.06,+18.441, +8.490,+1.023
1659666360,+3.06,+18.407, +8.457,+1.023
1659666960,+3.06,+18.416, +8.383,+1.024
1659667560,+3.06,+18.416, +8.352,+1.024
1659668160,+3.06,+18.348, +8.336,+1.023
1659668760,+3.06,+18.340, +8.342,+1.023
1659669360,+3.06,+18.348, +8.327,+1.023
1659669960,+3.06,+18.306, +8.348,+1.024
1659670560,+3.06,+18.281, +8.331,+1.023
1659671160,+3.06,+18.281, +8.332,+1.023
1659671760,+3.06,+18.290, +8.315,+1.023
1659672360,+3.06,+18.290, +8.328,+1.024
1659672960,+3.06,+18.290, +8.309,+1.024
1659673560,+3.06,+18.239, +8.300,+1.023
1659674160,+3.06,+18.247, +8.288,+1.024
1659674760,+3.06,+18.222, +8.275,+1.023
1659675360,+3.06,+18.205, +8.292,+1.023
1659675960,+3.06,+18.222, +8.300,+1.024
1659676560,+3.06,+18.189, +8.299,+1.024
1659677160,+3.06,+18.130, +8.304,+1.023
1659677760,+3.06,+18.155, +8.278,+1.023
1659678360,+3.06,+18.121, +8.286,+1.023
1659678960,+3.06,+18.121, +8.283,+1.023
1659679560,+3.06,+18.138, +8.281,+1.023
1659680160,+3.06,+18.096, +8.272,+1.023
1659680760,+3.06,+18.079, +8.289,+1.023
1659681360,+3.06,+18.046, +8.267,+1.023
1659681960,+3.06,+18.037, +8.287,+1.023
1659682560,+3.06,+18.029, +8.270,+1.023
1659683160,+3.06,+18.029, +8.285,+1.023
1659683760,+3.06,+18.037, +8.275,+1.023
1659684360,+3.06,+17.995, +8.266,+1.023
1659684960,+3.06,+17.987, +8.242,+1.023
1659685560,+3.06,+17.961, +8.255,+1.024
1659686160,+3.06,+17.961, +8.238,+1.023
1659686760,+3.06,+17.961, +8.242,+1.024
1659687360,+3.06,+17.936, +8.245,+1.024
1659687960,+3.06,+17.919, +8.244,+1.024
1659688560,+3.06,+17.885, +8.235,+1.024
1659689160,+3.06,+17.885, +8.221,+1.024
1659689760,+3.06,+17.852, +8.226,+1.024
1659690360,+3.06,+17.877, +8.206,+1.024
1659690960,+3.05,+17.835, +8.217,+1.024
1659691560,+3.05,+17.827, +8.186,+1.023
1659692160,+3.05,+17.843, +8.185,+1.024
1659692760,+3.05,+17.843, +8.152,+1.023
1659693360,+3.05,+17.801, +8.175,+1.024
1659693960,+3.05,+17.776, +8.170,+1.024
1659694560,+3.05,+17.768, +8.163,+1.023
1659695160,+3.05,+17.725, +8.191,+1.024
1659695760,+3.05,+17.717, +8.176,+1.023
1659696360,+3.05,+17.734, +8.192,+1.024
1659696960,+3.05,+17.751, +8.152,+1.023
1659697560,+3.05,+17.700, +8.148,+1.024
1659698160,+3.05,+17.675, +8.154,+1.024
1659698760,+3.05,+17.683, +8.133,+1.024
1659699360,+3.05,+17.641, +8.120,+1.024
1659699960,+3.05,+17.641, +8.089,+1.024
1659700560,+3.05,+17.633, +8.073,+1.024
1659701160,+3.06,+17.633, +8.059,+1.024
1659701760,+3.05,+17.616, +8.043,+1.025
1659702360,+3.05,+17.599, +8.017,+1.023
1659702960,+3.06,+17.540, +8.066,+1.024
1659703560,+3.06,+17.531, +8.082,+1.024
1659704160,+3.06,+17.548, +8.071,+1.024
1659704760,+3.06,+17.523, +8.061,+1.024
1659705360,+3.06,+17.523, +8.083,+1.024
1659705960,+3.06,+17.498, +8.085,+1.024
1659706560,+3.06,+17.498, +8.086,+1.024
1659707160,+3.06,+17.464, +8.090,+1.024
1659707760,+3.06,+17.472, +8.112,+1.024
1659708360,+3.06,+17.464, +8.110,+1.024
1659708960,+3.06,+17.438, +8.109,+1.023
1659709560,+3.06,+17.472, +8.107,+1.024
1659710160,+3.06,+17.481, +8.112,+1.024
1659710760,+3.06,+17.464, +8.122,+1.024
1659711360,+3.06,+17.464, +8.125,+1.024
1659711960,+3.06,+17.464, +8.130,+1.024
1659712560,+3.06,+17.438, +8.131,+1.024
1659713160,+3.06,+17.455, +8.129,+1.024
1659713760,+3.06,+17.438, +8.152,+1.024
1659714360,+3.06,+17.447, +8.148,+1.024
1659714960,+3.06,+17.413, +8.164,+1.024
1659715560,+3.06,+17.422, +8.171,+1.024
1659716160,+3.06,+17.422, +8.170,+1.024
1659716760,+3.06,+17.447, +8.156,+1.024
1659717360,+3.06,+17.438, +8.172,+1.024
1659717960,+3.06,+17.430, +8.203,+1.024
1659718560,+3.06,+17.388, +8.166,+1.024
1659719160,+3.06,+17.489, +8.192,+1.024
1659719760,+3.06,+17.540, +8.166,+1.024
1659720360,+3.06,+17.599, +8.176,+1.024
1659720960,+3.05,+17.633, +8.206,+1.025
1659721560,+3.05,+17.641, +8.241,+1.024
1659722160,+3.05,+17.683, +8.326,+1.024
1659722760,+3.05,+17.641, +8.261,+1.024
1659723360,+3.05,+17.793, +8.289,+1.024
1659723960,+3.06,+18.003, +8.344,+1.024
1659724560,+3.06,+18.054, +8.367,+1.024
1659725160,+3.06,+18.130, +8.334,+1.023
1659725760,+3.06,+18.214, +8.472,+1.024
1659726360,+3.06,+18.247, +8.670,+1.024
1659726960,+3.06,+18.357, +8.709,+1.023
1659727560,+3.06,+18.424, +8.781,+1.023
1659728160,+3.05,+18.508, +8.838,+1.024
1659728760,+3.06,+18.407, +8.785,+1.023
1659729360,+3.06,+18.306, +8.791,+1.023
1659729960,+3.06,+18.281, +8.757,+1.024
1659730560,+3.06,+18.214, +8.747,+1.024
1659731160,+3.06,+18.180, +8.701,+1.023
1659731760,+3.06,+18.180, +8.696,+1.024
1659732360,+3.06,+18.147, +8.665,+1.023
1659732960,+3.06,+18.180, +8.663,+1.023
1659733560,+3.06,+18.189, +8.706,+1.023
1659734160,+3.06,+18.197, +8.706,+1.023
1659734760,+3.06,+18.222, +8.750,+1.024
1659735360,+3.06,+18.340, +8.774,+1.023
1659735960,+3.06,+18.432, +8.759,+1.023
1659736560,+3.06,+18.390, +8.871,+1.024
1659737160,+3.06,+18.416, +8.856,+1.023
1659737760,+3.05,+18.600, +9.003,+1.023
1659738360,+3.05,+18.634, +8.928,+1.024
1659738960,+3.05,+18.710, +9.006,+1.024
1659739560,+3.05,+18.752, +8.964,+1.023
1659740160,+3.05,+18.861, +9.032,+1.023
1659740760,+3.05,+18.919, +8.888,+1.023
1659741360,+3.06,+19.230, +8.910,+1.023
1659741960,+3.05,+19.598, +8.675,+1.023
1659742560,+3.05,+19.740, +8.564,+1.023
1659743160,+3.05,+19.799, +8.393,+1.023
1659743760,+3.05,+19.648, +8.491,+1.022
1659744360,+3.06,+19.003, +9.279,+1.023
1659744960,+3.05,+18.676, +9.266,+1.023
1659745560,+3.05,+18.516, +9.228,+1.023
1659746160,+3.06,+18.466, +9.183,+1.024
1659746760,+3.06,+18.466, +9.165,+1.024
1659747360,+3.05,+18.491, +9.137,+1.023
1659747960,+3.05,+18.458, +9.070,+1.023
