7450-293738
OS REV: 1.05 Sensor Cal: 1592496161
Time (sec),  BV (Volts),  T (deg C),  DO (mg/l),  Q ()
1662184560,+3.05,+18.113, +8.344,+1.022
1662185160,+3.05,+18.079, +8.406,+1.023
1662185760,+3.05,+18.037, +8.407,+1.023
1662186360,+3.05,+18.020, +8.471,+1.023
1662186960,+3.05,+17.995, +8.462,+1.022
1662187560,+3.05,+17.961, +8.455,+1.022
1662188160,+3.05,+17.902, +8.472,+1.023
1662188760,+3.05,+17.902, +8.554,+1.023
1662189360,+3.05,+17.860, +8.589,+1.023
1662189960,+3.05,+17.843, +8.534,+1.023
1662190560,+3.04,+17.793, +8.505,+1.023
1662191160,+3.05,+17.776, +8.517,+1.023
1662191760,+3.04,+17.734, +8.532,+1.023
1662192360,+3.05,+17.734, +8.482,+1.023
1662192960,+3.05,+17.708, +8.433,+1.023
1662193560,+3.05,+17.683, +8.437,+1.023
1662194160,+3.05,+17.633, +8.493,+1.023
1662194760,+3.05,+17.633, +8.502,+1.023
1662195360,+3.05,+17.590, +8.508,+1.023
1662195960,+3.05,+17.582, +8.534,+1.023
1662196560,+3.05,+17.582, +8.550,+1.023
1662197160,+3.05,+17.531, +8.572,+1.023
1662197760,+3.05,+17.557, +8.556,+1.023
1662198360,+3.05,+17.531, +8.520,+1.023
1662198960,+3.05,+17.506, +8.544,+1.023
1662199560,+3.05,+17.506, +8.526,+1.023
1662200160,+3.05,+17.489, +8.508,+1.023
1662200760,+3.05,+17.455, +8.522,+1.023
1662201360,+3.05,+17.455, +8.497,+1.024
1662201960,+3.05,+17.438, +8.526,+1.023
1662202560,+3.05,+17.405, +8.521,+1.023
1662203160,+3.05,+17.396, +8.552,+1.023
1662203760,+3.05,+17.388, +8.535,+1.023
1662204360,+3.05,+17.362, +8.512,+1.023
1662204960,+3.05,+17.346, +8.496,+1.023
1662205560,+3.05,+17.312, +8.463,+1.023
1662206160,+3.05,+17.320, +8.443,+1.023
1662206760,+3.05,+17.303, +8.455,+1.023
1662207360,+3.05,+17.312, +8.457,+1.023
1662207960,+3.05,+17.286, +8.464,+1.023
1662208560,+3.05,+17.269, +8.460,+1.024
1662209160,+3.05,+17.236, +8.431,+1.023
1662209760,+3.05,+17.236, +8.463,+1.023
1662210360,+3.05,+17.210, +8.445,+1.023
1662210960,+3.05,+17.193, +8.440,+1.023
1662211560,+3.05,+17.210, +8.507,+1.023
1662212160,+3.05,+17.210, +8.501,+1.024
1662212760,+3.05,+17.193, +8.529,+1.023
1662213360,+3.05,+17.202, +8.576,+1.023
1662213960,+3.05,+17.193, +8.627,+1.024
1662214560,+3.05,+17.185, +8.642,+1.023
1662215160,+3.05,+17.210, +8.668,+1.023
1662215760,+3.05,+17.176, +8.702,+1.023
1662216360,+3.05,+17.160, +8.758,+1.024
1662216960,+3.05,+17.168, +8.787,+1.024
1662217560,+3.05,+17.143, +8.809,+1.023
1662218160,+3.05,+17.160, +8.858,+1.024
1662218760,+3.05,+17.151, +8.895,+1.024
1662219360,+3.05,+17.176, +8.898,+1.023
1662219960,+3.05,+17.176, +8.940,+1.024
1662220560,+3.05,+17.202, +8.963,+1.024
1662221160,+3.05,+17.202, +8.997,+1.024
1662221760,+3.05,+17.193, +9.012,+1.023
1662222360,+3.05,+17.168, +9.046,+1.023
1662222960,+3.05,+17.193, +9.030,+1.023
1662223560,+3.05,+17.185, +9.090,+1.023
1662224160,+3.05,+17.227, +9.163,+1.023
1662224760,+3.05,+17.176, +9.195,+1.023
1662225360,+3.05,+17.219, +9.092,+1.024
1662225960,+3.05,+17.320, +9.096,+1.023
1662226560,+3.05,+17.379, +9.130,+1.023
1662227160,+3.05,+17.413, +9.197,+1.024
1662227760,+3.05,+17.489, +9.301,+1.023
1662228360,+3.05,+17.506, +9.298,+1.023
1662228960,+3.05,+17.498, +9.419,+1.023
1662229560,+3.05,+17.514, +9.681,+1.023
1662230160,+3.05,+17.523, +9.940,+1.024
1662230760,+3.05,+17.514, +9.999,+1.023
1662231360,+3.05,+17.498, +9.977,+1.024
1662231960,+3.05,+17.498,+10.002,+1.024
1662232560,+3.05,+17.523,+10.008,+1.024
1662233160,+3.05,+17.565,+10.073,+1.023
1662233760,+3.05,+17.590,+10.086,+1.024
1662234360,+3.05,+17.540, +9.959,+1.023
1662234960,+3.05,+17.472, +9.865,+1.024
1662235560,+3.05,+17.438, +9.808,+1.023
1662236160,+3.05,+17.438, +9.691,+1.023
1662236760,+3.05,+17.430, +9.694,+1.023
1662237360,+3.05,+17.438, +9.566,+1.023
1662237960,+3.05,+17.464, +9.501,+1.024
1662238560,+3.05,+17.455, +9.542,+1.023
1662239160,+3.05,+17.464, +9.494,+1.024
1662239760,+3.05,+17.548, +9.473,+1.023
1662240360,+3.05,+17.540, +9.493,+1.023
1662240960,+3.05,+17.481, +9.406,+1.024
1662241560,+3.05,+17.472, +9.357,+1.023
1662242160,+3.05,+17.590, +9.338,+1.024
1662242760,+3.05,+17.641, +9.384,+1.024
1662243360,+3.05,+17.692, +9.460,+1.023
1662243960,+3.05,+17.590, +9.446,+1.023
1662244560,+3.05,+17.574, +9.320,+1.023
1662245160,+3.05,+17.565, +9.245,+1.023
1662245760,+3.05,+17.498, +9.179,+1.023
1662246360,+3.05,+17.498, +9.139,+1.023
1662246960,+3.05,+17.438, +9.134,+1.024
1662247560,+3.05,+17.430, +9.150,+1.023
1662248160,+3.05,+17.464, +9.211,+1.023
1662248760,+3.05,+17.472, +9.272,+1.023
1662249360,+3.05,+17.464, +9.370,+1.023
1662249960,+3.05,+17.455, +9.394,+1.024
1662250560,+3.05,+17.422, +9.325,+1.023
1662251160,+3.05,+17.422, +9.243,+1.023
1662251760,+3.05,+17.362, +9.231,+1.022
1662252360,+3.05,+17.362, +9.147,+1.023
1662252960,+3.05,+17.362, +9.061,+1.023
1662253560,+3.05,+17.346, +9.081,+1.023
1662254160,+3.05,+17.346, +9.118,+1.024
1662254760,+3.05,+17.354, +9.114,+1.023
1662255360,+3.05,+17.337, +9.102,+1.024
1662255960,+3.05,+17.320, +9.071,+1.023
1662256560,+3.05,+17.312, +9.027,+1.024
1662257160,+3.05,+17.295, +8.987,+1.023
1662257760,+3.05,+17.269, +8.909,+1.024
1662258360,+3.05,+17.253, +8.830,+1.023
1662258960,+3.05,+17.261, +8.808,+1.023
1662259560,+3.05,+17.253, +8.794,+1.023
1662260160,+3.05,+17.269, +8.744,+1.023
1662260760,+3.05,+17.253, +8.696,+1.023
1662261360,+3.05,+17.236, +8.675,+1.023
1662261960,+3.05,+17.244, +8.646,+1.023
1662262560,+3.05,+17.236, +8.567,+1.023
1662263160,+3.05,+17.227, +8.591,+1.024
1662263760,+3.05,+17.202, +8.501,+1.023
1662264360,+3.05,+17.193, +8.506,+1.023
1662264960,+3.05,+17.168, +8.538,+1.023
1662265560,+3.05,+17.168, +8.554,+1.024
1662266160,+3.05,+17.160, +8.551,+1.024
1662266760,+3.05,+17.134, +8.523,+1.024
1662267360,+3.05,+17.134, +8.573,+1.023
1662267960,+3.05,+17.134, +8.607,+1.023
1662268560,+3.05,+17.117, +8.643,+1.024
1662269160,+3.05,+17.126, +8.675,+1.023
1662269760,+3.05,+17.100, +8.665,+1.024
1662270360,+3.05,+17.100, +8.659,+1.023
1662270960,+3.05,+17.109, +8.681,+1.023
