datetime,wtr_0,wtr_2,wtr_3,wtr_4,wtr_6,wtr_1
2020-08-26T16:00:00Z,17.76,15.187,15.951,16.046,15.951,15.651
2020-08-26T16:30:00Z,18.236,16.141,16.046,16.046,15.951,15.72
2020-08-26T17:00:00Z,18.426,16.237,16.141,16.141,16.046,15.788
2020-08-26T17:30:00Z,18.331,16.427,16.427,16.237,16.046,15.805
2020-08-26T18:00:00Z,18.806,16.523,16.523,16.332,16.141,15.891
2020-08-26T18:30:00Z,19.472,16.427,16.427,16.332,16.237,15.993
2020-08-26T19:00:00Z,18.996,16.427,16.332,16.427,16.237,16.079
2020-08-26T19:30:00Z,19.377,16.523,16.427,16.523,16.332,16.096
2020-08-26T20:00:00Z,19.472,16.808,16.618,16.523,16.332,16.284
2020-08-26T20:30:00Z,20.329,16.903,16.618,16.713,16.427,16.369
2020-08-26T21:00:00Z,19.567,16.903,16.523,16.427,16.332,16.573
2020-08-26T21:30:00Z,20.329,16.903,16.523,16.523,16.332,16.675
2020-08-26T22:00:00Z,19.092,17.189,16.618,16.523,16.332,16.905
2020-08-26T22:30:00Z,19.853,16.903,16.618,16.427,16.332,16.871
2020-08-26T23:00:00Z,17.855,16.903,16.713,16.427,16.332,17.023
2020-08-26T23:30:00Z,18.806,16.808,16.618,16.427,16.237,17.074
2020-08-27T00:00:00Z,19.092,16.999,16.618,16.427,16.237,17.108
2020-08-27T00:30:00Z,18.426,16.903,16.618,16.427,16.237,16.964
2020-08-27T01:00:00Z,17.95,16.808,16.618,16.332,16.237,16.854
2020-08-27T01:30:00Z,17.665,16.903,16.427,16.237,16.237,17.023
2020-08-27T02:00:00Z,16.999,16.903,16.427,16.332,16.237,17.006
2020-08-27T02:30:00Z,16.808,16.808,16.523,16.237,16.237,17.1
2020-08-27T03:00:00Z,16.618,16.713,16.427,16.237,16.237,16.981
2020-08-27T03:30:00Z,16.618,17.094,16.427,16.237,16.237,17.04
2020-08-27T04:00:00Z,16.523,16.999,16.523,16.237,16.237,16.981
2020-08-27T04:30:00Z,16.523,16.808,16.523,16.237,16.237,16.913
2020-08-27T05:00:00Z,16.141,16.808,16.523,16.237,16.237,16.854
2020-08-27T05:30:00Z,16.237,16.903,16.523,16.332,16.237,16.794
2020-08-27T06:00:00Z,16.141,16.808,16.427,16.237,16.237,16.718
2020-08-27T06:30:00Z,16.046,16.808,16.427,16.237,16.237,16.675
2020-08-27T07:00:00Z,16.046,16.713,16.427,16.237,16.237,16.616
2020-08-27T07:30:00Z,16.141,16.713,16.427,16.237,16.141,16.548
2020-08-27T08:00:00Z,15.951,16.618,16.427,16.237,16.141,16.48
2020-08-27T08:30:00Z,15.951,16.618,16.427,16.237,16.237,16.48
2020-08-27T09:00:00Z,15.855,16.618,16.427,16.237,16.237,16.403
2020-08-27T09:30:00Z,15.951,16.523,16.427,16.237,16.141,16.394
2020-08-27T10:00:00Z,15.951,16.523,16.427,16.237,16.237,16.326
2020-08-27T10:30:00Z,15.951,16.427,16.427,16.237,16.141,16.309
2020-08-27T11:00:00Z,15.951,16.427,16.427,16.237,16.141,16.267
2020-08-27T11:30:00Z,15.664,16.332,16.332,16.237,16.141,16.198
2020-08-27T12:00:00Z,15.664,16.332,16.332,16.237,16.141,16.147
2020-08-27T12:30:00Z,15.76,16.237,16.332,16.237,16.141,16.139
2020-08-27T13:00:00Z,15.569,16.237,16.332,16.237,16.141,16.087
2020-08-27T13:30:00Z,15.664,16.237,16.332,16.237,16.141,16.062
2020-08-27T14:00:00Z,15.951,16.237,16.237,16.332,16.046,16.036
2020-08-27T14:30:00Z,16.141,16.237,16.237,16.237,16.046,16.053
2020-08-27T15:00:00Z,16.237,16.237,16.237,16.237,16.046,16.028
2020-08-27T15:30:00Z,16.523,16.237,16.237,16.237,16.046,15.993
2020-08-27T16:00:00Z,16.332,16.237,16.237,16.237,16.046,16.011
2020-08-27T16:30:00Z,18.236,16.523,16.523,16.523,16.141,16.019
2020-08-27T17:00:00Z,18.331,16.618,16.618,16.523,16.237,16.062
2020-08-27T17:30:00Z,18.236,16.618,16.713,16.713,16.332,16.087
2020-08-27T18:00:00Z,18.711,16.523,16.618,16.713,16.332,16.156
2020-08-27T18:30:00Z,19.472,16.713,16.618,16.713,16.427,16.258
2020-08-27T19:00:00Z,20.805,16.713,16.618,16.618,16.523,16.394
2020-08-27T19:30:00Z,17.665,16.713,16.618,16.618,16.523,16.692
2020-08-27T20:00:00Z,19.567,16.808,16.618,16.618,16.523,16.76
2020-08-27T20:30:00Z,20.615,16.903,16.713,16.713,16.618,16.828
2020-08-27T21:00:00Z,20.234,16.999,16.713,16.713,16.523,16.735
2020-08-27T21:30:00Z,17.76,16.999,16.713,16.713,16.523,17.04
2020-08-27T22:00:00Z,19.662,17.094,16.808,16.713,16.523,17.193
2020-08-27T22:30:00Z,20.043,17.189,16.808,16.713,16.523,17.337
2020-08-27T23:00:00Z,18.521,17.094,16.713,16.713,16.523,17.43
2020-08-27T23:30:00Z,18.711,17.475,16.808,16.713,16.523,17.481
2020-08-28T00:00:00Z,18.616,17.284,16.808,16.713,16.523,17.498
2020-08-28T00:30:00Z,18.901,17.189,16.808,16.618,16.523,17.481
2020-08-28T01:00:00Z,18.236,16.999,16.713,16.523,16.427,17.447
2020-08-28T01:30:00Z,17.094,17.379,16.713,16.523,16.427,17.371
2020-08-28T02:00:00Z,16.808,17.094,16.713,16.523,16.427,17.295
2020-08-28T02:30:00Z,16.523,17.284,16.713,16.523,16.427,17.244
2020-08-28T03:00:00Z,16.427,17.284,16.713,16.523,16.427,17.176
2020-08-28T03:30:00Z,16.523,17.284,16.713,16.427,16.427,17.134
2020-08-28T04:00:00Z,16.237,17.189,16.713,16.523,16.427,17.074
2020-08-28T04:30:00Z,16.237,17.189,16.713,16.427,16.427,16.99
2020-08-28T05:00:00Z,16.141,17.094,16.713,16.427,16.427,16.913
2020-08-28T05:30:00Z,16.427,16.999,16.713,16.427,16.427,16.854
2020-08-28T06:00:00Z,16.332,16.903,16.618,16.523,16.427,16.82
2020-08-28T06:30:00Z,16.523,16.903,16.713,16.523,16.427,16.726
2020-08-28T07:00:00Z,16.427,16.808,16.713,16.427,16.427,16.675
2020-08-28T07:30:00Z,16.618,16.808,16.713,16.427,16.427,16.633
2020-08-28T08:00:00Z,16.141,16.713,16.808,16.427,16.332,16.556
2020-08-28T08:30:00Z,15.76,16.618,16.713,16.427,16.332,16.505
2020-08-28T09:00:00Z,15.76,16.618,16.618,16.427,16.332,16.48
2020-08-28T09:30:00Z,15.951,16.618,16.523,16.427,16.332,16.454
2020-08-28T10:00:00Z,15.664,16.523,16.523,16.427,16.332,16.394
2020-08-28T10:30:00Z,15.569,16.523,16.523,16.427,16.332,16.352
2020-08-28T11:00:00Z,15.473,16.427,16.523,16.427,16.332,16.335
2020-08-28T11:30:00Z,15.855,16.427,16.523,16.427,16.237,16.284
2020-08-28T12:00:00Z,16.141,16.332,16.427,16.427,16.237,16.232
2020-08-28T12:30:00Z,16.141,16.332,16.427,16.332,16.237,16.181
2020-08-28T13:00:00Z,15.473,16.332,16.332,16.237,16.141,16.122
2020-08-28T13:30:00Z,15.664,16.237,16.332,16.237,16.141,16.104
2020-08-28T14:00:00Z,15.664,16.237,16.332,16.332,16.046,16.045
2020-08-28T14:30:00Z,16.903,16.332,16.427,16.332,16.046,16.053
2020-08-28T15:00:00Z,17.189,16.332,16.427,16.332,16.046,16.07
2020-08-28T15:30:00Z,17.475,16.427,16.523,16.427,16.046,16.087
2020-08-28T16:00:00Z,16.523,16.427,16.523,16.427,16.141,16.079
2020-08-28T16:30:00Z,17.57,16.427,16.523,16.523,16.237,16.079
2020-08-28T17:00:00Z,18.236,16.618,16.618,16.618,16.237,16.181
2020-08-28T17:30:00Z,18.996,16.713,16.618,16.618,16.332,16.284
2020-08-28T18:00:00Z,19.567,16.713,16.618,16.713,16.427,16.343
2020-08-28T18:30:00Z,19.758,16.808,16.618,16.713,16.427,16.428
2020-08-28T19:00:00Z,18.331,16.808,16.713,16.808,16.427,16.548
2020-08-28T19:30:00Z,19.662,17.189,16.713,16.618,16.523,16.701
2020-08-28T20:00:00Z,19.662,17.379,16.713,16.618,16.618,16.803
2020-08-28T20:30:00Z,19.948,17.475,16.713,16.713,16.523,16.896
2020-08-28T21:00:00Z,19.472,17.57,16.713,16.808,16.618,17.006
2020-08-28T21:30:00Z,18.996,17.379,16.808,16.713,16.523,17.057
2020-08-28T22:00:00Z,20.615,17.189,16.808,16.808,16.618,17.1
2020-08-28T22:30:00Z,20.329,17.475,16.903,16.808,16.523,17.21
2020-08-28T23:00:00Z,20.138,17.475,16.808,16.808,16.523,17.472
2020-08-28T23:30:00Z,18.711,17.475,16.903,16.713,16.523,17.599
2020-08-29T00:00:00Z,18.806,17.379,16.903,16.618,16.523,17.642
2020-08-29T00:30:00Z,18.331,17.284,16.808,16.618,16.523,17.489
2020-08-29T01:00:00Z,18.236,17.379,16.808,16.618,16.427,17.608
2020-08-29T01:30:00Z,17.57,17.379,16.713,16.523,16.427,17.582
2020-08-29T02:00:00Z,17.189,17.379,16.713,16.523,16.427,17.54
2020-08-29T02:30:00Z,17.189,17.094,16.713,16.523,16.427,17.498
2020-08-29T03:00:00Z,16.999,17.094,16.713,16.523,16.427,17.43
2020-08-29T03:30:00Z,16.523,17.189,16.808,16.523,16.427,17.32
2020-08-29T04:00:00Z,16.427,17.284,16.808,16.427,16.427,17.278
2020-08-29T04:30:00Z,16.332,17.189,16.713,16.523,16.427,17.185
2020-08-29T05:00:00Z,16.237,17.284,16.808,16.427,16.427,17.151
2020-08-29T05:30:00Z,16.141,17.189,16.713,16.523,16.427,17.066
2020-08-29T06:00:00Z,16.237,17.189,16.713,16.523,16.427,16.99
2020-08-29T06:30:00Z,16.141,17.094,16.713,16.523,16.427,16.947
2020-08-29T07:00:00Z,16.141,17.094,16.713,16.523,16.427,16.896
2020-08-29T07:30:00Z,16.046,16.999,16.713,16.523,16.427,16.854
2020-08-29T08:00:00Z,15.951,16.903,16.713,16.523,16.427,16.794
2020-08-29T08:30:00Z,15.951,16.903,16.713,16.523,16.332,16.743
2020-08-29T09:00:00Z,15.951,16.808,16.713,16.427,16.427,16.675
2020-08-29T09:30:00Z,15.76,16.808,16.713,16.427,16.427,16.616
2020-08-29T10:00:00Z,15.664,16.713,16.618,16.523,16.427,16.556
2020-08-29T10:30:00Z,15.76,16.618,16.618,16.427,16.332,16.488
2020-08-29T11:00:00Z,15.569,16.618,16.523,16.427,16.332,16.454
2020-08-29T11:30:00Z,15.951,16.523,16.523,16.427,16.332,16.369
2020-08-29T12:00:00Z,16.427,16.523,16.523,16.427,16.332,16.352
2020-08-29T12:30:00Z,16.332,16.427,16.427,16.332,16.332,16.275
2020-08-29T13:00:00Z,16.332,16.332,16.427,16.427,16.237,16.215
2020-08-29T13:30:00Z,16.332,16.332,16.427,16.427,16.237,16.147
2020-08-29T14:00:00Z,16.332,16.237,16.332,16.332,16.141,16.096
2020-08-29T14:30:00Z,16.523,16.332,16.427,16.332,16.141,16.113
2020-08-29T15:00:00Z,16.237,16.427,16.523,16.523,16.237,16.096
2020-08-29T15:30:00Z,16.713,16.427,16.523,16.523,15.951,16.096
2020-08-29T16:00:00Z,17.284,16.427,16.618,16.523,16.046,16.096
2020-08-29T16:30:00Z,17.855,16.523,16.618,16.618,16.237,16.13
2020-08-29T17:00:00Z,18.711,16.618,16.618,16.713,16.332,16.181
2020-08-29T17:30:00Z,18.806,16.713,16.713,16.713,16.427,16.198
2020-08-29T18:00:00Z,19.187,16.808,16.618,16.713,16.427,16.284
2020-08-29T18:30:00Z,17.57,16.713,16.618,16.713,16.523,16.301
2020-08-29T19:00:00Z,19.282,17.094,16.713,16.713,16.523,16.403
2020-08-29T19:30:00Z,19.282,17.189,16.903,16.808,16.523,16.463
2020-08-29T20:00:00Z,18.806,16.903,16.903,16.808,16.618,16.539
2020-08-29T20:30:00Z,19.472,17.379,16.713,16.713,16.618,16.633
2020-08-29T21:00:00Z,19.472,17.379,16.999,16.808,16.618,16.709
2020-08-29T21:30:00Z,19.092,17.284,16.903,16.713,16.618,16.726
2020-08-29T22:00:00Z,20.043,17.284,17.094,16.808,16.618,16.837
2020-08-29T22:30:00Z,17.76,17.379,16.999,16.713,16.523,16.913
2020-08-29T23:00:00Z,17.76,17.094,16.903,16.523,16.523,16.964
2020-08-29T23:30:00Z,17.475,17.189,16.618,16.618,16.523,17.006
2020-08-30T00:00:00Z,17.57,17.189,16.903,16.618,16.523,16.998
2020-08-30T00:30:00Z,17.57,17.189,16.903,16.523,16.523,16.956
2020-08-30T01:00:00Z,17.284,16.903,16.808,16.523,16.427,16.973
2020-08-30T01:30:00Z,16.999,16.808,16.808,16.523,16.427,16.879
2020-08-30T02:00:00Z,16.713,16.808,16.713,16.523,16.427,16.701
2020-08-30T02:30:00Z,16.618,16.808,16.713,16.523,16.427,16.675
2020-08-30T03:00:00Z,16.713,16.713,16.713,16.618,16.427,16.633
2020-08-30T03:30:00Z,16.523,16.713,16.713,16.523,16.427,16.522
2020-08-30T04:00:00Z,16.523,16.618,16.713,16.523,16.427,16.471
2020-08-30T04:30:00Z,16.427,16.618,16.618,16.523,16.427,16.437
2020-08-30T05:00:00Z,16.332,16.523,16.618,16.523,16.427,16.394
2020-08-30T05:30:00Z,16.427,16.523,16.523,16.427,16.427,16.352
2020-08-30T06:00:00Z,16.427,16.427,16.523,16.427,16.427,16.301
2020-08-30T06:30:00Z,16.141,16.427,16.427,16.332,16.237,16.267
2020-08-30T07:00:00Z,16.237,16.332,16.427,16.427,16.237,16.181
2020-08-30T07:30:00Z,16.237,16.332,16.332,16.332,16.237,16.164
2020-08-30T08:00:00Z,16.046,16.237,16.332,16.237,16.141,16.053
2020-08-30T08:30:00Z,16.046,16.237,16.237,16.237,16.141,16.053
2020-08-30T09:00:00Z,15.855,16.141,16.237,16.237,16.046,16.028
2020-08-30T09:30:00Z,16.046,16.141,16.141,16.141,15.951,15.951
2020-08-30T10:00:00Z,15.951,16.046,16.141,16.141,15.951,15.908
2020-08-30T10:30:00Z,15.855,16.046,16.046,16.046,15.951,15.865
2020-08-30T11:00:00Z,15.76,15.951,16.046,15.951,15.76,15.848
2020-08-30T11:30:00Z,15.664,15.951,16.046,15.951,15.569,15.805
2020-08-30T12:00:00Z,15.378,15.951,15.951,15.951,15.569,15.763
2020-08-30T12:30:00Z,15.664,15.855,15.855,15.855,15.664,15.694
2020-08-30T13:00:00Z,15.378,15.76,15.855,15.855,15.473,15.66
2020-08-30T13:30:00Z,15.187,15.76,15.855,15.76,15.473,15.608
2020-08-30T14:00:00Z,15.76,15.76,15.76,15.76,15.473,15.574
2020-08-30T14:30:00Z,15.473,15.76,15.76,15.664,15.378,15.531
2020-08-30T15:00:00Z,16.237,15.855,15.76,15.76,15.473,15.506
2020-08-30T15:30:00Z,16.046,15.951,15.76,15.76,15.473,15.514
2020-08-30T16:00:00Z,16.427,15.951,15.76,15.76,15.473,15.497
2020-08-30T16:30:00Z,16.713,15.951,15.76,15.76,15.569,15.471
2020-08-30T17:00:00Z,16.999,15.951,15.951,15.76,15.569,15.454
2020-08-30T17:30:00Z,16.332,15.855,15.951,15.855,15.664,15.497
2020-08-30T18:00:00Z,17.094,15.951,15.951,16.046,15.855,15.566
2020-08-30T18:30:00Z,18.045,16.141,16.237,16.046,15.855,15.6
2020-08-30T19:00:00Z,17.95,16.237,16.141,16.046,15.855,15.72
2020-08-30T19:30:00Z,17.57,16.141,16.046,16.046,15.855,15.72
2020-08-30T20:00:00Z,17.665,16.332,16.141,16.332,16.046,15.797
2020-08-30T20:30:00Z,18.045,16.237,16.523,16.141,15.951,15.857
2020-08-30T21:00:00Z,18.616,16.523,16.523,16.141,16.046,15.942
2020-08-30T21:30:00Z,18.236,16.523,16.618,16.046,16.046,16.053
2020-08-30T22:00:00Z,16.999,16.427,16.332,16.141,15.951,16.062
2020-08-30T22:30:00Z,17.76,16.618,16.523,16.046,15.951,16.096
2020-08-30T23:00:00Z,17.284,16.618,16.427,16.046,15.951,16.096
2020-08-30T23:30:00Z,17.284,16.523,16.523,16.046,15.951,16.156
2020-08-31T00:00:00Z,17.094,16.523,16.427,16.046,15.951,16.147
2020-08-31T00:30:00Z,16.999,16.427,16.237,16.046,15.951,16.104
2020-08-31T01:00:00Z,16.618,16.237,16.237,15.951,15.855,15.968
2020-08-31T01:30:00Z,16.141,16.046,16.141,16.141,15.855,15.925
2020-08-31T02:00:00Z,15.951,16.046,16.046,15.951,15.855,15.874
2020-08-31T02:30:00Z,15.855,15.951,16.046,15.951,15.855,15.84
2020-08-31T03:00:00Z,15.664,15.951,15.951,15.951,15.855,15.797
2020-08-31T03:30:00Z,15.76,15.855,15.951,15.951,15.855,15.728
2020-08-31T04:00:00Z,15.569,15.855,15.951,15.951,15.855,15.66
2020-08-31T04:30:00Z,15.473,15.855,15.855,15.855,15.855,15.668
2020-08-31T05:00:00Z,15.664,15.76,15.76,15.76,15.76,15.608
2020-08-31T05:30:00Z,15.569,15.664,15.76,15.76,15.664,15.54
2020-08-31T06:00:00Z,15.569,15.664,15.76,15.664,15.569,15.497
2020-08-31T06:30:00Z,15.473,15.569,15.664,15.664,15.473,15.437
2020-08-31T07:00:00Z,15.187,15.569,15.569,15.569,15.282,15.437
2020-08-31T07:30:00Z,14.996,15.569,15.569,15.473,15.282,15.377
2020-08-31T08:00:00Z,15.282,15.473,15.569,15.473,15.282,15.325
2020-08-31T08:30:00Z,15.282,15.378,15.473,15.473,15.187,15.274
2020-08-31T09:00:00Z,15.282,15.378,15.473,15.378,15.091,15.231
2020-08-31T09:30:00Z,14.804,15.378,15.378,15.378,15.091,15.196
2020-08-31T10:00:00Z,15.187,15.282,15.378,15.282,14.996,15.171
2020-08-31T10:30:00Z,15.091,15.282,15.282,15.187,14.996,15.11
2020-08-31T11:00:00Z,15.091,15.187,15.282,15.187,14.996,15.059
2020-08-31T11:30:00Z,14.804,15.187,15.187,15.091,14.9,15.016
2020-08-31T12:00:00Z,14.804,15.091,15.187,15.091,14.9,15.007
2020-08-31T12:30:00Z,14.9,15.091,15.091,15.091,14.9,14.947
2020-08-31T13:00:00Z,14.9,15.091,15.091,14.996,14.9,14.912
2020-08-31T13:30:00Z,14.421,14.996,14.996,14.996,14.9,14.843
2020-08-31T14:00:00Z,14.613,14.9,14.996,14.996,14.709,14.817
2020-08-31T14:30:00Z,15.187,14.996,14.996,14.996,14.517,14.757
2020-08-31T15:00:00Z,14.9,14.996,14.996,14.9,14.517,14.748
2020-08-31T15:30:00Z,15.187,14.996,14.996,14.9,14.517,14.705
2020-08-31T16:00:00Z,14.996,14.9,14.9,14.9,14.517,14.679
2020-08-31T16:30:00Z,15.187,14.9,14.9,14.9,14.421,14.619
2020-08-31T17:00:00Z,15.187,14.9,14.996,14.9,14.325,14.662
2020-08-31T17:30:00Z,16.618,15.091,15.091,15.091,14.517,14.688
2020-08-31T18:00:00Z,16.332,15.091,15.091,14.9,14.517,14.714
2020-08-31T18:30:00Z,16.332,15.091,15.091,14.996,14.613,14.705
2020-08-31T19:00:00Z,16.618,15.187,15.091,15.091,14.709,14.74
2020-08-31T19:30:00Z,16.046,15.091,15.091,14.996,14.709,14.766
2020-08-31T20:00:00Z,15.855,15.091,15.091,14.9,14.709,14.783
2020-08-31T20:30:00Z,15.855,15.187,15.091,14.996,14.709,14.783
2020-08-31T21:00:00Z,16.332,15.187,15.187,15.091,14.804,14.766
2020-08-31T21:30:00Z,15.569,15.091,15.091,14.996,14.709,14.774
2020-08-31T22:00:00Z,14.996,14.996,14.996,14.9,14.804,14.748
2020-08-31T22:30:00Z,15.091,14.9,14.996,14.9,14.804,14.679
2020-08-31T23:00:00Z,14.709,14.9,14.9,14.9,14.709,14.688
2020-08-31T23:30:00Z,14.804,14.9,14.9,14.9,14.709,14.671
2020-09-01T00:00:00Z,14.517,14.804,14.9,14.804,14.709,14.671
2020-09-01T00:30:00Z,14.709,14.804,14.9,14.804,14.709,14.645
2020-09-01T01:00:00Z,14.613,14.804,14.804,14.804,14.709,14.593
2020-09-01T01:30:00Z,14.613,14.709,14.804,14.804,14.709,14.567
2020-09-01T02:00:00Z,14.517,14.709,14.804,14.709,14.613,14.55
2020-09-01T02:30:00Z,14.613,14.709,14.709,14.709,14.613,14.498
2020-09-01T03:00:00Z,14.613,14.613,14.709,14.709,14.613,14.472
2020-09-01T03:30:00Z,14.421,14.613,14.613,14.517,14.23,14.437
2020-09-01T04:00:00Z,14.421,14.517,14.613,14.517,14.23,14.368
2020-09-01T04:30:00Z,14.421,14.517,14.517,14.517,14.325,14.35
2020-09-01T05:00:00Z,14.325,14.421,14.517,14.421,14.325,14.316
2020-09-01T05:30:00Z,14.23,14.421,14.517,14.421,14.325,14.272
2020-09-01T06:00:00Z,14.038,14.421,14.421,14.421,14.23,14.229
2020-09-01T06:30:00Z,14.038,14.325,14.421,14.421,14.23,14.203
2020-09-01T07:00:00Z,13.942,14.325,14.325,14.325,14.134,14.177
2020-09-01T07:30:00Z,14.038,14.23,14.325,14.23,14.134,14.125
2020-09-01T08:00:00Z,14.038,14.23,14.325,14.325,14.134,14.073
2020-09-01T08:30:00Z,14.038,14.23,14.23,14.23,14.038,14.038
2020-09-01T09:00:00Z,14.038,14.134,14.23,14.23,13.942,13.995
2020-09-01T09:30:00Z,14.038,14.134,14.134,14.134,13.846,13.951
2020-09-01T10:00:00Z,14.038,14.038,14.134,14.038,13.75,13.899
2020-09-01T10:30:00Z,14.038,14.038,14.038,14.038,13.846,13.829
2020-09-01T11:00:00Z,13.846,13.942,14.038,13.942,13.846,13.82
2020-09-01T11:30:00Z,13.846,13.942,13.942,13.846,13.654,13.794
2020-09-01T12:00:00Z,13.846,13.942,13.942,13.942,13.654,13.742
2020-09-01T12:30:00Z,13.75,13.846,13.942,13.846,13.558,13.716
2020-09-01T13:00:00Z,13.461,13.846,13.846,13.75,13.558,13.62
2020-09-01T13:30:00Z,13.75,13.846,13.846,13.75,13.558,13.62
2020-09-01T14:00:00Z,13.75,13.75,13.846,13.654,13.461,13.594
2020-09-01T14:30:00Z,13.75,13.75,13.75,13.75,13.269,13.585
2020-09-01T15:00:00Z,13.942,13.75,13.75,13.75,13.076,13.524
2020-09-01T15:30:00Z,14.23,13.942,13.846,13.654,13.076,13.524
2020-09-01T16:00:00Z,15.378,14.038,13.942,13.846,13.173,13.506
2020-09-01T16:30:00Z,15.473,14.038,14.038,13.942,13.365,13.541
2020-09-01T17:00:00Z,16.046,14.038,14.134,13.942,13.365,13.541
2020-09-01T17:30:00Z,16.332,14.038,14.134,13.942,13.558,13.567
2020-09-01T18:00:00Z,16.332,14.038,14.134,14.038,13.654,13.672
2020-09-01T18:30:00Z,16.046,14.134,14.23,14.134,13.75,13.759
2020-09-01T19:00:00Z,17.284,14.325,14.325,14.23,13.942,13.847
2020-09-01T19:30:00Z,16.618,14.517,14.325,14.421,13.942,13.951
2020-09-01T20:00:00Z,16.427,14.421,14.325,14.23,13.942,14.012
2020-09-01T20:30:00Z,15.187,14.325,14.134,14.038,13.75,14.142
2020-09-01T21:00:00Z,14.804,14.325,14.134,14.038,13.75,14.186
2020-09-01T21:30:00Z,16.141,14.517,14.421,14.038,13.942,14.194
2020-09-01T22:00:00Z,15.091,14.421,14.325,13.942,13.846,14.194
2020-09-01T22:30:00Z,15.091,14.517,14.325,14.038,13.846,14.16
2020-09-01T23:00:00Z,15.569,14.709,14.613,14.325,13.942,14.177
2020-09-01T23:30:00Z,15.091,14.517,14.421,14.038,13.846,14.229
2020-09-02T00:00:00Z,15.569,14.709,14.613,14.134,13.942,14.264
2020-09-02T00:30:00Z,15.473,14.613,14.517,14.134,13.942,14.333
2020-09-02T01:00:00Z,14.9,14.421,14.325,14.038,13.846,14.316
2020-09-02T01:30:00Z,14.517,14.421,14.325,14.23,13.846,14.298
2020-09-02T02:00:00Z,14.421,14.325,14.325,14.134,13.846,14.22
2020-09-02T02:30:00Z,14.325,14.421,14.325,13.942,13.846,14.229
2020-09-02T03:00:00Z,14.23,14.325,14.421,13.942,13.846,14.229
2020-09-02T03:30:00Z,14.23,14.325,14.325,14.038,13.846,14.22
2020-09-02T04:00:00Z,14.325,14.325,14.325,14.038,13.846,14.194
2020-09-02T04:30:00Z,14.23,14.23,14.23,14.134,13.846,14.151
2020-09-02T05:00:00Z,13.846,14.23,14.23,14.134,13.846,14.108
2020-09-02T05:30:00Z,13.942,14.23,14.325,14.134,13.846,14.081
2020-09-02T06:00:00Z,14.038,14.23,14.23,14.134,13.846,14.073
2020-09-02T06:30:00Z,14.134,14.23,14.23,13.942,13.846,14.038
2020-09-02T07:00:00Z,14.038,14.134,14.23,14.038,13.846,13.986
2020-09-02T07:30:00Z,13.942,14.134,14.23,14.038,13.846,13.977
2020-09-02T08:00:00Z,13.558,14.134,14.134,13.942,13.846,13.942
2020-09-02T08:30:00Z,13.846,14.038,14.134,13.942,13.846,13.907
2020-09-02T09:00:00Z,13.942,14.038,14.038,13.942,13.846,13.855
2020-09-02T09:30:00Z,13.558,13.942,14.038,13.942,13.846,13.838
2020-09-02T10:00:00Z,13.75,13.942,14.038,14.038,13.846,13.803
2020-09-02T10:30:00Z,13.846,13.942,13.942,13.846,13.846,13.759
2020-09-02T11:00:00Z,13.75,13.942,13.942,13.942,13.846,13.751
2020-09-02T11:30:00Z,13.75,13.846,13.942,13.846,13.846,13.716
2020-09-02T12:00:00Z,13.75,13.846,13.846,13.75,13.75,13.663
2020-09-02T12:30:00Z,13.75,13.75,13.846,13.846,13.75,13.629
2020-09-02T13:00:00Z,13.75,13.75,13.75,13.75,13.75,13.55
2020-09-02T13:30:00Z,13.654,13.654,13.75,13.654,13.75,13.462
2020-09-02T14:00:00Z,13.558,13.558,13.654,13.654,13.654,13.384
2020-09-02T14:30:00Z,14.134,13.654,13.654,13.654,13.654,13.436
2020-09-02T15:00:00Z,14.325,13.75,13.654,13.654,13.654,13.419
2020-09-02T15:30:00Z,14.613,13.942,13.846,13.654,13.654,13.41
2020-09-02T16:00:00Z,14.709,13.846,13.942,13.75,13.654,13.34
2020-09-02T16:30:00Z,14.804,13.75,13.942,13.75,13.75,13.357
2020-09-02T17:00:00Z,14.996,13.846,14.038,13.846,13.75,13.392
2020-09-02T17:30:00Z,15.664,14.23,14.038,14.038,13.846,13.401
2020-09-02T18:00:00Z,15.951,13.942,13.942,14.134,13.942,13.48
2020-09-02T18:30:00Z,16.427,14.038,14.23,14.038,13.942,13.524
2020-09-02T19:00:00Z,16.523,14.23,14.134,14.23,14.038,13.611
2020-09-02T19:30:00Z,15.76,14.23,14.23,14.421,14.038,13.777
2020-09-02T20:00:00Z,16.713,14.325,14.23,14.613,14.134,13.777
2020-09-02T20:30:00Z,16.237,14.709,14.23,14.517,14.134,13.847
2020-09-02T21:00:00Z,15.473,14.517,14.23,14.325,14.038,13.873
2020-09-02T21:30:00Z,16.046,14.804,14.421,14.709,14.134,13.925
2020-09-02T22:00:00Z,15.664,14.517,14.421,14.613,14.134,14.055
2020-09-02T22:30:00Z,16.903,14.804,14.613,14.517,14.23,14.108
2020-09-02T23:00:00Z,15.855,14.517,14.421,14.325,14.134,14.22
2020-09-02T23:30:00Z,14.9,14.421,14.421,14.325,14.038,14.22
2020-09-03T00:00:00Z,14.804,14.325,14.421,14.23,14.038,14.272
2020-09-03T00:30:00Z,15.282,14.517,14.517,14.421,14.134,14.272
2020-09-03T01:00:00Z,14.9,14.421,14.325,14.325,14.134,14.246
2020-09-03T01:30:00Z,14.517,14.325,14.325,14.325,14.134,14.186
2020-09-03T02:00:00Z,14.325,14.325,14.325,14.23,14.134,14.212
2020-09-03T02:30:00Z,14.325,14.325,14.325,14.23,14.134,14.177
2020-09-03T03:00:00Z,14.23,14.23,14.325,14.23,14.134,14.125
2020-09-03T03:30:00Z,14.23,14.23,14.325,14.23,14.134,14.142
2020-09-03T04:00:00Z,14.23,14.23,14.325,14.23,14.038,14.099
2020-09-03T04:30:00Z,14.23,14.23,14.325,14.23,14.134,14.125
2020-09-03T05:00:00Z,14.23,14.23,14.325,14.134,14.134,14.064
2020-09-03T05:30:00Z,14.134,14.134,14.23,14.23,14.134,14.029
2020-09-03T06:00:00Z,14.038,14.134,14.23,14.23,14.134,14.003
2020-09-03T06:30:00Z,13.942,14.134,14.23,14.23,14.134,13.968
2020-09-03T07:00:00Z,14.038,14.134,14.23,14.23,14.134,13.995
2020-09-03T07:30:00Z,14.134,14.134,14.23,14.134,14.23,13.968
2020-09-03T08:00:00Z,14.038,14.134,14.134,14.134,14.134,13.942
2020-09-03T08:30:00Z,13.942,14.038,14.134,14.134,14.038,13.916
2020-09-03T09:00:00Z,14.038,14.038,14.134,14.134,14.038,13.907
2020-09-03T09:30:00Z,13.942,14.038,14.038,13.942,13.846,13.847
2020-09-03T10:00:00Z,13.942,13.942,14.038,13.942,13.75,13.803
2020-09-03T10:30:00Z,13.942,13.942,13.942,13.942,13.846,13.759
2020-09-03T11:00:00Z,13.846,13.846,13.942,13.942,13.846,13.733
2020-09-03T11:30:00Z,13.846,13.846,13.846,13.846,13.846,13.655
2020-09-03T12:00:00Z,13.75,13.846,13.846,13.846,13.75,13.663
2020-09-03T12:30:00Z,13.75,13.75,13.846,13.846,13.75,13.611
2020-09-03T13:00:00Z,13.75,13.75,13.846,13.75,13.654,13.594
2020-09-03T13:30:00Z,13.654,13.75,13.75,13.75,13.654,13.55
2020-09-03T14:00:00Z,13.558,13.654,13.75,13.75,13.654,13.515
2020-09-03T14:30:00Z,13.75,13.654,13.75,13.75,13.654,13.515
2020-09-03T15:00:00Z,14.134,13.846,13.846,13.75,13.654,13.506
2020-09-03T15:30:00Z,15.473,13.846,13.846,13.846,13.654,13.541
2020-09-03T16:00:00Z,14.709,13.942,13.846,13.942,13.75,13.559
2020-09-03T16:30:00Z,14.9,14.038,14.134,13.942,13.846,13.567
2020-09-03T17:00:00Z,14.996,14.038,14.134,13.942,13.846,13.62
2020-09-03T17:30:00Z,14.613,14.038,14.038,14.038,13.846,13.655
2020-09-03T18:00:00Z,15.378,14.134,14.23,14.134,13.942,13.724
2020-09-03T18:30:00Z,16.141,14.325,14.325,14.23,14.038,13.82
2020-09-03T19:00:00Z,15.76,14.421,14.325,14.421,14.134,13.916
2020-09-03T19:30:00Z,17.475,14.613,14.325,14.325,14.23,14.055
2020-09-03T20:00:00Z,17.379,14.517,14.517,14.325,14.23,14.125
2020-09-03T20:30:00Z,17.76,14.804,14.709,14.23,14.23,14.22
2020-09-03T21:00:00Z,18.616,14.804,14.517,14.421,14.23,14.35
2020-09-03T21:30:00Z,18.045,14.804,14.517,14.325,14.23,14.454
2020-09-03T22:00:00Z,16.618,14.709,14.421,14.23,14.23,14.498
2020-09-03T22:30:00Z,17.094,14.996,14.421,14.325,14.23,14.714
2020-09-03T23:00:00Z,17.284,15.091,14.613,14.421,14.134,14.852
2020-09-03T23:30:00Z,16.808,14.9,14.421,14.23,14.134,14.662
2020-09-04T00:00:00Z,16.427,14.996,14.325,14.23,14.134,14.981
2020-09-04T00:30:00Z,16.141,14.804,14.421,14.23,14.134,15.016
2020-09-04T01:00:00Z,15.664,14.709,14.325,14.134,14.038,15.205
2020-09-04T01:30:00Z,15.378,14.613,14.421,14.134,14.038,15.214
2020-09-04T02:00:00Z,15.282,14.709,14.325,14.134,14.038,15.033
2020-09-04T02:30:00Z,15.091,14.613,14.325,14.134,14.038,14.964
2020-09-04T03:00:00Z,15.091,14.613,14.421,14.134,14.038,14.921
2020-09-04T03:30:00Z,14.9,14.996,14.421,14.134,14.038,14.861
2020-09-04T04:00:00Z,14.804,14.709,14.325,14.134,14.038,14.852
2020-09-04T04:30:00Z,14.804,14.804,14.325,14.23,14.038,14.8
2020-09-04T05:00:00Z,14.804,14.804,14.325,14.134,14.038,14.722
2020-09-04T05:30:00Z,14.709,14.804,14.325,14.134,14.038,14.627
2020-09-04T06:00:00Z,14.421,14.709,14.421,14.134,14.038,14.584
2020-09-04T06:30:00Z,14.325,14.613,14.325,14.134,14.134,14.541
2020-09-04T07:00:00Z,14.23,14.613,14.325,14.134,14.038,14.472
2020-09-04T07:30:00Z,14.134,14.613,14.325,14.134,14.038,14.437
2020-09-04T08:00:00Z,14.038,14.517,14.325,14.134,14.038,14.411
2020-09-04T08:30:00Z,13.942,14.517,14.325,14.134,14.038,14.35
2020-09-04T09:00:00Z,14.038,14.421,14.325,14.134,14.038,14.324
2020-09-04T09:30:00Z,14.038,14.421,14.325,14.134,14.038,14.29
2020-09-04T10:00:00Z,13.846,14.421,14.325,14.134,14.038,14.255
2020-09-04T10:30:00Z,13.846,14.325,14.325,14.134,14.038,14.212
2020-09-04T11:00:00Z,13.75,14.325,14.23,14.134,14.038,14.142
2020-09-04T11:30:00Z,13.75,14.23,14.23,14.134,14.038,14.151
2020-09-04T12:00:00Z,13.654,14.23,14.23,14.038,14.038,14.099
2020-09-04T12:30:00Z,13.558,14.23,14.23,14.134,14.038,14.047
2020-09-04T13:00:00Z,13.654,14.134,14.23,14.134,14.038,14.021
2020-09-04T13:30:00Z,13.846,14.134,14.23,14.038,14.038,13.995
2020-09-04T14:00:00Z,13.942,14.134,14.23,14.134,13.942,13.968
2020-09-04T14:30:00Z,13.846,14.23,14.23,14.134,13.942,13.968
2020-09-04T15:00:00Z,15.091,14.23,14.23,14.23,13.942,13.968
2020-09-04T15:30:00Z,15.664,14.325,14.23,14.325,14.038,13.96
2020-09-04T16:00:00Z,16.332,14.325,14.325,14.325,14.134,13.977
2020-09-04T16:30:00Z,16.523,14.421,14.325,14.325,14.23,14.064
2020-09-04T17:00:00Z,16.713,14.613,14.421,14.421,14.23,14.073
2020-09-04T17:30:00Z,16.903,14.709,14.421,14.421,14.325,14.142
2020-09-04T18:00:00Z,17.475,14.804,14.517,14.517,14.421,14.22
2020-09-04T18:30:00Z,17.57,14.9,14.613,14.517,14.421,14.342
2020-09-04T19:00:00Z,17.284,15.187,14.517,14.421,14.517,14.48
2020-09-04T19:30:00Z,17.665,15.187,14.613,14.517,14.517,14.74
2020-09-04T20:00:00Z,17.665,15.187,14.613,14.613,14.517,14.826
2020-09-04T20:30:00Z,17.95,15.282,14.709,14.613,14.517,14.947
2020-09-04T21:00:00Z,17.855,15.855,14.709,14.709,14.517,15.076
2020-09-04T21:30:00Z,17.855,15.569,14.709,14.709,14.517,15.231
2020-09-04T22:00:00Z,18.331,15.378,14.804,14.709,14.517,15.403
2020-09-04T22:30:00Z,17.475,15.282,14.9,14.709,14.517,15.48
2020-09-04T23:00:00Z,17.475,15.378,14.804,14.613,14.517,15.282
2020-09-04T23:30:00Z,17.284,15.569,14.709,14.517,14.421,15.368
2020-09-05T00:00:00Z,17.094,15.569,14.709,14.517,14.421,15.368
2020-09-05T00:30:00Z,17.189,15.378,14.613,14.517,14.421,15.411
2020-09-05T01:00:00Z,16.046,15.091,14.709,14.517,14.421,15.497
2020-09-05T01:30:00Z,15.855,14.996,14.709,14.517,14.421,15.497
2020-09-05T02:00:00Z,15.76,15.282,14.613,14.421,14.421,15.394
2020-09-05T02:30:00Z,15.569,14.996,14.709,14.421,14.421,15.557
2020-09-05T03:00:00Z,15.378,14.9,14.613,14.421,14.421,15.497
2020-09-05T03:30:00Z,15.378,14.996,14.613,14.421,14.421,15.583
2020-09-05T04:00:00Z,15.378,15.091,14.613,14.421,14.421,15.566
2020-09-05T04:30:00Z,15.187,15.187,14.613,14.517,14.421,15.506
2020-09-05T05:00:00Z,15.187,15.282,14.613,14.421,14.421,15.42
2020-09-05T05:30:00Z,15.187,14.996,14.613,14.421,14.421,15.411
2020-09-05T06:00:00Z,15.091,14.996,14.613,14.421,14.421,15.36
2020-09-05T06:30:00Z,15.091,15.187,14.613,14.421,14.421,15.291
2020-09-05T07:00:00Z,14.996,15.187,14.613,14.421,14.421,15.239
2020-09-05T07:30:00Z,14.996,15.091,14.709,14.421,14.325,15.162
2020-09-05T08:00:00Z,14.804,15.187,14.613,14.421,14.421,15.11
2020-09-05T08:30:00Z,14.804,15.187,14.613,14.421,14.421,15.05
2020-09-05T09:00:00Z,14.709,15.187,14.613,14.421,14.421,15.007
2020-09-05T09:30:00Z,14.709,15.091,14.613,14.421,14.325,14.973
2020-09-05T10:00:00Z,14.804,15.091,14.613,14.421,14.325,14.955
2020-09-05T10:30:00Z,14.804,14.996,14.613,14.421,14.325,14.904
2020-09-05T11:00:00Z,14.804,14.996,14.613,14.421,14.325,14.878
2020-09-05T11:30:00Z,14.613,14.996,14.613,14.421,14.325,14.852
2020-09-05T12:00:00Z,14.613,14.996,14.613,14.421,14.325,14.843
2020-09-05T12:30:00Z,14.709,14.9,14.613,14.421,14.325,14.774
2020-09-05T13:00:00Z,14.613,14.804,14.613,14.421,14.325,14.731
2020-09-05T13:30:00Z,14.613,14.804,14.613,14.421,14.325,14.714
2020-09-05T14:00:00Z,14.804,14.9,14.613,14.421,14.325,14.705
2020-09-05T14:30:00Z,15.187,14.9,14.709,14.517,14.421,14.679
2020-09-05T15:00:00Z,15.378,14.9,14.709,14.517,14.421,14.653
2020-09-05T15:30:00Z,16.046,14.996,14.804,14.613,14.421,14.619
2020-09-05T16:00:00Z,15.951,14.996,14.9,14.709,14.517,14.627
2020-09-05T16:30:00Z,16.332,14.996,14.996,14.613,14.517,14.679
2020-09-05T17:00:00Z,16.427,15.091,14.996,14.709,14.517,14.697
2020-09-05T17:30:00Z,16.808,15.187,14.996,14.9,14.613,14.705
2020-09-05T18:00:00Z,17.094,15.187,15.091,14.804,14.709,14.74
2020-09-05T18:30:00Z,16.618,15.187,15.091,14.996,14.804,14.843
2020-09-05T19:00:00Z,17.855,15.473,15.187,14.996,14.804,14.912
2020-09-05T19:30:00Z,16.808,15.282,15.187,14.996,14.709,14.973
2020-09-05T20:00:00Z,17.475,15.569,14.996,14.996,14.709,15.248
2020-09-05T20:30:00Z,16.999,15.76,15.282,14.996,14.804,15.291
2020-09-05T21:00:00Z,17.855,15.76,15.187,14.996,14.804,15.351
2020-09-05T21:30:00Z,17.76,15.76,15.282,15.091,14.804,15.411
2020-09-05T22:00:00Z,17.665,15.76,15.187,14.996,14.804,15.514
2020-09-05T22:30:00Z,17.094,15.951,15.282,14.9,14.804,15.548
2020-09-05T23:00:00Z,16.903,15.855,15.187,14.996,14.804,15.583
2020-09-05T23:30:00Z,16.713,16.046,15.378,14.996,14.9,15.72
2020-09-06T00:00:00Z,16.618,15.855,15.282,14.996,14.804,15.668
2020-09-06T00:30:00Z,16.427,15.855,15.091,14.9,14.804,15.617
2020-09-06T01:00:00Z,15.855,15.76,15.091,14.996,14.709,15.626
2020-09-06T01:30:00Z,15.664,15.76,15.187,14.9,14.804,15.548
2020-09-06T02:00:00Z,15.664,15.569,15.091,14.996,14.709,15.497
2020-09-06T02:30:00Z,15.473,15.569,15.187,14.804,14.709,15.42
2020-09-06T03:00:00Z,15.378,15.569,15.282,14.709,14.709,15.403
2020-09-06T03:30:00Z,15.378,15.473,15.091,14.9,14.709,15.351
2020-09-06T04:00:00Z,15.187,15.473,15.091,14.9,14.709,15.3
2020-09-06T04:30:00Z,14.9,15.378,15.187,14.804,14.709,15.248
2020-09-06T05:00:00Z,14.9,15.378,15.282,14.9,14.709,15.205
2020-09-06T05:30:00Z,14.709,15.282,15.282,14.804,14.709,15.162
2020-09-06T06:00:00Z,14.709,15.282,15.091,14.9,14.709,15.136
2020-09-06T06:30:00Z,14.517,15.187,15.187,14.804,14.709,15.076
2020-09-06T07:00:00Z,14.613,15.187,15.187,14.9,14.709,15.042
2020-09-06T07:30:00Z,14.996,15.091,15.091,14.9,14.709,14.981
2020-09-06T08:00:00Z,14.996,15.091,15.091,14.804,14.709,14.955
2020-09-06T08:30:00Z,14.996,15.091,15.091,14.804,14.709,14.904
2020-09-06T09:00:00Z,14.9,14.996,14.996,14.804,14.709,14.861
2020-09-06T09:30:00Z,14.996,14.996,14.996,14.804,14.709,14.852
2020-09-06T10:00:00Z,14.9,14.996,14.996,14.804,14.709,14.766
2020-09-06T10:30:00Z,14.709,14.9,14.996,14.804,14.613,14.774
2020-09-06T11:00:00Z,14.23,14.9,14.9,14.804,14.613,14.748
2020-09-06T11:30:00Z,14.23,14.804,14.9,14.709,14.709,14.722
2020-09-06T12:00:00Z,14.134,14.804,14.9,14.804,14.613,14.679
2020-09-06T12:30:00Z,14.134,14.804,14.804,14.709,14.613,14.636
2020-09-06T13:00:00Z,13.942,14.804,14.804,14.804,14.613,14.61
2020-09-06T13:30:00Z,14.134,14.804,14.804,14.709,14.613,14.61
2020-09-06T14:00:00Z,14.517,14.709,14.804,14.709,14.613,14.576
2020-09-06T14:30:00Z,14.709,14.709,14.804,14.709,14.517,14.532
2020-09-06T15:00:00Z,14.996,14.804,14.9,14.709,14.517,14.541
2020-09-06T15:30:00Z,15.76,14.9,14.996,14.804,14.613,14.55
2020-09-06T16:00:00Z,16.046,14.996,14.9,14.9,14.709,14.55
2020-09-06T16:30:00Z,16.903,15.091,14.9,14.996,14.804,14.601
2020-09-06T17:00:00Z,16.999,15.187,14.996,15.091,14.804,14.645
2020-09-06T17:30:00Z,16.999,15.282,14.996,15.187,14.804,14.714
2020-09-06T18:00:00Z,17.665,15.091,15.091,15.091,14.9,14.757
2020-09-06T18:30:00Z,18.331,15.282,15.187,15.187,14.996,14.835
2020-09-06T19:00:00Z,18.521,15.378,15.187,15.282,15.091,14.843
2020-09-06T19:30:00Z,17.855,15.473,15.187,15.187,15.091,15.076
2020-09-06T20:00:00Z,18.806,15.473,15.473,15.378,15.187,15.205
2020-09-06T20:30:00Z,17.95,15.664,15.569,15.282,15.187,15.171
2020-09-06T21:00:00Z,18.711,15.473,15.569,15.473,15.187,15.566
2020-09-06T21:30:00Z,17.76,15.569,15.378,15.282,15.091,15.463
2020-09-06T22:00:00Z,17.665,16.046,15.473,15.187,15.187,15.634
2020-09-06T22:30:00Z,17.665,15.664,15.378,15.187,15.091,15.3
2020-09-06T23:00:00Z,17.665,16.046,15.569,15.187,15.091,15.822
2020-09-06T23:30:00Z,17.665,15.951,15.282,15.187,15.091,15.891
2020-09-07T00:00:00Z,16.808,15.855,15.378,15.187,15.091,15.831
2020-09-07T00:30:00Z,16.713,15.664,15.187,15.187,15.091,15.6
2020-09-07T01:00:00Z,16.237,15.569,15.282,15.187,14.996,15.814
2020-09-07T01:30:00Z,16.046,15.569,15.187,14.996,14.996,15.771
2020-09-07T02:00:00Z,15.855,15.855,15.282,14.996,14.996,15.703
2020-09-07T02:30:00Z,15.76,15.76,15.282,14.996,14.996,15.643
2020-09-07T03:00:00Z,15.76,15.664,15.187,14.996,14.996,15.634
2020-09-07T03:30:00Z,15.664,15.664,15.282,14.996,14.996,15.54
2020-09-07T04:00:00Z,15.569,15.569,15.282,15.091,14.996,15.506
2020-09-07T04:30:00Z,15.473,15.569,15.282,14.996,14.996,15.471
2020-09-07T05:00:00Z,15.473,15.569,15.282,14.996,14.996,15.454
2020-09-07T05:30:00Z,15.378,15.473,15.187,15.091,14.996,15.368
2020-09-07T06:00:00Z,15.282,15.378,15.282,15.091,14.996,15.325
2020-09-07T06:30:00Z,15.187,15.378,15.282,15.091,14.996,15.308
2020-09-07T07:00:00Z,15.187,15.282,15.282,15.091,14.996,15.265
2020-09-07T07:30:00Z,15.187,15.378,15.282,15.091,14.996,15.239
2020-09-07T08:00:00Z,15.282,15.378,15.187,14.996,14.996,15.214
2020-09-07T08:30:00Z,15.091,15.282,15.187,14.996,14.996,15.162
2020-09-07T09:00:00Z,15.091,15.282,15.187,15.091,14.996,15.136
2020-09-07T09:30:00Z,15.187,15.187,15.187,14.996,14.9,15.093
2020-09-07T10:00:00Z,14.996,15.187,15.187,15.091,14.9,15.05
2020-09-07T10:30:00Z,14.996,15.187,15.187,14.996,14.996,15.016
2020-09-07T11:00:00Z,14.804,15.187,15.187,14.996,14.996,15.007
2020-09-07T11:30:00Z,15.091,15.091,15.091,14.996,14.9,14.955
2020-09-07T12:00:00Z,14.9,15.091,15.091,14.996,14.9,14.912
2020-09-07T12:30:00Z,14.613,14.996,15.091,14.996,14.9,14.886
2020-09-07T13:00:00Z,14.613,14.996,14.996,14.996,14.9,14.869
2020-09-07T13:30:00Z,14.613,14.996,14.996,14.996,14.9,14.817
2020-09-07T14:00:00Z,14.709,14.9,14.996,14.996,14.804,14.8
2020-09-07T14:30:00Z,14.709,14.9,14.996,14.9,14.804,14.774
2020-09-07T15:00:00Z,14.9,14.9,14.9,14.9,14.804,14.688
2020-09-07T15:30:00Z,14.709,14.804,14.9,14.804,14.709,14.601
2020-09-07T16:00:00Z,14.613,14.709,14.804,14.804,14.613,14.506
2020-09-07T16:30:00Z,14.517,14.613,14.709,14.613,14.325,14.454
2020-09-07T17:00:00Z,14.421,14.517,14.613,14.613,14.421,14.385
2020-09-07T17:30:00Z,14.421,14.421,14.421,14.421,14.23,14.29
2020-09-07T18:00:00Z,14.325,14.325,14.325,14.23,14.038,14.142
2020-09-07T18:30:00Z,14.613,14.325,14.325,14.23,13.846,14.055
2020-09-07T19:00:00Z,14.421,14.23,14.23,14.134,13.942,13.977
2020-09-07T19:30:00Z,14.613,14.23,14.23,14.134,13.75,13.942
2020-09-07T20:00:00Z,14.613,14.134,14.134,14.038,13.654,13.855
2020-09-07T20:30:00Z,14.421,14.038,14.134,14.038,13.75,13.803
2020-09-07T21:00:00Z,14.421,13.942,14.038,13.942,13.846,13.751
2020-09-07T21:30:00Z,14.517,13.942,14.038,13.942,13.654,13.663
2020-09-07T22:00:00Z,14.421,13.942,13.942,13.942,13.558,13.646
2020-09-07T22:30:00Z,14.421,13.942,13.942,13.942,13.654,13.594
2020-09-07T23:00:00Z,14.23,13.846,13.942,13.846,13.75,13.611
2020-09-07T23:30:00Z,14.134,13.75,13.846,13.75,13.558,13.541
2020-09-08T00:00:00Z,14.038,13.75,13.846,13.75,13.654,13.497
2020-09-08T00:30:00Z,13.558,13.75,13.75,13.75,13.365,13.454
2020-09-08T01:00:00Z,13.365,13.654,13.654,13.654,13.365,13.419
2020-09-08T01:30:00Z,13.076,13.558,13.654,13.558,13.269,13.375
2020-09-08T02:00:00Z,12.883,13.461,13.558,13.558,13.365,13.322
2020-09-08T02:30:00Z,13.173,13.461,13.558,13.461,13.269,13.296
2020-09-08T03:00:00Z,13.173,13.365,13.365,13.365,13.269,13.244
2020-09-08T03:30:00Z,13.173,13.365,13.365,13.365,12.98,13.217
2020-09-08T04:00:00Z,13.076,13.269,13.269,13.269,12.98,13.121
2020-09-08T04:30:00Z,12.98,13.173,13.269,13.173,12.69,13.006
2020-09-08T05:00:00Z,12.883,13.173,13.173,13.076,12.497,13.006
2020-09-08T05:30:00Z,12.497,13.076,13.173,13.076,12.69,12.962
2020-09-08T06:00:00Z,12.69,13.076,12.98,12.883,12.497,12.892
2020-09-08T06:30:00Z,12.594,12.98,12.98,12.883,12.497,12.795
2020-09-08T07:00:00Z,12.11,12.98,12.98,12.883,12.304,12.786
2020-09-08T07:30:00Z,12.11,12.883,12.98,12.883,12.11,12.742
2020-09-08T08:00:00Z,12.401,12.883,12.883,12.69,12.11,12.725
2020-09-08T08:30:00Z,12.11,12.787,12.883,12.69,12.207,12.672
2020-09-08T09:00:00Z,12.013,12.787,12.787,12.69,11.916,12.628
2020-09-08T09:30:00Z,12.013,12.69,12.787,12.594,12.207,12.592
2020-09-08T10:00:00Z,11.916,12.69,12.69,12.594,12.013,12.548
2020-09-08T10:30:00Z,11.625,12.594,12.69,12.497,11.916,12.513
2020-09-08T11:00:00Z,11.722,12.594,12.594,12.497,12.11,12.495
2020-09-08T11:30:00Z,11.625,12.497,12.594,12.497,11.431,12.424
2020-09-08T12:00:00Z,11.334,12.497,12.594,12.401,11.431,12.371
2020-09-08T12:30:00Z,11.625,12.401,12.497,12.401,11.334,12.318
2020-09-08T13:00:00Z,11.819,12.401,12.497,12.401,11.236,12.291
2020-09-08T13:30:00Z,11.819,12.401,12.401,12.401,11.236,12.247
2020-09-08T14:00:00Z,11.431,12.304,12.401,12.401,11.139,12.211
2020-09-08T14:30:00Z,11.819,12.304,12.401,12.304,11.139,12.176
2020-09-08T15:00:00Z,12.207,12.401,12.401,12.304,11.236,12.158
2020-09-08T15:30:00Z,13.75,12.497,12.401,12.401,11.431,12.167
2020-09-08T16:00:00Z,13.75,12.497,12.401,12.401,11.528,12.149
2020-09-08T16:30:00Z,14.134,12.497,12.401,12.497,11.625,12.131
2020-09-08T17:00:00Z,14.325,12.497,12.401,12.497,11.722,12.158
2020-09-08T17:30:00Z,14.804,12.594,12.497,12.594,11.819,12.149
2020-09-08T18:00:00Z,14.709,12.69,12.497,12.594,12.013,12.22
2020-09-08T18:30:00Z,14.9,12.69,12.594,12.594,12.11,12.265
2020-09-08T19:00:00Z,15.282,12.883,12.69,12.594,12.304,12.327
2020-09-08T19:30:00Z,15.76,12.883,12.69,12.594,12.207,12.389
2020-09-08T20:00:00Z,15.855,12.98,12.883,12.594,12.304,12.477
2020-09-08T20:30:00Z,15.187,13.269,12.98,12.594,12.304,12.601
2020-09-08T21:00:00Z,15.76,13.269,12.98,12.69,12.304,12.778
2020-09-08T21:30:00Z,15.091,13.365,12.883,12.69,12.401,12.786
2020-09-08T22:00:00Z,14.709,13.269,12.883,12.69,12.401,12.786
2020-09-08T22:30:00Z,15.473,13.269,12.883,12.594,12.401,13.006
2020-09-08T23:00:00Z,15.282,13.269,12.883,12.69,12.401,13.015
2020-09-08T23:30:00Z,14.421,13.558,12.883,12.594,12.401,13.208
2020-09-09T00:00:00Z,14.613,13.461,12.787,12.594,12.401,13.173
2020-09-09T00:30:00Z,13.75,13.365,12.883,12.497,12.304,13.112
2020-09-09T01:00:00Z,13.076,13.269,12.883,12.401,12.304,13.042
2020-09-09T01:30:00Z,12.98,13.173,12.883,12.401,12.304,13.006
2020-09-09T02:00:00Z,12.594,13.076,12.883,12.497,12.304,12.901
2020-09-09T02:30:00Z,12.207,12.98,12.883,12.497,12.304,12.866
2020-09-09T03:00:00Z,12.207,12.98,12.883,12.497,12.304,12.795
2020-09-09T03:30:00Z,12.013,12.883,12.883,12.497,12.304,12.733
2020-09-09T04:00:00Z,11.819,12.883,12.787,12.497,12.304,12.716
2020-09-09T04:30:00Z,12.401,12.787,12.787,12.497,12.401,12.681
2020-09-09T05:00:00Z,12.207,12.69,12.787,12.594,12.304,12.61
2020-09-09T05:30:00Z,12.594,12.69,12.787,12.497,12.304,12.583
2020-09-09T06:00:00Z,12.401,12.69,12.69,12.497,12.304,12.557
2020-09-09T06:30:00Z,12.207,12.594,12.69,12.401,12.304,12.495
2020-09-09T07:00:00Z,12.11,12.594,12.594,12.401,12.304,12.451
2020-09-09T07:30:00Z,12.401,12.497,12.594,12.401,12.304,12.424
2020-09-09T08:00:00Z,11.722,12.497,12.497,12.401,12.401,12.398
2020-09-09T08:30:00Z,12.304,12.497,12.497,12.401,12.207,12.362
2020-09-09T09:00:00Z,12.207,12.401,12.401,12.401,12.207,12.282
2020-09-09T09:30:00Z,11.819,12.304,12.401,12.304,12.207,12.238
2020-09-09T10:00:00Z,12.11,12.304,12.401,12.401,12.207,12.185
2020-09-09T10:30:00Z,11.916,12.304,12.304,12.304,12.11,12.167
2020-09-09T11:00:00Z,12.11,12.207,12.304,12.304,12.11,12.123
2020-09-09T11:30:00Z,12.013,12.207,12.304,12.207,12.013,12.069
2020-09-09T12:00:00Z,12.013,12.207,12.207,12.207,12.013,12.051
2020-09-09T12:30:00Z,11.625,12.11,12.207,12.207,12.013,12.016
2020-09-09T13:00:00Z,11.431,12.11,12.207,12.11,11.916,11.945
2020-09-09T13:30:00Z,11.431,12.11,12.11,12.11,11.916,11.945
2020-09-09T14:00:00Z,11.236,12.013,12.11,12.11,11.819,11.9
2020-09-09T14:30:00Z,12.013,12.11,12.11,12.11,11.819,11.9
2020-09-09T15:00:00Z,12.594,12.304,12.207,12.11,11.819,11.909
2020-09-09T15:30:00Z,13.173,12.401,12.207,12.207,11.819,11.927
2020-09-09T16:00:00Z,14.23,12.497,12.304,12.304,11.916,11.918
2020-09-09T16:30:00Z,14.23,12.401,12.207,12.304,12.013,11.909
2020-09-09T17:00:00Z,14.709,12.401,12.304,12.401,12.11,11.962
2020-09-09T17:30:00Z,14.9,12.69,12.401,12.401,12.207,12.025
2020-09-09T18:00:00Z,15.378,12.401,12.401,12.497,12.304,12.114
2020-09-09T18:30:00Z,15.76,12.594,12.401,12.497,12.401,12.344
2020-09-09T19:00:00Z,15.664,12.787,12.401,12.401,12.304,12.53
2020-09-09T19:30:00Z,15.473,12.883,12.401,12.401,12.401,12.619
2020-09-09T20:00:00Z,15.282,13.269,12.497,12.497,12.401,12.689
2020-09-09T20:30:00Z,15.091,13.269,12.594,12.401,12.497,12.663
2020-09-09T21:00:00Z,15.091,13.461,12.594,12.401,12.497,12.83
2020-09-09T21:30:00Z,15.187,13.558,12.594,12.497,12.401,12.971
2020-09-09T22:00:00Z,14.9,13.654,12.594,12.594,12.401,13.103
2020-09-09T22:30:00Z,14.9,13.654,12.69,12.497,12.401,13.165
2020-09-09T23:00:00Z,15.091,13.558,12.69,12.497,12.401,13.2
2020-09-09T23:30:00Z,14.709,13.365,12.69,12.594,12.401,13.226
2020-09-10T00:00:00Z,14.421,13.461,12.69,12.594,12.401,13.305
2020-09-10T00:30:00Z,13.942,13.173,12.497,12.304,12.304,13.182
2020-09-10T01:00:00Z,13.461,13.173,12.594,12.304,12.304,13.314
2020-09-10T01:30:00Z,13.269,13.173,12.69,12.304,12.304,13.244
2020-09-10T02:00:00Z,13.365,12.98,12.594,12.304,12.304,13.112
2020-09-10T02:30:00Z,13.269,13.076,12.497,12.304,12.304,13.226
2020-09-10T03:00:00Z,12.98,13.173,12.594,12.304,12.304,13.27
2020-09-10T03:30:00Z,13.076,13.173,12.497,12.304,12.304,13.287
2020-09-10T04:00:00Z,12.594,13.076,12.69,12.304,12.304,13.138
2020-09-10T04:30:00Z,12.594,13.173,12.69,12.304,12.304,13.112
2020-09-10T05:00:00Z,12.69,13.173,12.69,12.401,12.304,13.042
2020-09-10T05:30:00Z,12.401,13.173,12.594,12.304,12.304,13.015
2020-09-10T06:00:00Z,12.497,13.076,12.594,12.304,12.304,12.954
2020-09-10T06:30:00Z,12.401,13.076,12.497,12.304,12.304,12.901
2020-09-10T07:00:00Z,12.497,12.98,12.594,12.304,12.304,12.866
2020-09-10T07:30:00Z,12.69,12.98,12.594,12.304,12.304,12.822
2020-09-10T08:00:00Z,12.304,12.883,12.594,12.304,12.304,12.76
2020-09-10T08:30:00Z,12.207,12.787,12.594,12.304,12.304,12.681
2020-09-10T09:00:00Z,12.11,12.787,12.594,12.304,12.304,12.636
2020-09-10T09:30:00Z,12.013,12.69,12.594,12.304,12.304,12.619
2020-09-10T10:00:00Z,12.11,12.69,12.497,12.401,12.304,12.575
2020-09-10T10:30:00Z,12.013,12.69,12.497,12.401,12.304,12.548
2020-09-10T11:00:00Z,12.013,12.594,12.594,12.304,12.304,12.495
2020-09-10T11:30:00Z,11.916,12.594,12.497,12.304,12.304,12.468
2020-09-10T12:00:00Z,11.916,12.497,12.497,12.304,12.304,12.406
2020-09-10T12:30:00Z,11.819,12.497,12.497,12.304,12.304,12.362
2020-09-10T13:00:00Z,11.819,12.401,12.497,12.304,12.304,12.336
2020-09-10T13:30:00Z,11.916,12.401,12.401,12.304,12.304,12.309
2020-09-10T14:00:00Z,11.722,12.401,12.497,12.304,12.304,12.273
2020-09-10T14:30:00Z,12.013,12.497,12.497,12.401,12.304,12.265
2020-09-10T15:00:00Z,11.916,12.594,12.497,12.401,12.304,12.282
2020-09-10T15:30:00Z,14.23,12.69,12.497,12.497,12.401,12.273
2020-09-10T16:00:00Z,14.804,12.787,12.497,12.594,12.401,12.3
2020-09-10T16:30:00Z,13.654,12.69,12.594,12.69,12.497,12.282
2020-09-10T17:00:00Z,15.473,12.594,12.594,12.787,12.594,12.336
2020-09-10T17:30:00Z,15.664,12.787,12.69,12.787,12.594,12.521
2020-09-10T18:00:00Z,15.569,13.076,12.69,12.787,12.69,12.654
2020-09-10T18:30:00Z,15.569,13.173,12.69,12.69,12.69,12.725
2020-09-10T19:00:00Z,15.951,13.269,12.69,12.787,12.787,12.839
2020-09-10T19:30:00Z,15.951,13.558,12.787,12.787,12.883,12.98
2020-09-10T20:00:00Z,16.427,13.558,12.883,12.883,12.883,13.086
2020-09-10T20:30:00Z,15.76,13.75,12.883,12.883,12.883,13.182
2020-09-10T21:00:00Z,16.808,13.75,12.883,12.98,12.883,13.287
2020-09-10T21:30:00Z,15.473,14.038,13.076,12.883,12.883,13.419
2020-09-10T22:00:00Z,15.282,14.134,13.076,12.883,12.883,13.515
2020-09-10T22:30:00Z,15.091,14.23,13.173,12.98,12.883,13.567
2020-09-10T23:00:00Z,15.091,14.134,13.076,12.98,12.787,13.672
2020-09-10T23:30:00Z,15.855,13.654,12.98,12.787,12.787,13.698
2020-09-11T00:00:00Z,16.046,13.75,13.076,12.787,12.69,13.559
2020-09-11T00:30:00Z,15.091,13.365,13.076,12.69,12.69,13.768
2020-09-11T01:00:00Z,14.325,13.365,12.98,12.69,12.69,13.629
2020-09-11T01:30:00Z,14.038,13.558,12.98,12.69,12.69,13.698
2020-09-11T02:00:00Z,13.846,13.558,12.883,12.69,12.69,13.82
2020-09-11T02:30:00Z,13.75,13.558,12.883,12.69,12.69,13.707
2020-09-11T03:00:00Z,13.558,13.558,12.883,12.69,12.69,13.646
2020-09-11T03:30:00Z,13.558,13.461,12.98,12.69,12.69,13.69
2020-09-11T04:00:00Z,13.558,13.461,12.883,12.69,12.69,13.751
2020-09-11T04:30:00Z,13.365,13.558,12.883,12.69,12.69,13.681
2020-09-11T05:00:00Z,13.269,13.558,12.883,12.69,12.69,13.576
2020-09-11T05:30:00Z,13.269,13.558,12.883,12.69,12.69,13.541
2020-09-11T06:00:00Z,13.076,13.558,12.883,12.69,12.69,13.471
2020-09-11T06:30:00Z,12.98,13.558,12.883,12.69,12.69,13.401
2020-09-11T07:00:00Z,12.883,13.461,12.883,12.69,12.69,13.331
2020-09-11T07:30:00Z,12.98,13.461,12.883,12.69,12.69,13.279
2020-09-11T08:00:00Z,12.787,13.365,12.883,12.69,12.69,13.235
2020-09-11T08:30:00Z,12.98,13.365,12.883,12.69,12.69,13.156
2020-09-11T09:00:00Z,12.787,13.269,12.883,12.69,12.69,13.121
2020-09-11T09:30:00Z,12.594,13.173,12.883,12.69,12.69,13.059
2020-09-11T10:00:00Z,12.594,13.173,12.883,12.69,12.69,13.006
2020-09-11T10:30:00Z,12.497,13.076,12.883,12.69,12.69,12.945
2020-09-11T11:00:00Z,12.401,13.076,12.883,12.69,12.69,12.936
2020-09-11T11:30:00Z,12.401,13.076,12.98,12.69,12.69,12.883
2020-09-11T12:00:00Z,12.401,12.98,12.98,12.69,12.69,12.857
2020-09-11T12:30:00Z,12.304,12.98,12.883,12.69,12.69,12.813
2020-09-11T13:00:00Z,12.304,12.883,12.883,12.69,12.69,12.742
2020-09-11T13:30:00Z,12.304,12.883,12.883,12.69,12.69,12.733
2020-09-11T14:00:00Z,12.401,12.883,12.883,12.69,12.69,12.663
2020-09-11T14:30:00Z,12.883,12.883,12.787,12.69,12.69,12.681
2020-09-11T15:00:00Z,13.75,12.98,12.787,12.787,12.69,12.663
2020-09-11T15:30:00Z,14.325,13.076,12.883,12.883,12.69,12.707
2020-09-11T16:00:00Z,13.942,13.173,12.98,12.98,12.787,12.681
2020-09-11T16:30:00Z,13.846,13.076,13.076,12.98,12.883,12.689
2020-09-11T17:00:00Z,14.23,13.076,13.076,13.173,12.883,12.76
2020-09-11T17:30:00Z,13.365,13.173,13.076,13.173,13.076,12.866
2020-09-11T18:00:00Z,13.558,13.365,13.173,13.173,13.076,12.954
2020-09-11T18:30:00Z,14.996,13.461,13.365,13.173,13.076,13.024
2020-09-11T19:00:00Z,14.23,13.558,13.461,13.269,13.173,13.129
2020-09-11T19:30:00Z,13.846,13.75,13.461,13.173,13.173,13.305
2020-09-11T20:00:00Z,13.942,13.846,13.654,13.269,13.269,13.384
2020-09-11T20:30:00Z,14.134,13.942,13.846,13.269,13.269,13.454
2020-09-11T21:00:00Z,14.421,14.038,13.558,13.365,13.269,13.567
2020-09-11T21:30:00Z,14.709,14.134,13.846,13.269,13.173,13.698
2020-09-11T22:00:00Z,14.421,14.23,13.75,13.269,13.173,13.786
2020-09-11T22:30:00Z,16.618,14.325,13.654,13.269,13.173,13.873
2020-09-11T23:00:00Z,15.473,14.23,13.558,13.269,13.173,13.916
2020-09-11T23:30:00Z,15.282,14.23,13.75,13.269,13.173,13.934
2020-09-12T00:00:00Z,15.187,14.134,13.75,13.173,13.173,13.89
2020-09-12T00:30:00Z,14.23,14.038,13.654,13.173,13.076,13.968
2020-09-12T01:00:00Z,13.942,14.134,13.942,13.173,13.076,13.934
2020-09-12T01:30:00Z,13.846,14.038,13.75,13.173,13.076,13.977
2020-09-12T02:00:00Z,13.75,14.038,13.75,13.173,13.076,13.951
2020-09-12T02:30:00Z,13.654,14.038,13.654,13.076,13.076,13.916
2020-09-12T03:00:00Z,13.558,13.942,13.654,13.173,13.076,13.855
2020-09-12T03:30:00Z,13.654,13.942,13.75,13.173,13.076,13.82
2020-09-12T04:00:00Z,13.846,13.942,13.75,13.173,13.076,13.794
2020-09-12T04:30:00Z,13.75,13.846,13.654,13.173,13.076,13.733
2020-09-12T05:00:00Z,13.654,13.846,13.75,13.173,13.076,13.681
2020-09-12T05:30:00Z,13.558,13.75,13.75,13.173,13.076,13.637
2020-09-12T06:00:00Z,13.269,13.75,13.75,13.173,13.076,13.585
2020-09-12T06:30:00Z,13.076,13.75,13.75,13.173,13.076,13.567
2020-09-12T07:00:00Z,13.269,13.654,13.75,13.173,13.076,13.559
2020-09-12T07:30:00Z,13.173,13.654,13.654,13.076,13.076,13.506
2020-09-12T08:00:00Z,13.173,13.654,13.654,13.173,13.076,13.489
2020-09-12T08:30:00Z,13.269,13.558,13.558,13.173,13.076,13.436
2020-09-12T09:00:00Z,12.883,13.558,13.558,13.173,13.076,13.41
2020-09-12T09:30:00Z,12.98,13.558,13.461,13.269,13.076,13.384
2020-09-12T10:00:00Z,12.98,13.461,13.558,13.173,13.076,13.34
2020-09-12T10:30:00Z,12.787,13.461,13.461,13.173,13.076,13.322
2020-09-12T11:00:00Z,12.98,13.461,13.461,13.173,13.076,13.27
2020-09-12T11:30:00Z,13.269,13.365,13.461,13.173,13.076,13.226
2020-09-12T12:00:00Z,13.269,13.365,13.365,13.076,13.076,13.173
2020-09-12T12:30:00Z,13.269,13.269,13.365,13.076,13.076,13.156
2020-09-12T13:00:00Z,13.269,13.269,13.269,13.173,13.076,13.077
2020-09-12T13:30:00Z,13.173,13.269,13.269,13.076,13.076,13.059
2020-09-12T14:00:00Z,13.173,13.173,13.269,13.173,13.076,13.033
2020-09-12T14:30:00Z,13.365,13.269,13.269,13.269,12.98,13.006
2020-09-12T15:00:00Z,13.269,13.269,13.269,13.269,12.98,13.033
2020-09-12T15:30:00Z,14.325,13.365,13.365,13.365,13.076,13.068
2020-09-12T16:00:00Z,15.187,13.365,13.365,13.461,13.076,13.059
2020-09-12T16:30:00Z,15.282,13.461,13.365,13.461,13.173,13.068
2020-09-12T17:00:00Z,15.091,13.558,13.461,13.558,13.269,13.121
2020-09-12T17:30:00Z,15.855,13.75,13.461,13.558,13.269,13.226
2020-09-12T18:00:00Z,16.141,13.846,13.558,13.558,13.365,13.305
2020-09-12T18:30:00Z,16.046,13.942,13.654,13.558,13.461,13.366
2020-09-12T19:00:00Z,16.046,14.134,13.654,13.461,13.461,13.515
2020-09-12T19:30:00Z,16.237,14.325,13.654,13.461,13.461,13.594
2020-09-12T20:00:00Z,16.903,14.23,13.75,13.75,13.558,13.663
2020-09-12T20:30:00Z,16.046,14.23,13.654,13.558,13.558,13.759
2020-09-12T21:00:00Z,17.284,14.23,13.846,13.75,13.558,13.803
2020-09-12T21:30:00Z,16.046,14.325,13.846,13.654,13.558,13.942
2020-09-12T22:00:00Z,15.951,14.517,13.942,13.558,13.558,14.09
2020-09-12T22:30:00Z,16.332,14.325,13.942,13.75,13.558,14.064
2020-09-12T23:00:00Z,15.664,14.421,13.846,13.654,13.461,14.186
2020-09-12T23:30:00Z,15.473,14.23,13.75,13.654,13.461,14.108
2020-09-13T00:00:00Z,15.187,14.517,13.942,13.654,13.461,14.376
2020-09-13T00:30:00Z,14.996,14.23,13.654,13.461,13.461,14.368
2020-09-13T01:00:00Z,14.613,14.23,13.846,13.558,13.365,14.333
2020-09-13T01:30:00Z,14.23,14.134,13.846,13.461,13.365,14.376
2020-09-13T02:00:00Z,14.23,14.134,13.942,13.461,13.365,14.16
2020-09-13T02:30:00Z,14.23,14.134,13.654,13.558,13.365,14.333
2020-09-13T03:00:00Z,13.942,14.134,13.75,13.461,13.365,14.203
2020-09-13T03:30:00Z,13.846,14.134,13.846,13.461,13.365,14.238
2020-09-13T04:00:00Z,14.038,14.23,13.75,13.461,13.365,14.16
2020-09-13T04:30:00Z,13.942,14.23,13.846,13.461,13.365,14.09
2020-09-13T05:00:00Z,14.038,14.134,13.846,13.461,13.365,14.012
2020-09-13T05:30:00Z,13.654,14.134,13.846,13.461,13.365,13.968
2020-09-13T06:00:00Z,13.558,14.038,13.846,13.461,13.365,13.925
2020-09-13T06:30:00Z,13.365,14.038,13.75,13.461,13.365,13.873
2020-09-13T07:00:00Z,13.365,14.038,13.846,13.461,13.365,13.855
2020-09-13T07:30:00Z,13.269,13.942,13.75,13.461,13.365,13.82
2020-09-13T08:00:00Z,13.173,13.942,13.75,13.461,13.365,13.786
2020-09-13T08:30:00Z,13.173,13.846,13.942,13.461,13.365,13.742
2020-09-13T09:00:00Z,13.076,13.846,13.846,13.461,13.365,13.698
2020-09-13T09:30:00Z,12.98,13.846,13.846,13.461,13.365,13.663
2020-09-13T10:00:00Z,13.076,13.75,13.846,13.461,13.365,13.611
2020-09-13T10:30:00Z,13.076,13.75,13.846,13.461,13.365,13.594
2020-09-13T11:00:00Z,13.173,13.75,13.75,13.461,13.365,13.559
2020-09-13T11:30:00Z,13.076,13.654,13.75,13.461,13.365,13.532
2020-09-13T12:00:00Z,12.98,13.654,13.654,13.461,13.365,13.489
2020-09-13T12:30:00Z,13.076,13.558,13.654,13.461,13.365,13.454
2020-09-13T13:00:00Z,12.883,13.558,13.654,13.461,13.365,13.41
2020-09-13T13:30:00Z,13.076,13.558,13.558,13.461,13.365,13.392
2020-09-13T14:00:00Z,13.269,13.558,13.558,13.461,13.365,13.392
2020-09-13T14:30:00Z,13.365,13.558,13.558,13.461,13.365,13.322
2020-09-13T15:00:00Z,13.558,13.558,13.558,13.461,13.365,13.331
2020-09-13T15:30:00Z,13.846,13.558,13.558,13.461,13.365,13.305
2020-09-13T16:00:00Z,14.23,13.558,13.461,13.461,13.365,13.287
2020-09-13T16:30:00Z,14.325,13.558,13.654,13.558,13.365,13.305
2020-09-13T17:00:00Z,14.613,13.558,13.654,13.558,13.365,13.305
2020-09-13T17:30:00Z,14.804,13.654,13.654,13.558,13.461,13.305
2020-09-13T18:00:00Z,14.996,13.654,13.654,13.558,13.461,13.322
2020-09-13T18:30:00Z,14.996,13.75,13.654,13.654,13.461,13.357
2020-09-13T19:00:00Z,15.091,13.75,13.75,13.654,13.558,13.41
2020-09-13T19:30:00Z,15.091,13.75,13.75,13.654,13.558,13.436
2020-09-13T20:00:00Z,14.996,13.846,13.846,13.654,13.558,13.454
2020-09-13T20:30:00Z,15.091,13.846,13.846,13.75,13.654,13.462
2020-09-13T21:00:00Z,15.187,13.942,13.846,13.75,13.654,13.585
2020-09-13T21:30:00Z,15.187,13.942,13.846,13.654,13.558,13.611
2020-09-13T22:00:00Z,14.996,13.942,13.846,13.75,13.558,13.69
2020-09-13T22:30:00Z,14.709,13.942,13.846,13.75,13.558,13.707
2020-09-13T23:00:00Z,14.709,13.942,13.846,13.654,13.558,13.742
2020-09-13T23:30:00Z,14.421,13.942,13.846,13.654,13.558,13.742
2020-09-14T00:00:00Z,14.325,13.942,13.75,13.654,13.558,13.724
2020-09-14T00:30:00Z,14.134,13.942,13.75,13.558,13.558,13.698
2020-09-14T01:00:00Z,13.942,13.846,13.75,13.558,13.558,13.672
2020-09-14T01:30:00Z,13.654,13.75,13.654,13.558,13.558,13.62
2020-09-14T02:00:00Z,13.654,13.75,13.654,13.654,13.461,13.559
2020-09-14T02:30:00Z,13.558,13.654,13.75,13.654,13.558,13.524
2020-09-14T03:00:00Z,13.173,13.654,13.75,13.654,13.558,13.524
2020-09-14T03:30:00Z,13.173,13.654,13.654,13.558,13.558,13.471
2020-09-14T04:00:00Z,13.173,13.558,13.654,13.558,13.461,13.454
2020-09-14T04:30:00Z,13.365,13.558,13.654,13.558,13.558,13.445
2020-09-14T05:00:00Z,13.365,13.558,13.654,13.558,13.461,13.401
2020-09-14T05:30:00Z,13.269,13.558,13.558,13.558,13.461,13.366
2020-09-14T06:00:00Z,13.269,13.461,13.558,13.461,13.461,13.331
2020-09-14T06:30:00Z,13.365,13.461,13.558,13.558,13.461,13.322
2020-09-14T07:00:00Z,13.365,13.461,13.461,13.461,13.461,13.287
2020-09-14T07:30:00Z,13.365,13.365,13.461,13.461,13.365,13.244
2020-09-14T08:00:00Z,13.365,13.365,13.461,13.365,13.365,13.226
2020-09-14T08:30:00Z,13.365,13.365,13.365,13.365,13.365,13.173
2020-09-14T09:00:00Z,13.269,13.269,13.365,13.365,13.269,13.129
2020-09-14T09:30:00Z,13.173,13.269,13.365,13.269,12.98,13.129
2020-09-14T10:00:00Z,12.98,13.269,13.365,13.269,12.98,13.112
2020-09-14T10:30:00Z,13.076,13.269,13.269,13.269,12.883,13.077
2020-09-14T11:00:00Z,12.98,13.173,13.269,13.173,12.98,13.068
2020-09-14T11:30:00Z,12.787,13.173,13.269,13.173,12.98,13.033
2020-09-14T12:00:00Z,12.69,13.076,13.173,13.076,12.883,12.989
2020-09-14T12:30:00Z,12.787,13.076,13.173,13.076,12.98,12.945
2020-09-14T13:00:00Z,12.787,13.076,13.076,12.98,12.883,12.936
2020-09-14T13:30:00Z,12.883,12.98,13.076,12.98,12.883,12.883
2020-09-14T14:00:00Z,12.787,12.98,13.076,12.98,12.883,12.822
2020-09-14T14:30:00Z,13.173,12.98,12.98,12.98,12.98,12.848
2020-09-14T15:00:00Z,13.269,13.076,13.076,13.076,12.883,12.813
2020-09-14T15:30:00Z,13.654,13.076,13.076,13.076,12.883,12.778
2020-09-14T16:00:00Z,13.942,13.076,13.076,13.076,12.98,12.778
2020-09-14T16:30:00Z,14.23,13.173,13.173,13.173,12.98,12.786
2020-09-14T17:00:00Z,14.325,13.173,13.173,13.076,12.98,12.804
2020-09-14T17:30:00Z,14.517,13.173,13.269,13.269,13.076,12.813
2020-09-14T18:00:00Z,13.942,13.076,13.173,13.173,13.076,12.83
2020-09-14T18:30:00Z,14.613,13.269,13.365,13.269,13.173,12.857
2020-09-14T19:00:00Z,14.9,13.365,13.365,13.365,13.173,12.901
2020-09-14T19:30:00Z,14.804,13.365,13.365,13.269,13.173,12.927
2020-09-14T20:00:00Z,15.378,13.365,13.461,13.269,13.173,12.971
2020-09-14T20:30:00Z,14.613,13.269,13.269,13.173,13.173,12.936
2020-09-14T21:00:00Z,14.996,13.365,13.365,13.269,13.173,12.998
2020-09-14T21:30:00Z,14.517,13.461,13.461,13.365,13.173,13.103
2020-09-14T22:00:00Z,14.421,13.461,13.365,13.269,13.269,13.156
2020-09-14T22:30:00Z,14.421,13.365,13.365,13.269,13.173,13.173
2020-09-14T23:00:00Z,14.23,13.461,13.365,13.269,13.173,13.217
2020-09-14T23:30:00Z,14.23,13.461,13.461,13.269,13.269,13.27
2020-09-15T00:00:00Z,13.942,13.461,13.461,13.269,13.269,13.27
2020-09-15T00:30:00Z,13.558,13.461,13.269,13.173,13.173,13.375
2020-09-15T01:00:00Z,13.558,13.365,13.269,13.173,13.173,13.331
2020-09-15T01:30:00Z,13.365,13.365,13.269,13.173,13.173,13.279
2020-09-15T02:00:00Z,13.365,13.365,13.269,13.173,13.173,13.208
2020-09-15T02:30:00Z,13.269,13.269,13.269,13.173,13.173,13.173
2020-09-15T03:00:00Z,13.269,13.269,13.269,13.173,13.173,13.147
2020-09-15T03:30:00Z,13.269,13.269,13.269,13.173,13.173,13.112
2020-09-15T04:00:00Z,13.173,13.173,13.173,13.173,13.173,13.05
2020-09-15T04:30:00Z,13.076,13.173,13.173,13.173,13.173,12.998
2020-09-15T05:00:00Z,13.076,13.076,13.173,13.173,13.076,12.954
2020-09-15T05:30:00Z,12.98,13.076,13.173,13.076,13.076,12.954
2020-09-15T06:00:00Z,12.883,13.076,13.076,13.076,12.98,12.918
2020-09-15T06:30:00Z,12.883,12.98,13.076,13.076,12.98,12.874
2020-09-15T07:00:00Z,12.594,12.98,13.076,12.98,12.98,12.848
2020-09-15T07:30:00Z,12.883,12.98,12.98,12.98,12.98,12.804
2020-09-15T08:00:00Z,12.401,12.98,12.98,12.98,12.883,12.804
2020-09-15T08:30:00Z,12.304,12.98,12.98,12.98,12.883,12.786
2020-09-15T09:00:00Z,12.594,12.883,12.98,12.98,12.883,12.769
2020-09-15T09:30:00Z,12.594,12.883,12.98,12.98,12.787,12.769
2020-09-15T10:00:00Z,12.69,12.883,12.883,12.883,12.69,12.707
2020-09-15T10:30:00Z,12.69,12.787,12.883,12.883,12.69,12.654
2020-09-15T11:00:00Z,12.69,12.69,12.883,12.787,12.594,12.645
2020-09-15T11:30:00Z,12.69,12.69,12.787,12.787,12.69,12.619
2020-09-15T12:00:00Z,12.594,12.69,12.787,12.69,12.497,12.548
2020-09-15T12:30:00Z,12.594,12.69,12.69,12.69,12.497,12.539
2020-09-15T13:00:00Z,12.594,12.594,12.69,12.69,12.497,12.504
2020-09-15T13:30:00Z,12.401,12.594,12.594,12.497,12.497,12.433
2020-09-15T14:00:00Z,12.594,12.497,12.594,12.594,12.401,12.371
2020-09-15T14:30:00Z,12.69,12.594,12.594,12.594,12.401,12.424
2020-09-15T15:00:00Z,12.69,12.594,12.594,12.594,12.497,12.344
2020-09-15T15:30:00Z,13.076,12.594,12.594,12.594,12.497,12.336
2020-09-15T16:00:00Z,13.173,12.594,12.594,12.69,12.497,12.362
2020-09-15T16:30:00Z,13.269,12.594,12.69,12.69,12.594,12.362
2020-09-15T17:00:00Z,13.654,12.69,12.69,12.787,12.594,12.406
2020-09-15T17:30:00Z,14.23,12.883,12.69,12.787,12.69,12.415
2020-09-15T18:00:00Z,14.613,12.883,12.787,12.883,12.69,12.477
2020-09-15T18:30:00Z,14.613,12.883,12.787,12.883,12.69,12.486
2020-09-15T19:00:00Z,14.613,12.98,12.883,12.98,12.787,12.601
2020-09-15T19:30:00Z,14.325,13.076,12.98,12.98,12.883,12.654
2020-09-15T20:00:00Z,14.517,13.076,12.98,12.98,12.883,12.698
2020-09-15T20:30:00Z,14.9,13.173,12.98,12.883,12.883,12.874
2020-09-15T21:00:00Z,15.091,13.269,12.98,12.98,12.883,12.874
2020-09-15T21:30:00Z,14.613,13.269,13.076,12.98,12.883,12.954
2020-09-15T22:00:00Z,14.613,13.269,12.98,12.98,12.883,12.98
2020-09-15T22:30:00Z,14.804,13.173,13.076,12.883,12.883,13.015
2020-09-15T23:00:00Z,14.325,13.365,13.173,12.98,12.883,13.112
2020-09-15T23:30:00Z,13.942,13.269,13.076,12.883,12.883,13.103
2020-09-16T00:00:00Z,13.846,12.98,12.98,12.883,12.787,13.068
2020-09-16T00:30:00Z,13.654,13.269,12.98,12.787,12.787,13.173
2020-09-16T01:00:00Z,13.269,13.269,12.98,12.787,12.787,13.191
