7450-268227
OS REV: 1.05 Sensor Cal: 1592496917
Time (sec),  BV (Volts),  T (deg C),  DO (mg/l),  Q ()
1661043720,+3.48,+19.738, +8.396,+0.992
1661044320,+3.48,+19.637, +8.598,+0.992
1661044920,+3.48,+19.604, +8.707,+0.992
1661045520,+3.48,+19.612, +8.779,+0.993
1661046120,+3.48,+19.620, +8.795,+0.992
1661046720,+3.48,+19.637, +8.676,+0.992
1661047320,+3.48,+19.595, +8.592,+0.992
1661047920,+3.48,+19.528, +8.643,+0.993
1661048520,+3.48,+19.528, +8.676,+0.992
1661049120,+3.48,+19.528, +8.666,+0.992
1661049720,+3.48,+19.453, +8.555,+0.993
1661050320,+3.48,+19.411, +8.383,+0.993
1661050920,+3.48,+19.319, +8.257,+0.992
1661051520,+3.48,+19.243, +8.119,+0.992
1661052120,+3.48,+19.486, +8.004,+0.993
1661052720,+3.48,+19.570, +7.861,+0.992
1661053320,+3.48,+19.595, +7.742,+0.992
1661053920,+3.48,+19.579, +7.688,+0.992
1661054520,+3.48,+19.587, +7.634,+0.992
1661055120,+3.48,+19.595, +7.632,+0.992
1661055720,+3.48,+19.545, +7.616,+0.993
1661056320,+3.48,+19.520, +7.513,+0.992
1661056920,+3.48,+19.453, +7.497,+0.992
1661057520,+3.48,+19.470, +7.514,+0.992
1661058120,+3.48,+19.461, +7.486,+0.992
1661058720,+3.48,+19.495, +7.499,+0.992
1661059320,+3.48,+19.486, +7.513,+0.992
1661059920,+3.48,+19.495, +7.549,+0.992
1661060520,+3.48,+19.436, +7.583,+0.992
1661061120,+3.48,+19.394, +7.552,+0.992
1661061720,+3.48,+19.394, +7.552,+0.992
1661062320,+3.48,+19.386, +7.536,+0.991
1661062920,+3.48,+19.344, +7.456,+0.992
1661063520,+3.48,+19.302, +7.373,+0.992
1661064120,+3.48,+19.268, +7.496,+0.992
1661064720,+3.48,+19.277, +7.399,+0.992
1661065320,+3.48,+19.285, +7.464,+0.992
1661065920,+3.48,+19.193, +7.479,+0.992
1661066520,+3.48,+19.210, +7.474,+0.992
1661067120,+3.48,+19.126, +7.435,+0.992
1661067720,+3.48,+19.084, +7.377,+0.992
1661068320,+3.48,+19.075, +7.411,+0.992
1661068920,+3.48,+19.092, +7.426,+0.992
1661069520,+3.48,+19.100, +7.429,+0.992
1661070120,+3.48,+19.075, +7.429,+0.992
1661070720,+3.48,+19.067, +7.417,+0.992
1661071320,+3.48,+19.042, +7.404,+0.993
1661071920,+3.48,+19.033, +7.406,+0.992
1661072520,+3.48,+18.958, +7.436,+0.992
1661073120,+3.48,+19.025, +7.495,+0.992
1661073720,+3.48,+18.949, +7.521,+0.992
1661074320,+3.48,+18.983, +7.536,+0.992
1661074920,+3.48,+18.958, +7.580,+0.992
1661075520,+3.48,+18.958, +7.596,+0.992
1661076120,+3.48,+18.949, +7.636,+0.992
1661076720,+3.48,+18.932, +7.646,+0.992
1661077320,+3.48,+18.890, +7.612,+0.992
1661077920,+3.48,+18.907, +7.645,+0.992
1661078520,+3.48,+18.932, +7.650,+0.992
1661079120,+3.48,+18.932, +7.672,+0.992
1661079720,+3.48,+18.941, +7.695,+0.992
1661080320,+3.48,+18.932, +7.681,+0.992
1661080920,+3.48,+18.882, +7.671,+0.992
1661081520,+3.48,+18.916, +7.679,+0.993
1661082120,+3.48,+18.907, +7.666,+0.992
1661082720,+3.48,+18.907, +7.671,+0.992
1661083320,+3.48,+18.882, +7.669,+0.992
1661083920,+3.48,+18.899, +7.675,+0.992
1661084520,+3.48,+18.874, +7.655,+0.993
1661085120,+3.48,+18.865, +7.648,+0.993
1661085720,+3.48,+18.865, +7.632,+0.992
1661086320,+3.48,+18.857, +7.629,+0.993
1661086920,+3.48,+18.865, +7.616,+0.992
1661087520,+3.48,+18.848, +7.652,+0.992
1661088120,+3.48,+18.823, +7.677,+0.992
1661088720,+3.48,+18.832, +7.702,+0.993
1661089320,+3.48,+18.806, +7.719,+0.993
1661089920,+3.48,+18.857, +7.774,+0.993
1661090520,+3.48,+18.882, +7.822,+0.993
1661091120,+3.48,+18.890, +7.880,+0.992
1661091720,+3.48,+18.941, +7.924,+0.992
1661092320,+3.48,+18.941, +8.061,+0.993
1661092920,+3.48,+19.117, +8.522,+0.992
1661093520,+3.48,+19.218, +9.429,+0.992
1661094120,+3.48,+19.369,+10.323,+0.993
1661094720,+3.48,+19.411,+10.059,+0.992
1661095320,+3.48,+19.495, +9.605,+0.993
1661095920,+3.48,+19.369, +9.567,+0.993
1661096520,+3.48,+19.369, +9.158,+0.993
1661097120,+3.48,+19.461, +8.889,+0.993
1661097720,+3.48,+19.679, +9.565,+0.993
1661098320,+3.48,+19.755,+10.810,+0.993
1661098920,+3.48,+19.780,+11.424,+0.993
1661099520,+3.48,+19.813,+10.722,+0.993
1661100120,+3.48,+19.864,+10.710,+0.994
1661100720,+3.48,+19.864,+10.532,+0.993
1661101320,+3.48,+19.880,+10.503,+0.993
1661101920,+3.48,+19.922,+10.290,+0.992
1661102520,+3.48,+19.889,+10.295,+0.992
1661103120,+3.48,+19.931,+10.244,+0.992
1661103720,+3.48,+20.098, +8.596,+0.992
1661104320,+3.48,+20.081, +8.488,+0.992
1661104920,+3.48,+20.123, +8.515,+0.992
1661105520,+3.48,+20.173, +8.488,+0.992
1661106120,+3.48,+20.349, +8.286,+0.992
1661106720,+3.48,+20.567, +8.139,+0.992
1661107320,+3.48,+20.492, +7.968,+0.992
1661107920,+3.48,+20.115, +8.199,+0.992
1661108520,+3.48,+19.931, +8.197,+0.992
1661109120,+3.48,+19.796, +8.228,+0.992
1661109720,+3.48,+19.838, +8.390,+0.993
1661110320,+3.48,+19.855, +8.438,+0.992
1661110920,+3.48,+20.006, +8.743,+0.992
1661111520,+3.48,+19.905, +8.693,+0.992
1661112120,+3.48,+20.081, +8.916,+0.992
1661112720,+3.48,+20.098, +8.970,+0.992
1661113320,+3.48,+20.006, +8.840,+0.992
1661113920,+3.48,+20.006, +8.791,+0.992
1661114520,+3.48,+20.199, +8.659,+0.992
1661115120,+3.48,+20.466, +8.626,+0.992
1661115720,+3.48,+20.500, +8.510,+0.992
1661116320,+3.48,+20.483, +8.476,+0.992
1661116920,+3.48,+20.492, +8.368,+0.992
1661117520,+3.48,+20.525, +8.285,+0.992
1661118120,+3.48,+20.466, +8.297,+0.991
1661118720,+3.48,+20.458, +8.400,+0.992
1661119320,+3.48,+20.458, +8.381,+0.992
1661119920,+3.48,+20.416, +8.307,+0.992
1661120520,+3.48,+20.450, +8.292,+0.992
1661121120,+3.48,+20.684, +8.172,+0.992
1661121720,+3.48,+20.709, +8.117,+0.991
1661122320,+3.48,+20.751, +8.090,+0.992
1661122920,+3.48,+20.801, +8.074,+0.993
1661123520,+3.48,+20.851, +8.008,+0.992
1661124120,+3.48,+20.776, +8.015,+0.992
1661124720,+3.48,+20.634, +7.892,+0.992
1661125320,+3.48,+20.558, +7.889,+0.992
1661125920,+3.48,+20.550, +7.891,+0.992
1661126520,+3.48,+20.508, +7.899,+0.992
1661127120,+3.48,+20.542, +7.911,+0.992
1661127720,+3.48,+20.441, +7.884,+0.992
1661128320,+3.48,+20.408, +7.854,+0.991
1661128920,+3.48,+20.383, +7.850,+0.992
1661129520,+3.48,+20.374, +7.853,+0.992
1661130120,+3.48,+20.316, +7.837,+0.992
