7450-293738
OS REV: 1.05 Sensor Cal: 1592496161
Time (sec),  BV (Volts),  T (deg C),  DO (mg/l),  Q ()
1599108000,+3.50,+13.139, +9.440,+0.987
1599108600,+3.50,+13.156, +9.422,+0.987
1599109200,+3.50,+13.191, +9.416,+0.987
1599109800,+3.50,+13.139, +9.443,+0.988
1599110400,+3.50,+13.130, +9.440,+0.988
1599111000,+3.50,+13.034, +9.479,+0.988
1599111600,+3.50,+13.104, +9.439,+0.987
1599112200,+3.50,+13.060, +9.469,+0.988
1599112800,+3.50,+13.095, +9.444,+0.988
1599113400,+3.50,+13.104, +9.435,+0.987
1599114000,+3.50,+13.104, +9.434,+0.987
1599114600,+3.50,+13.104, +9.435,+0.988
1599115200,+3.50,+13.095, +9.419,+0.987
1599115800,+3.50,+13.095, +9.430,+0.987
1599116400,+3.50,+13.104, +9.424,+0.987
1599117000,+3.50,+13.069, +9.422,+0.987
1599117600,+3.50,+13.060, +9.432,+0.987
1599118200,+3.50,+13.060, +9.436,+0.988
1599118800,+3.50,+13.069, +9.435,+0.988
1599119400,+3.50,+13.086, +9.418,+0.987
1599120000,+3.50,+13.069, +9.426,+0.987
1599120600,+3.50,+13.069, +9.418,+0.988
1599121200,+3.50,+13.078, +9.413,+0.988
1599121800,+3.50,+13.069, +9.414,+0.987
1599122400,+3.50,+13.086, +9.403,+0.987
1599123000,+3.50,+13.051, +9.420,+0.987
1599123600,+3.50,+13.086, +9.403,+0.987
1599124200,+3.50,+13.078, +9.413,+0.988
1599124800,+3.50,+13.078, +9.421,+0.988
1599125400,+3.50,+13.104, +9.405,+0.987
1599126000,+3.50,+13.078, +9.418,+0.988
1599126600,+3.50,+13.113, +9.385,+0.987
1599127200,+3.50,+13.086, +9.391,+0.987
1599127800,+3.50,+13.069, +9.414,+0.988
1599128400,+3.50,+13.121, +9.395,+0.988
1599129000,+3.50,+13.121, +9.386,+0.988
1599129600,+3.50,+13.121, +9.382,+0.987
1599130200,+3.50,+13.078, +9.398,+0.987
1599130800,+3.50,+13.113, +9.384,+0.987
1599131400,+3.50,+13.095, +9.396,+0.987
1599132000,+3.50,+13.060, +9.401,+0.988
1599132600,+3.50,+13.095, +9.395,+0.988
1599133200,+3.50,+13.078, +9.388,+0.987
1599133800,+3.50,+13.060, +9.412,+0.988
1599134400,+3.50,+13.078, +9.391,+0.988
1599135000,+3.50,+13.060, +9.395,+0.987
1599135600,+3.50,+13.069, +9.393,+0.987
1599136200,+3.50,+13.060, +9.391,+0.988
1599136800,+3.50,+13.034, +9.395,+0.988
1599137400,+3.50,+13.042, +9.402,+0.988
1599138000,+3.50,+13.025, +9.397,+0.988
1599138600,+3.50,+13.025, +9.391,+0.987
1599139200,+3.50,+13.042, +9.379,+0.987
1599139800,+3.50,+13.016, +9.391,+0.987
1599140400,+3.50,+13.007, +9.402,+0.988
1599141000,+3.50,+12.981, +9.410,+0.988
1599141600,+3.50,+12.999, +9.406,+0.987
1599142200,+3.50,+12.999, +9.407,+0.988
1599142800,+3.50,+12.990, +9.411,+0.987
1599143400,+3.50,+13.007, +9.422,+0.988
1599144000,+3.50,+13.007, +9.425,+0.988
1599144600,+3.50,+13.007, +9.429,+0.988
1599145200,+3.50,+13.042, +9.432,+0.987
1599145800,+3.50,+13.060, +9.451,+0.987
1599146400,+3.50,+13.104, +9.482,+0.988
1599147000,+3.50,+13.095, +9.502,+0.988
1599147600,+3.50,+13.121, +9.550,+0.988
1599148200,+3.50,+13.121, +9.570,+0.987
1599148800,+3.50,+13.139, +9.577,+0.987
1599149400,+3.50,+13.121, +9.576,+0.988
1599150000,+3.50,+13.095, +9.454,+0.987
1599150600,+3.50,+13.095, +9.462,+0.987
1599151200,+3.50,+13.113, +9.489,+0.988
1599151800,+3.50,+13.095, +9.477,+0.987
1599152400,+3.50,+13.095, +9.450,+0.988
1599153000,+3.50,+13.104, +9.449,+0.987
1599153600,+3.50,+13.113, +9.449,+0.988
1599154200,+3.50,+13.253, +9.421,+0.987
1599154800,+3.50,+13.244, +9.434,+0.988
1599155400,+3.50,+13.253, +9.418,+0.987
1599156000,+3.50,+13.218, +9.435,+0.987
1599156600,+3.50,+13.244, +9.434,+0.987
1599157200,+3.50,+13.270, +9.430,+0.987
1599157800,+3.50,+13.296, +9.454,+0.988
1599158400,+3.50,+13.305, +9.431,+0.987
1599159000,+3.50,+13.340, +9.436,+0.987
1599159600,+3.50,+13.393, +9.449,+0.987
1599160200,+3.50,+13.427, +9.453,+0.987
1599160800,+3.51,+13.506, +9.436,+0.987
1599161400,+3.51,+13.576, +9.447,+0.987
1599162000,+3.51,+13.628, +9.420,+0.986
1599162600,+3.51,+13.645, +9.449,+0.988
1599163200,+3.51,+13.672, +9.422,+0.987
1599163800,+3.51,+13.715, +9.418,+0.987
1599164400,+3.51,+13.706, +9.453,+0.987
1599165000,+3.51,+13.767, +9.443,+0.987
1599165600,+3.51,+13.759, +9.431,+0.987
1599166200,+3.51,+13.750, +9.434,+0.986
1599166800,+3.51,+13.776, +9.437,+0.987
1599167400,+3.51,+13.820, +9.428,+0.987
1599168000,+3.50,+13.863, +9.433,+0.987
1599168600,+3.51,+13.898, +9.422,+0.987
1599169200,+3.51,+13.906, +9.408,+0.986
1599169800,+3.51,+13.880, +9.408,+0.986
1599170400,+3.51,+13.889, +9.411,+0.986
1599171000,+3.51,+13.872, +9.425,+0.987
1599171600,+3.51,+13.863, +9.425,+0.987
1599172200,+3.51,+13.828, +9.433,+0.987
1599172800,+3.51,+13.802, +9.435,+0.987
1599173400,+3.51,+13.820, +9.421,+0.987
1599174000,+3.51,+13.846, +9.391,+0.986
1599174600,+3.51,+13.820, +9.413,+0.987
1599175200,+3.51,+13.793, +9.417,+0.987
1599175800,+3.51,+13.785, +9.414,+0.987
1599176400,+3.51,+13.759, +9.420,+0.987
1599177000,+3.51,+13.785, +9.407,+0.987
1599177600,+3.51,+13.759, +9.402,+0.987
1599178200,+3.51,+13.698, +9.406,+0.986
1599178800,+3.51,+13.698, +9.419,+0.987
1599179400,+3.51,+13.680, +9.417,+0.987
1599180000,+3.51,+13.672, +9.424,+0.987
1599180600,+3.51,+13.645, +9.414,+0.986
1599181200,+3.51,+13.628, +9.424,+0.987
1599181800,+3.51,+13.584, +9.442,+0.987
1599182400,+3.51,+13.576, +9.442,+0.987
1599183000,+3.51,+13.550, +9.432,+0.987
1599183600,+3.51,+13.550, +9.437,+0.987
1599184200,+3.51,+13.541, +9.435,+0.987
1599184800,+3.51,+13.532, +9.420,+0.987
1599185400,+3.51,+13.497, +9.442,+0.987
1599186000,+3.51,+13.497, +9.445,+0.987
1599186600,+3.50,+13.497, +9.440,+0.987
1599187200,+3.50,+13.454, +9.446,+0.987
1599187800,+3.50,+13.436, +9.439,+0.987
1599188400,+3.50,+13.445, +9.439,+0.987
1599189000,+3.50,+13.462, +9.441,+0.987
1599189600,+3.51,+13.506, +9.418,+0.987
1599190200,+3.51,+13.541, +9.431,+0.988
1599190800,+3.51,+13.550, +9.422,+0.987
1599191400,+3.51,+13.602, +9.412,+0.987
1599192000,+3.51,+13.637, +9.394,+0.986
1599192600,+3.51,+13.637, +9.393,+0.987
1599193200,+3.51,+13.611, +9.408,+0.987
1599193800,+3.51,+13.619, +9.412,+0.987
1599194400,+3.51,+13.672, +9.395,+0.987
