7450-293738
OS REV: 1.05 Sensor Cal: 1592496161
Time (sec),  BV (Volts),  T (deg C),  DO (mg/l),  Q ()
1597803000,+3.52,+17.708, +8.554,+0.984
1597803600,+3.52,+17.160, +8.765,+0.984
1597804200,+3.52,+17.455, +8.663,+0.984
1597804800,+3.52,+17.869, +8.613,+0.985
1597805400,+3.52,+17.987, +8.584,+0.984
1597806000,+3.52,+17.995, +8.510,+0.983
1597806600,+3.52,+17.902, +8.599,+0.984
1597807200,+3.52,+17.675, +8.609,+0.984
1597807800,+3.52,+17.202, +8.682,+0.984
1597808400,+3.52,+16.821, +8.800,+0.985
1597809000,+3.52,+16.778, +8.829,+0.985
1597809600,+3.52,+17.160, +8.744,+0.985
1597810200,+3.52,+17.582, +8.625,+0.985
1597810800,+3.52,+17.633, +8.679,+0.984
1597811400,+3.52,+17.902, +8.603,+0.984
1597812000,+3.52,+17.902, +8.673,+0.984
1597812600,+3.52,+18.365, +8.520,+0.984
1597813200,+3.52,+18.617, +8.490,+0.984
1597813800,+3.52,+18.668, +8.450,+0.983
1597814400,+3.52,+18.626, +8.459,+0.983
1597815000,+3.52,+18.626, +8.456,+0.983
1597815600,+3.52,+18.651, +8.460,+0.983
1597816200,+3.52,+18.651, +8.445,+0.983
1597816800,+3.52,+18.626, +8.434,+0.983
1597817400,+3.52,+18.567, +8.433,+0.984
1597818000,+3.52,+18.533, +8.450,+0.984
1597818600,+3.52,+18.458, +8.448,+0.984
1597819200,+3.52,+18.424, +8.459,+0.983
1597819800,+3.52,+18.390, +8.460,+0.983
1597820400,+3.52,+18.273, +8.469,+0.984
1597821000,+3.52,+18.298, +8.475,+0.983
1597821600,+3.52,+18.264, +8.463,+0.983
1597822200,+3.52,+18.222, +8.474,+0.984
1597822800,+3.52,+18.222, +8.457,+0.984
1597823400,+3.52,+18.155, +8.454,+0.983
1597824000,+3.52,+18.046, +8.480,+0.984
1597824600,+3.52,+18.062, +8.472,+0.984
1597825200,+3.52,+18.079, +8.466,+0.984
1597825800,+3.52,+18.088, +8.451,+0.984
1597826400,+3.52,+18.071, +8.462,+0.984
1597827000,+3.52,+18.079, +8.466,+0.985
1597827600,+3.52,+18.071, +8.453,+0.984
1597828200,+3.52,+18.079, +8.452,+0.984
1597828800,+3.52,+18.079, +8.450,+0.983
1597829400,+3.52,+18.071, +8.463,+0.984
1597830000,+3.52,+18.037, +8.476,+0.984
1597830600,+3.52,+18.037, +8.469,+0.984
1597831200,+3.52,+18.054, +8.466,+0.984
1597831800,+3.52,+18.020, +8.455,+0.983
1597832400,+3.52,+18.012, +8.463,+0.984
1597833000,+3.52,+17.978, +8.483,+0.984
1597833600,+3.52,+17.961, +8.467,+0.983
1597834200,+3.52,+17.936, +8.492,+0.985
1597834800,+3.52,+17.919, +8.475,+0.984
1597835400,+3.52,+17.936, +8.463,+0.983
1597836000,+3.52,+17.902, +8.479,+0.984
1597836600,+3.52,+17.936, +8.462,+0.984
1597837200,+3.52,+17.919, +8.477,+0.984
1597837800,+3.52,+17.928, +8.453,+0.984
1597838400,+3.52,+17.961, +8.437,+0.984
1597839000,+3.52,+17.978, +8.425,+0.984
1597839600,+3.52,+17.970, +8.434,+0.984
1597840200,+3.52,+17.953, +8.439,+0.984
1597840800,+3.52,+17.953, +8.430,+0.984
1597841400,+3.52,+17.835, +8.456,+0.984
1597842000,+3.52,+17.852, +8.447,+0.984
1597842600,+3.52,+17.852, +8.447,+0.984
1597843200,+3.52,+17.827, +8.451,+0.984
1597843800,+3.52,+17.827, +8.445,+0.984
1597844400,+3.52,+17.742, +8.476,+0.985
1597845000,+3.52,+17.742, +8.461,+0.985
1597845600,+3.52,+17.725, +8.470,+0.985
1597846200,+3.52,+17.658, +8.492,+0.985
1597846800,+3.52,+17.590, +8.510,+0.985
1597847400,+3.52,+17.523, +8.489,+0.984
1597848000,+3.52,+17.472, +8.525,+0.984
1597848600,+3.52,+17.523, +8.504,+0.985
1597849200,+3.52,+17.396, +8.532,+0.985
1597849800,+3.52,+17.472, +8.507,+0.984
1597850400,+3.52,+17.557, +8.496,+0.984
1597851000,+3.52,+17.557, +8.509,+0.985
1597851600,+3.52,+17.590, +8.493,+0.984
1597852200,+3.52,+17.574, +8.492,+0.985
1597852800,+3.52,+17.548, +8.509,+0.985
1597853400,+3.52,+17.531, +8.501,+0.984
1597854000,+3.52,+17.557, +8.489,+0.984
1597854600,+3.52,+17.540, +8.510,+0.985
1597855200,+3.52,+17.599, +8.496,+0.985
1597855800,+3.52,+17.675, +8.491,+0.985
1597856400,+3.52,+17.708, +8.471,+0.984
1597857000,+3.52,+17.700, +8.483,+0.984
1597857600,+3.52,+17.768, +8.482,+0.984
1597858200,+3.52,+17.793, +8.477,+0.985
1597858800,+3.52,+17.843, +8.467,+0.984
1597859400,+3.52,+17.843, +8.455,+0.984
1597860000,+3.52,+17.776, +8.469,+0.984
1597860600,+3.52,+17.717, +8.484,+0.984
1597861200,+3.52,+17.666, +8.511,+0.985
1597861800,+3.52,+17.582, +8.548,+0.984
1597862400,+3.52,+17.548, +8.544,+0.985
1597863000,+3.52,+17.582, +8.559,+0.985
1597863600,+3.52,+17.624, +8.573,+0.984
1597864200,+3.52,+17.624, +8.553,+0.984
1597864800,+3.52,+17.717, +8.531,+0.985
1597865400,+3.52,+17.725, +8.525,+0.984
1597866000,+3.52,+17.675, +8.529,+0.984
1597866600,+3.52,+17.700, +8.533,+0.984
1597867200,+3.52,+17.801, +8.505,+0.984
1597867800,+3.52,+17.776, +8.518,+0.984
1597868400,+3.52,+17.742, +8.522,+0.984
1597869000,+3.52,+17.734, +8.536,+0.984
1597869600,+3.52,+17.768, +8.518,+0.984
1597870200,+3.52,+17.801, +8.515,+0.984
1597870800,+3.52,+17.776, +8.532,+0.984
1597871400,+3.52,+17.827, +8.510,+0.983
1597872000,+3.52,+17.919, +8.514,+0.984
1597872600,+3.52,+17.869, +8.507,+0.984
1597873200,+3.52,+17.919, +8.517,+0.984
1597873800,+3.52,+18.062, +8.497,+0.985
1597874400,+3.52,+18.054, +8.509,+0.984
1597875000,+3.52,+18.138, +8.499,+0.984
1597875600,+3.52,+18.096, +8.523,+0.984
1597876200,+3.52,+17.995, +8.482,+0.983
1597876800,+3.52,+17.944, +8.508,+0.984
1597877400,+3.52,+17.944, +8.512,+0.984
1597878000,+3.52,+18.054, +8.541,+0.985
1597878600,+3.52,+18.071, +8.521,+0.984
1597879200,+3.52,+18.046, +8.483,+0.983
1597879800,+3.52,+17.953, +8.511,+0.984
1597880400,+3.52,+17.936, +8.517,+0.984
1597881000,+3.52,+18.003, +8.509,+0.984
1597881600,+3.52,+18.189, +8.518,+0.984
1597882200,+3.52,+18.130, +8.511,+0.983
1597882800,+3.52,+18.003, +8.534,+0.984
1597883400,+3.52,+17.877, +8.537,+0.984
1597884000,+3.52,+17.692, +8.648,+0.984
1597884600,+3.52,+17.574, +8.674,+0.984
1597885200,+3.52,+18.088, +8.527,+0.984
1597885800,+3.52,+18.020, +8.552,+0.984
1597886400,+3.52,+18.003, +8.545,+0.984
1597887000,+3.52,+17.776, +8.581,+0.984
1597887600,+3.52,+17.506, +8.615,+0.984
1597888200,+3.53,+16.022, +8.878,+0.984
1597888800,+3.52,+15.295, +9.073,+0.986
1597889400,+3.52,+15.681, +9.099,+0.986
