7450-027328
OS REV: 1.05 Sensor Cal: 1592497139
Time (sec),  BV (Volts),  T (deg C),  DO (mg/l),  Q ()
1657994220,+3.07,+15.360, +8.615,+0.963
1657994820,+3.07,+15.274, +8.991,+0.962
1657995420,+3.07,+15.325, +9.032,+0.963
1657996020,+3.07,+15.428, +8.868,+0.963
1657996620,+3.07,+15.471, +8.643,+0.963
1657997220,+3.07,+15.428, +8.548,+0.963
1657997820,+3.07,+15.471, +8.551,+0.963
1657998420,+3.07,+15.471, +8.508,+0.963
1657999020,+3.07,+15.385, +8.738,+0.963
1657999620,+3.07,+15.351, +8.827,+0.963
1658000220,+3.07,+15.377, +8.843,+0.963
1658000820,+3.07,+15.368, +9.202,+0.963
1658001420,+3.07,+15.523, +8.619,+0.963
1658002020,+3.07,+15.686, +8.351,+0.963
1658002620,+3.08,+15.763, +8.372,+0.963
1658003220,+3.07,+15.651, +8.699,+0.963
1658003820,+3.07,+15.763, +8.476,+0.963
1658004420,+3.07,+15.703, +8.582,+0.963
1658005020,+3.07,+15.557, +8.806,+0.963
1658005620,+3.07,+15.600, +8.767,+0.963
1658006220,+3.07,+15.463, +8.920,+0.962
1658006820,+3.07,+15.239, +8.868,+0.962
1658007420,+3.07,+15.291, +8.757,+0.963
1658008020,+3.07,+15.205, +8.943,+0.963
1658008620,+3.07,+15.042, +8.946,+0.963
1658009220,+3.07,+16.139, +8.365,+0.963
1658009820,+3.07,+16.607, +8.232,+0.963
1658010420,+3.07,+15.891, +8.536,+0.962
1658011020,+3.07,+15.463, +8.799,+0.963
1658011620,+3.07,+15.728, +8.617,+0.962
1658012220,+3.07,+15.437, +8.819,+0.963
1658012820,+3.07,+15.976, +8.533,+0.963
1658013420,+3.07,+16.002, +8.546,+0.963
1658014020,+3.07,+15.788, +8.591,+0.962
1658014620,+3.08,+15.763, +8.687,+0.963
1658015220,+3.07,+15.771, +8.833,+0.963
1658015820,+3.08,+15.797, +8.648,+0.963
1658016420,+3.07,+15.985, +8.592,+0.963
1658017020,+3.07,+16.811, +8.316,+0.963
1658017620,+3.07,+16.760, +8.366,+0.963
1658018220,+3.07,+16.777, +8.393,+0.963
1658018820,+3.07,+16.684, +8.404,+0.962
1658019420,+3.07,+16.232, +8.600,+0.962
1658020020,+3.07,+15.754, +8.836,+0.963
1658020620,+3.07,+15.694, +8.796,+0.963
1658021220,+3.07,+15.925, +8.719,+0.963
1658021820,+3.07,+16.113, +8.678,+0.963
1658022420,+3.07,+16.667, +8.401,+0.963
1658023020,+3.07,+16.497, +8.440,+0.962
1658023620,+3.07,+16.607, +8.351,+0.963
1658024220,+3.07,+16.599, +8.362,+0.962
1658024820,+3.07,+16.386, +8.608,+0.962
1658025420,+3.07,+16.684, +8.321,+0.963
1658026020,+3.07,+16.828, +8.258,+0.963
1658026620,+3.07,+16.998, +8.185,+0.963
1658027220,+3.07,+17.057, +8.154,+0.962
1658027820,+3.07,+16.905, +8.120,+0.962
1658028420,+3.07,+17.049, +8.144,+0.962
1658029020,+3.07,+17.083, +8.128,+0.962
1658029620,+3.07,+16.905, +8.130,+0.963
1658030220,+3.07,+16.045, +8.627,+0.962
1658030820,+3.07,+15.925, +8.622,+0.962
1658031420,+3.07,+16.573, +8.274,+0.963
1658032020,+3.07,+16.896, +8.092,+0.962
1658032620,+3.07,+16.369, +8.374,+0.963
1658033220,+3.07,+16.087, +8.695,+0.963
1658033820,+3.07,+16.301, +8.622,+0.962
1658034420,+3.07,+16.147, +8.596,+0.963
1658035020,+3.07,+15.976, +8.569,+0.963
1658035620,+3.07,+16.130, +8.679,+0.962
1658036220,+3.07,+16.326, +8.640,+0.963
1658036820,+3.07,+16.275, +8.642,+0.963
1658037420,+3.07,+16.318, +8.559,+0.962
1658038020,+3.07,+16.284, +8.552,+0.963
1658038620,+3.07,+16.437, +8.371,+0.963
1658039220,+3.07,+16.531, +8.340,+0.964
1658039820,+3.07,+16.658, +8.274,+0.963
1658040420,+3.07,+16.633, +8.286,+0.963
1658041020,+3.07,+16.403, +8.471,+0.962
1658041620,+3.07,+16.207, +8.632,+0.962
1658042220,+3.07,+16.164, +8.643,+0.964
1658042820,+3.07,+16.471, +8.233,+0.963
1658043420,+3.07,+16.497, +8.174,+0.963
1658044020,+3.07,+16.505, +8.153,+0.963
1658044620,+3.07,+16.522, +8.133,+0.963
1658045220,+3.07,+16.514, +8.115,+0.963
1658045820,+3.07,+16.514, +8.118,+0.963
1658046420,+3.07,+16.514, +8.072,+0.963
1658047020,+3.07,+16.369, +8.288,+0.963
1658047620,+3.07,+16.258, +8.318,+0.962
1658048220,+3.07,+16.377, +8.118,+0.963
1658048820,+3.07,+16.301, +8.218,+0.963
1658049420,+3.07,+16.258, +8.194,+0.963
1658050020,+3.07,+16.369, +8.097,+0.963
1658050620,+3.07,+16.335, +8.166,+0.963
1658051220,+3.07,+16.326, +8.104,+0.962
1658051820,+3.07,+16.335, +8.080,+0.963
1658052420,+3.07,+16.326, +8.073,+0.963
1658053020,+3.07,+16.335, +8.078,+0.963
1658053620,+3.07,+16.318, +8.067,+0.963
1658054220,+3.07,+16.301, +8.061,+0.963
1658054820,+3.07,+16.284, +8.065,+0.963
1658055420,+3.07,+16.284, +8.067,+0.963
1658056020,+3.07,+16.250, +8.072,+0.963
1658056620,+3.07,+16.258, +8.081,+0.963
1658057220,+3.07,+16.181, +8.113,+0.963
1658057820,+3.07,+16.215, +8.125,+0.963
1658058420,+3.07,+16.130, +8.223,+0.963
1658059020,+3.07,+16.181, +8.101,+0.963
1658059620,+3.07,+16.173, +8.097,+0.962
1658060220,+3.07,+16.139, +8.097,+0.963
1658060820,+3.07,+16.139, +8.086,+0.963
1658061420,+3.07,+16.130, +8.086,+0.963
1658062020,+3.07,+16.122, +8.084,+0.963
1658062620,+3.07,+16.087, +8.090,+0.963
1658063220,+3.07,+16.079, +8.077,+0.962
1658063820,+3.07,+16.079, +8.088,+0.963
1658064420,+3.07,+16.079, +8.073,+0.963
1658065020,+3.07,+16.053, +8.069,+0.963
1658065620,+3.07,+16.079, +8.056,+0.963
1658066220,+3.07,+16.062, +8.066,+0.963
1658066820,+3.07,+16.079, +8.064,+0.963
1658067420,+3.07,+16.104, +8.064,+0.963
1658068020,+3.07,+16.104, +8.070,+0.963
1658068620,+3.07,+16.104, +8.066,+0.963
1658069220,+3.07,+16.104, +8.076,+0.963
1658069820,+3.07,+16.113, +8.064,+0.963
1658070420,+3.07,+16.130, +8.056,+0.963
1658071020,+3.07,+16.130, +8.061,+0.963
1658071620,+3.07,+16.173, +8.060,+0.962
1658072220,+3.07,+16.198, +8.079,+0.964
1658072820,+3.07,+16.156, +8.123,+0.963
1658073420,+3.07,+16.139, +8.140,+0.963
1658074020,+3.07,+16.130, +8.150,+0.963
1658074620,+3.07,+16.002, +8.295,+0.962
1658075220,+3.07,+16.045, +8.214,+0.964
1658075820,+3.07,+16.087, +8.169,+0.963
1658076420,+3.07,+16.062, +8.234,+0.963
1658077020,+3.07,+16.173, +8.152,+0.963
1658077620,+3.07,+16.156, +8.341,+0.963
1658078220,+3.07,+16.215, +8.197,+0.963
1658078820,+3.07,+16.173, +8.080,+0.963
1658079420,+3.07,+16.130, +8.020,+0.962
1658080020,+3.07,+16.104, +8.025,+0.963
1658080620,+3.07,+16.113, +8.035,+0.963
