7450-027328
OS REV: 1.05 Sensor Cal: 1592497139
Time (sec),  BV (Volts),  T (deg C),  DO (mg/l),  Q ()
1659473220,+3.06,+18.620, +7.994,+0.961
1659473820,+3.06,+18.595, +8.017,+0.961
1659474420,+3.06,+18.611, +8.029,+0.961
1659475020,+3.06,+18.603, +7.963,+0.961
1659475620,+3.06,+18.670, +7.964,+0.962
1659476220,+3.06,+18.662, +7.967,+0.961
1659476820,+3.06,+18.687, +7.981,+0.961
1659477420,+3.06,+18.696, +8.104,+0.962
1659478020,+3.06,+18.712, +8.133,+0.962
1659478620,+3.06,+18.712, +8.068,+0.961
1659479220,+3.06,+18.763, +8.132,+0.962
1659479820,+3.06,+18.754, +8.151,+0.961
1659480420,+3.06,+18.771, +8.127,+0.961
1659481020,+3.06,+18.822, +8.039,+0.962
1659481620,+3.06,+18.813, +8.004,+0.961
1659482220,+3.06,+18.830, +7.992,+0.961
1659482820,+3.06,+18.830, +8.004,+0.961
1659483420,+3.06,+18.872, +8.007,+0.961
1659484020,+3.06,+18.838, +8.027,+0.960
1659484620,+3.06,+18.830, +8.036,+0.961
1659485220,+3.06,+18.847, +8.043,+0.962
1659485820,+3.06,+18.838, +8.046,+0.961
1659486420,+3.06,+18.847, +8.060,+0.962
1659487020,+3.06,+18.838, +8.069,+0.962
1659487620,+3.06,+18.830, +8.052,+0.961
1659488220,+3.06,+18.813, +8.059,+0.961
1659488820,+3.06,+18.771, +8.053,+0.962
1659489420,+3.06,+18.788, +7.971,+0.961
1659490020,+3.06,+18.763, +8.020,+0.962
1659490620,+3.06,+18.721, +8.007,+0.961
1659491220,+3.06,+18.729, +8.055,+0.962
1659491820,+3.06,+18.687, +8.113,+0.961
1659492420,+3.06,+18.628, +8.131,+0.962
1659493020,+3.06,+18.628, +8.127,+0.960
1659493620,+3.06,+18.628, +8.140,+0.961
1659494220,+3.06,+18.603, +8.155,+0.962
1659494820,+3.06,+18.595, +8.140,+0.961
1659495420,+3.06,+18.595, +8.127,+0.961
1659496020,+3.06,+18.561, +8.138,+0.961
1659496620,+3.06,+18.544, +8.136,+0.961
1659497220,+3.06,+18.527, +8.149,+0.962
1659497820,+3.06,+18.519, +8.167,+0.962
1659498420,+3.06,+18.510, +8.101,+0.962
1659499020,+3.06,+18.477, +8.060,+0.961
1659499620,+3.06,+18.477, +8.095,+0.962
1659500220,+3.06,+18.451, +8.065,+0.961
1659500820,+3.06,+18.451, +8.079,+0.961
1659501420,+3.06,+18.443, +8.068,+0.961
1659502020,+3.06,+18.443, +8.094,+0.962
1659502620,+3.06,+18.426, +8.104,+0.961
1659503220,+3.06,+18.418, +8.091,+0.961
1659503820,+3.06,+18.401, +8.102,+0.962
1659504420,+3.06,+18.401, +8.085,+0.961
1659505020,+3.06,+18.367, +8.072,+0.961
1659505620,+3.06,+18.350, +8.069,+0.962
1659506220,+3.06,+18.350, +8.036,+0.962
1659506820,+3.06,+18.342, +8.037,+0.962
1659507420,+3.06,+18.342, +8.067,+0.961
1659508020,+3.06,+18.325, +8.059,+0.961
1659508620,+3.06,+18.308, +8.087,+0.962
1659509220,+3.06,+18.308, +8.054,+0.961
1659509820,+3.06,+18.291, +8.057,+0.961
1659510420,+3.06,+18.232, +8.049,+0.961
1659511020,+3.06,+18.266, +8.063,+0.961
1659511620,+3.06,+18.249, +8.061,+0.961
1659512220,+3.06,+18.241, +8.068,+0.961
1659512820,+3.06,+18.241, +8.087,+0.962
1659513420,+3.06,+18.207, +8.069,+0.962
1659514020,+3.06,+18.165, +8.083,+0.962
1659514620,+3.06,+18.157, +8.115,+0.961
1659515220,+3.06,+18.165, +8.089,+0.962
1659515820,+3.06,+18.157, +8.064,+0.961
1659516420,+3.06,+18.148, +8.101,+0.962
1659517020,+3.06,+18.140, +8.145,+0.962
1659517620,+3.06,+18.114, +8.052,+0.961
1659518220,+3.06,+18.123, +8.058,+0.962
1659518820,+3.06,+18.123, +8.024,+0.961
1659519420,+3.06,+18.106, +8.039,+0.961
1659520020,+3.06,+18.081, +8.060,+0.961
1659520620,+3.06,+18.064, +8.038,+0.961
1659521220,+3.06,+18.064, +8.061,+0.961
1659521820,+3.06,+18.038, +8.070,+0.962
1659522420,+3.06,+18.022, +8.057,+0.962
1659523020,+3.06,+18.022, +8.099,+0.962
1659523620,+3.06,+18.022, +8.075,+0.961
1659524220,+3.06,+18.005, +8.110,+0.962
1659524820,+3.06,+17.996, +8.066,+0.961
1659525420,+3.06,+17.963, +8.091,+0.961
1659526020,+3.06,+17.946, +8.127,+0.962
1659526620,+3.06,+17.954, +8.148,+0.963
1659527220,+3.06,+17.920, +8.127,+0.962
1659527820,+3.06,+17.903, +8.090,+0.962
1659528420,+3.06,+17.887, +8.148,+0.962
1659529020,+3.06,+17.903, +8.120,+0.962
1659529620,+3.06,+17.853, +8.137,+0.961
1659530220,+3.06,+17.844, +8.192,+0.962
1659530820,+3.06,+17.819, +8.191,+0.962
1659531420,+3.06,+17.777, +8.182,+0.962
1659532020,+3.06,+17.777, +8.180,+0.962
1659532620,+3.06,+17.768, +8.191,+0.962
1659533220,+3.06,+17.743, +8.189,+0.962
1659533820,+3.06,+17.718, +8.182,+0.962
1659534420,+3.06,+17.692, +8.166,+0.962
1659535020,+3.06,+17.718, +8.151,+0.961
1659535620,+3.06,+17.684, +8.162,+0.961
1659536220,+3.06,+17.650, +8.167,+0.962
1659536820,+3.06,+17.642, +8.130,+0.961
1659537420,+3.06,+17.608, +8.141,+0.961
1659538020,+3.06,+17.608, +8.150,+0.962
1659538620,+3.06,+17.582, +8.136,+0.962
1659539220,+3.06,+17.599, +8.164,+0.962
1659539820,+3.06,+17.582, +8.177,+0.962
1659540420,+3.06,+17.574, +8.157,+0.961
1659541020,+3.06,+17.549, +8.167,+0.962
1659541620,+3.06,+17.557, +8.181,+0.961
1659542220,+3.06,+17.574, +8.160,+0.961
1659542820,+3.06,+17.549, +8.171,+0.962
1659543420,+3.06,+17.565, +8.156,+0.962
1659544020,+3.06,+17.582, +8.169,+0.962
1659544620,+3.06,+17.540, +8.176,+0.962
1659545220,+3.06,+17.574, +8.161,+0.961
1659545820,+3.06,+17.549, +8.206,+0.962
1659546420,+3.06,+17.591, +8.193,+0.962
1659547020,+3.06,+17.574, +8.220,+0.962
1659547620,+3.06,+17.599, +8.194,+0.961
1659548220,+3.06,+17.616, +8.196,+0.961
1659548820,+3.06,+17.616, +8.203,+0.962
1659549420,+3.06,+17.642, +8.175,+0.961
1659550020,+3.06,+17.633, +8.182,+0.962
1659550620,+3.06,+17.667, +8.173,+0.961
1659551220,+3.06,+17.658, +8.172,+0.962
1659551820,+3.06,+17.675, +8.173,+0.962
1659552420,+3.06,+17.667, +8.164,+0.962
1659553020,+3.06,+17.701, +8.155,+0.962
1659553620,+3.06,+17.701, +8.157,+0.962
1659554220,+3.06,+17.709, +8.158,+0.961
1659554820,+3.06,+17.726, +8.151,+0.962
1659555420,+3.06,+17.718, +8.151,+0.961
1659556020,+3.06,+17.718, +8.163,+0.962
1659556620,+3.06,+17.751, +8.157,+0.962
1659557220,+3.06,+17.777, +8.141,+0.961
1659557820,+3.06,+17.794, +8.141,+0.961
1659558420,+3.06,+17.802, +8.137,+0.961
1659559020,+3.06,+17.811, +8.138,+0.962
1659559620,+3.06,+17.802, +8.160,+0.962
