7450-671179
OS REV: 1.04 Sensor Cal: 1560966684
Time (sec),  BV (Volts),  T (deg C),  DO (mg/l),  Q ()
1631514540,+3.02,+15.775, +8.888,+0.975
1631515140,+3.02,+15.749, +8.882,+0.976
1631515740,+3.02,+15.749, +8.876,+0.975
1631516340,+3.02,+15.749, +8.874,+0.975
1631516940,+3.02,+15.758, +8.862,+0.975
1631517540,+3.02,+15.732, +8.858,+0.975
1631518140,+3.02,+15.749, +8.820,+0.975
1631518740,+3.02,+15.758, +8.844,+0.975
1631519340,+3.02,+15.741, +8.827,+0.975
1631519940,+3.02,+15.732, +8.850,+0.975
1631520540,+3.02,+15.749, +8.848,+0.975
1631521140,+3.02,+15.707, +8.853,+0.975
1631521740,+3.02,+15.715, +8.836,+0.975
1631522340,+3.02,+15.732, +8.857,+0.975
1631522940,+3.02,+15.707, +8.852,+0.975
1631523540,+3.02,+15.724, +8.856,+0.975
1631524140,+3.02,+15.715, +8.863,+0.975
1631524740,+3.02,+15.698, +8.878,+0.975
1631525340,+3.02,+15.689, +8.864,+0.975
1631525940,+3.02,+15.698, +8.864,+0.975
1631526540,+3.02,+15.698, +8.885,+0.975
1631527140,+3.02,+15.698, +8.863,+0.975
1631527740,+3.02,+15.689, +8.847,+0.975
1631528340,+3.02,+15.689, +8.878,+0.976
1631528940,+3.01,+15.672, +8.861,+0.975
1631529540,+3.02,+15.681, +8.875,+0.975
1631530140,+3.02,+15.672, +8.864,+0.975
1631530740,+3.02,+15.672, +8.845,+0.975
1631531340,+3.02,+15.681, +8.855,+0.975
1631531940,+3.01,+15.664, +8.844,+0.975
1631532540,+3.02,+15.681, +8.852,+0.975
1631533140,+3.01,+15.664, +8.860,+0.975
1631533740,+3.02,+15.681, +8.864,+0.976
1631534340,+3.02,+15.672, +8.855,+0.975
1631534940,+3.02,+15.647, +8.847,+0.975
1631535540,+3.02,+15.655, +8.833,+0.974
1631536140,+3.02,+15.664, +8.828,+0.975
1631536740,+3.02,+15.647, +8.825,+0.975
1631537340,+3.02,+15.655, +8.831,+0.976
1631537940,+3.02,+15.655, +8.811,+0.975
1631538540,+3.02,+15.638, +8.788,+0.975
1631539140,+3.02,+15.621, +8.835,+0.975
1631539740,+3.02,+15.630, +8.821,+0.975
1631540340,+3.02,+15.647, +8.798,+0.975
1631540940,+3.02,+15.621, +8.799,+0.974
1631541540,+3.02,+15.655, +8.830,+0.975
1631542140,+3.02,+15.647, +8.819,+0.975
1631542740,+3.02,+15.647, +8.851,+0.975
1631543340,+3.02,+15.638, +8.869,+0.975
1631543940,+3.02,+15.630, +8.874,+0.975
1631544540,+3.02,+15.638, +8.859,+0.975
1631545140,+3.02,+15.655, +8.868,+0.975
1631545740,+3.02,+15.638, +8.874,+0.975
1631546340,+3.01,+15.647, +8.867,+0.975
1631546940,+3.02,+15.638, +8.888,+0.975
1631547540,+3.02,+15.638, +8.881,+0.975
1631548140,+3.02,+15.655, +8.890,+0.975
1631548740,+3.02,+15.647, +8.895,+0.975
1631549340,+3.01,+15.647, +8.901,+0.975
1631549940,+3.02,+15.630, +8.920,+0.975
1631550540,+3.02,+15.664, +8.911,+0.975
1631551140,+3.02,+15.655, +8.937,+0.975
1631551740,+3.02,+15.655, +8.921,+0.975
1631552340,+3.02,+15.672, +8.925,+0.975
1631552940,+3.02,+15.672, +8.935,+0.975
1631553540,+3.01,+15.655, +8.921,+0.975
1631554140,+3.01,+15.655, +8.972,+0.975
1631554740,+3.02,+15.681, +8.943,+0.975
1631555340,+3.02,+15.698, +9.004,+0.975
1631555940,+3.01,+15.689, +8.975,+0.975
1631556540,+3.02,+15.707, +8.970,+0.975
1631557140,+3.02,+15.707, +8.982,+0.975
1631557740,+3.02,+15.715, +9.024,+0.975
1631558340,+3.02,+15.715, +8.992,+0.975
1631558940,+3.02,+15.749, +9.048,+0.975
1631559540,+3.02,+15.749, +9.038,+0.975
1631560140,+3.02,+15.741, +9.024,+0.975
1631560740,+3.02,+15.741, +8.982,+0.975
1631561340,+3.02,+15.741, +9.007,+0.975
1631561940,+3.02,+15.741, +8.983,+0.975
1631562540,+3.02,+15.749, +9.029,+0.975
1631563140,+3.02,+15.758, +9.000,+0.975
1631563740,+3.02,+15.775, +9.055,+0.975
1631564340,+3.02,+15.809, +9.043,+0.975
1631564940,+3.02,+15.818, +9.054,+0.975
1631565540,+3.02,+15.861, +9.060,+0.975
1631566140,+3.02,+15.843, +9.097,+0.975
1631566740,+3.02,+15.895, +9.122,+0.975
1631567340,+3.02,+15.861, +9.115,+0.975
1631567940,+3.02,+15.878, +9.084,+0.975
1631568540,+3.02,+15.895, +9.060,+0.974
1631569140,+3.02,+15.886, +9.063,+0.975
1631569740,+3.02,+15.912, +9.047,+0.974
1631570340,+3.02,+15.878, +9.076,+0.975
1631570940,+3.02,+15.895, +9.063,+0.975
1631571540,+3.02,+15.937, +9.022,+0.975
1631572140,+3.02,+15.989, +9.030,+0.975
1631572740,+3.02,+15.980, +9.007,+0.975
1631573340,+3.02,+15.997, +9.045,+0.975
1631573940,+3.02,+15.997, +9.002,+0.975
1631574540,+3.02,+15.972, +8.991,+0.975
1631575140,+3.02,+15.989, +8.939,+0.975
1631575740,+3.02,+15.955, +8.938,+0.975
1631576340,+3.02,+15.963, +8.934,+0.975
1631576940,+3.02,+15.972, +8.925,+0.975
1631577540,+3.02,+15.955, +8.903,+0.975
1631578140,+3.02,+15.955, +8.894,+0.975
1631578740,+3.02,+15.972, +8.885,+0.975
1631579340,+3.02,+15.946, +8.880,+0.975
1631579940,+3.02,+15.972, +8.867,+0.974
1631580540,+3.02,+15.955, +8.898,+0.975
1631581140,+3.02,+15.937, +8.894,+0.975
1631581740,+3.02,+15.955, +8.882,+0.975
1631582340,+3.02,+15.972, +8.873,+0.975
1631582940,+3.02,+15.972, +8.905,+0.975
1631583540,+3.02,+15.963, +8.886,+0.975
1631584140,+3.02,+15.963, +8.884,+0.975
1631584740,+3.02,+15.963, +8.853,+0.975
1631585340,+3.02,+15.946, +8.857,+0.975
1631585940,+3.02,+15.955, +8.850,+0.975
1631586540,+3.02,+15.955, +8.855,+0.975
1631587140,+3.02,+15.955, +8.871,+0.975
1631587740,+3.02,+15.937, +8.893,+0.975
1631588340,+3.02,+15.929, +8.875,+0.974
1631588940,+3.02,+15.963, +8.875,+0.975
1631589540,+3.02,+15.946, +8.887,+0.975
1631590140,+3.02,+15.912, +8.885,+0.975
1631590740,+3.02,+15.929, +8.865,+0.975
1631591340,+3.02,+15.886, +8.846,+0.974
1631591940,+3.02,+15.912, +8.881,+0.975
1631592540,+3.02,+15.895, +8.871,+0.975
1631593140,+3.02,+15.895, +8.858,+0.975
1631593740,+3.02,+15.861, +8.875,+0.975
1631594340,+3.02,+15.869, +8.874,+0.975
1631594940,+3.02,+15.869, +8.948,+0.975
1631595540,+3.02,+15.852, +8.932,+0.975
1631596140,+3.02,+15.835, +8.939,+0.975
1631596740,+3.02,+15.826, +8.922,+0.974
1631597340,+3.02,+15.835, +8.905,+0.975
1631597940,+3.02,+15.818, +8.926,+0.975
1631598540,+3.02,+15.809, +8.917,+0.975
1631599140,+3.02,+15.818, +8.929,+0.975
1631599740,+3.02,+15.809, +8.934,+0.975
1631600340,+3.02,+15.809, +8.921,+0.975
1631600940,+3.02,+15.792, +8.907,+0.975
